chr1	21054725	21054726	rs646786	chr1	21054201	21055000	16_EnhW1	0
chr1	21055890	21055891	rs609880	chr1	21055001	21055200	17_EnhW2	691
chr1	21056381	21056382	rs10916855	chr1	21055001	21055200	17_EnhW2	1182
chr1	21057010	21057011	rs531044	chr1	21055001	21055200	17_EnhW2	1811
chr1	21058654	21058655	rs113664832	chr1	21055001	21055200	17_EnhW2	3455
chr1	21063310	21063311	rs529162	chr1	21055001	21055200	17_EnhW2	8111
chr1	21067094	21067095	rs541464	chr1	21055001	21055200	17_EnhW2	11895
chr1	21072576	21072577	rs667687	chr1	21055001	21055200	17_EnhW2	17377
chr1	21079424	21079425	rs658851	chr1	21055001	21055200	17_EnhW2	24225
chr1	21091860	21091861	rs1985278	chr1	21055001	21055200	17_EnhW2	36661
chr1	21105993	21105994	rs495522	chr1	21055001	21055200	17_EnhW2	50794
chr1	21120591	21120592	rs10916863	chr1	21055001	21055200	17_EnhW2	65392
chr1	21122516	21122517	rs3927683	chr1	21055001	21055200	17_EnhW2	67317
chr1	21128419	21128420	rs3121071	chr1	21055001	21055200	17_EnhW2	73220
chr1	21146421	21146422	rs2100382	chr1	21210401	21210600	17_EnhW2	63980
chr1	21165175	21165176	rs4654875	chr1	21210401	21210600	17_EnhW2	45226
chr1	21170810	21170811	rs12042978	chr1	21210401	21210600	17_EnhW2	39591
chr1	21173401	21173402	rs10916878	chr1	21210401	21210600	17_EnhW2	37000
chr1	21190511	21190512	rs6695218	chr1	21210401	21210600	17_EnhW2	19890
chr1	21191429	21191430	rs3816455	chr1	21210401	21210600	17_EnhW2	18972
chr1	21199973	21199974	rs10916891	chr1	21210401	21210600	17_EnhW2	10428
chr1	21208706	21208707	rs9660908	chr1	21210401	21210600	17_EnhW2	1695
chr1	21234471	21234472	rs7536710	chr1	21233201	21233400	17_EnhW2	1072
chr1	21241431	21241432	rs6699704	chr1	21233201	21233400	17_EnhW2	8032
chr1	21254592	21254593	rs17450586	chr1	21262401	21263000	17_EnhW2	7809
chr1	21258711	21258712	rs6698440	chr1	21262401	21263000	17_EnhW2	3690
chr1	21261087	21261088	rs10916907	chr1	21262401	21263000	17_EnhW2	1314
chr1	21264307	21264308	rs17450813	chr1	21262401	21263000	17_EnhW2	1308
chr1	21265096	21265097	rs10442633	chr1	21262401	21263000	17_EnhW2	2097
chr1	21274670	21274671	rs10799673	chr1	21274801	21275000	17_EnhW2	131
chr1	21277140	21277141	rs3820326	chr1	21277001	21277200	17_EnhW2	0
chr1	21277710	21277711	rs1453265	chr1	21277001	21277200	17_EnhW2	511
chr1	21278244	21278245	rs33931928	chr1	21277001	21277200	17_EnhW2	1045
chr1	21282944	21282945	rs12137408	chr1	21277001	21277200	17_EnhW2	5745
chr1	21289400	21289401	rs66593105	chr1	21291201	21292800	17_EnhW2	1801
chr1	21289952	21289953	rs371690500	chr1	21291201	21292800	17_EnhW2	1249
chr1	21290060	21290061	rs10916911	chr1	21291201	21292800	17_EnhW2	1141
chr1	21290519	21290520	rs6669077	chr1	21291201	21292800	17_EnhW2	682
chr1	21295598	21295599	rs6697284	chr1	21291201	21292800	17_EnhW2	2799
chr1	21298904	21298905	rs4262515	chr1	21291201	21292800	17_EnhW2	6105
chr1	21305595	21305596	rs4654893	chr1	21291201	21292800	17_EnhW2	12796
chr1	21306160	21306161	rs12021529	chr1	21319001	21320800	17_EnhW2	12841
chr1	21306305	21306306	rs6691200	chr1	21319001	21320800	17_EnhW2	12696
chr1	21307985	21307986	rs11802179	chr1	21319001	21320800	17_EnhW2	11016
chr1	21307993	21307994	rs11802180	chr1	21319001	21320800	17_EnhW2	11008
chr1	21308235	21308236	rs10799675	chr1	21319001	21320800	17_EnhW2	10766
chr1	21310091	21310092	rs7540023	chr1	21319001	21320800	17_EnhW2	8910
chr1	21316622	21316623	rs12026318	chr1	21319001	21320800	17_EnhW2	2379
chr1	21316781	21316782	rs34740989	chr1	21319001	21320800	17_EnhW2	2220
chr1	21322784	21322785	rs10799678	chr1	21319001	21320800	17_EnhW2	1985
chr1	21324490	21324491	rs2874367	chr1	21319001	21320800	17_EnhW2	3691
chr1	21324759	21324760	rs906254	chr1	21319001	21320800	17_EnhW2	3960
chr1	21335893	21335894	rs6688147	chr1	21348801	21349000	17_EnhW2	12908
chr1	21337312	21337313	rs4654732	chr1	21348801	21349000	17_EnhW2	11489
chr1	21337321	21337322	rs12070677	chr1	21348801	21349000	17_EnhW2	11480
chr1	21341050	21341051	rs6689852	chr1	21348801	21349000	17_EnhW2	7751
chr1	21341292	21341293	rs6698462	chr1	21348801	21349000	17_EnhW2	7509
chr1	21343933	21343934	rs2874366	chr1	21348801	21349000	17_EnhW2	4868
chr1	21347489	21347490	rs60618419	chr1	21348801	21349000	17_EnhW2	1312
chr1	21350690	21350691	rs34602121	chr1	21349401	21349600	15_EnhAF	1091
chr1	21351052	21351053	rs10916922	chr1	21349401	21349600	15_EnhAF	1453
chr1	21352184	21352185	rs6694455	chr1	21349401	21349600	15_EnhAF	2585
chr1	21361180	21361181	rs10799680	chr1	21369601	21370000	17_EnhW2	8421
chr1	21362377	21362378	rs6685914	chr1	21369601	21370000	17_EnhW2	7224
chr1	21369567	21369568	rs6668370	chr1	21369601	21370000	17_EnhW2	34
chr1	21375162	21375163	rs964466	chr1	21369601	21370000	17_EnhW2	5163
chr1	21376450	21376451	rs6658679	chr1	21369601	21370000	17_EnhW2	6451
chr1	21380173	21380174	rs28564968	chr1	21369601	21370000	17_EnhW2	10174
chr1	21380823	21380824	rs56368046	chr1	21369601	21370000	17_EnhW2	10824
chr1	21382204	21382205	rs6426665	chr1	21369601	21370000	17_EnhW2	12205
chr1	21391874	21391875	rs1354792	chr1	21369601	21370000	17_EnhW2	21875
chr1	21392095	21392096	rs2320826	chr1	21369601	21370000	17_EnhW2	22096
chr1	21395132	21395133	rs12567861	chr1	21369601	21370000	17_EnhW2	25133
chr1	21395356	21395357	rs10916930	chr1	21369601	21370000	17_EnhW2	25357
chr1	21396215	21396216	rs6426667	chr1	21369601	21370000	17_EnhW2	26216
chr1	21397070	21397071	rs12078457	chr1	21369601	21370000	17_EnhW2	27071
chr1	21400217	21400218	rs7521711	chr1	21427201	21427400	17_EnhW2	26984
chr1	21403347	21403348	rs7531381	chr1	21427201	21427400	17_EnhW2	23854
chr1	21404652	21404653	rs1567128	chr1	21427201	21427400	17_EnhW2	22549
chr1	21410790	21410791	rs7539512	chr1	21427201	21427400	17_EnhW2	16411
chr1	21412247	21412248	rs10753510	chr1	21427201	21427400	17_EnhW2	14954
chr1	21414918	21414919	rs12134838	chr1	21427201	21427400	17_EnhW2	12283
chr1	21421812	21421813	rs6693055	chr1	21427201	21427400	17_EnhW2	5389
chr1	21422020	21422021	rs4654900	chr1	21427201	21427400	17_EnhW2	5181
chr1	21423024	21423025	rs35913932	chr1	21427201	21427400	17_EnhW2	4177
chr1	21424029	21424030	rs10799682	chr1	21427201	21427400	17_EnhW2	3172
chr1	21432111	21432112	rs10916935	chr1	21427601	21428600	17_EnhW2	3512
chr1	21436380	21436381	rs11577267	chr1	21427601	21428600	17_EnhW2	7781
chr1	21437223	21437224	rs34412948	chr1	21427601	21428600	17_EnhW2	8624
chr1	21446121	21446122	rs12028354	chr1	21453001	21453400	17_EnhW2	6880
chr1	21447479	21447480	rs7530739	chr1	21453001	21453400	17_EnhW2	5522
chr1	21447934	21447935	rs12402486	chr1	21453001	21453400	17_EnhW2	5067
chr1	21455558	21455559	rs7556221	chr1	21453001	21453400	17_EnhW2	2159
chr1	21457813	21457814	rs201823220	chr1	21453001	21453400	17_EnhW2	4414
chr1	21458150	21458151	rs9426652	chr1	21453001	21453400	17_EnhW2	4751
chr1	21459903	21459904	rs1971351	chr1	21453001	21453400	17_EnhW2	6504
chr1	21461369	21461370	rs4537519	chr1	21453001	21453400	17_EnhW2	7970
chr1	21462777	21462778	rs9426732	chr1	21453001	21453400	17_EnhW2	9378
chr1	21464386	21464387	rs6668094	chr1	21453001	21453400	17_EnhW2	10987
chr1	21471605	21471606	rs12035087	chr1	21476401	21477000	18_EnhAc	4796
chr1	21471826	21471827	rs56373332	chr1	21476401	21477000	18_EnhAc	4575
chr1	21474081	21474082	rs10218778	chr1	21476401	21477000	18_EnhAc	2320
chr1	21474479	21474480	rs10218584	chr1	21476401	21477000	18_EnhAc	1922
chr1	21487230	21487231	rs4457549	chr1	21476401	21477000	18_EnhAc	10231
chr1	21492530	21492531	rs10753514	chr1	21476401	21477000	18_EnhAc	15531
chr1	21499837	21499838	rs10916947	chr1	21476401	21477000	18_EnhAc	22838
chr1	21504278	21504279	rs6690574	chr1	21476401	21477000	18_EnhAc	27279
chr1	21505463	21505464	rs11589969	chr1	21476401	21477000	18_EnhAc	28464
chr1	21505826	21505827	rs11590433	chr1	21476401	21477000	18_EnhAc	28827
chr1	21505930	21505931	rs9426736	chr1	21476401	21477000	18_EnhAc	28931
chr1	21505931	21505932	rs9426656	chr1	21476401	21477000	18_EnhAc	28932
chr1	21506275	21506276	rs12097415	chr1	21476401	21477000	18_EnhAc	29276
chr1	21506703	21506704	rs200201723	chr1	21476401	21477000	18_EnhAc	29704
chr1	21506929	21506930	rs4060971	chr1	21476401	21477000	18_EnhAc	29930
chr1	21509641	21509642	rs4654906	chr1	21476401	21477000	18_EnhAc	32642
chr1	21513682	21513683	rs9426738	chr1	21543601	21544800	17_EnhW2	29919
chr1	21515666	21515667	rs6661993	chr1	21543601	21544800	17_EnhW2	27935
chr1	21516106	21516107	rs6702331	chr1	21543601	21544800	17_EnhW2	27495
chr1	21517360	21517361	rs17453044	chr1	21543601	21544800	17_EnhW2	26241
chr1	21520448	21520449	rs9426660	chr1	21543601	21544800	17_EnhW2	23153
chr1	21520505	21520506	rs9426661	chr1	21543601	21544800	17_EnhW2	23096
chr1	21524296	21524297	rs7551785	chr1	21543601	21544800	17_EnhW2	19305
chr1	21525227	21525228	rs1609558	chr1	21543601	21544800	17_EnhW2	18374
chr1	21526678	21526679	rs202061872	chr1	21543601	21544800	17_EnhW2	16923
chr1	21529746	21529747	rs7517720	chr1	21543601	21544800	17_EnhW2	13855
chr1	21530176	21530177	rs111497043	chr1	21543601	21544800	17_EnhW2	13425
chr1	21537561	21537562	rs9426742	chr1	21543601	21544800	17_EnhW2	6040
chr1	43760069	43760070	rs7520981	chr1	43759801	43761200	17_EnhW2	0
chr1	43760235	43760236	rs7549876	chr1	43759801	43761200	17_EnhW2	0
chr1	43761650	43761651	rs4660253	chr1	43761401	43763200	17_EnhW2	0
chr1	43764083	43764084	rs3120047	chr1	43761401	43763200	17_EnhW2	884
chr1	43764164	43764165	rs3120124	chr1	43761401	43763200	17_EnhW2	965
chr1	43765088	43765089	rs1209384	chr1	43765201	43765600	17_EnhW2	113
chr1	43766425	43766426	rs3768046	chr1	43765201	43765600	17_EnhW2	826
chr1	43767267	43767268	rs6690243	chr1	43765201	43765600	17_EnhW2	1668
chr1	43767899	43767900	rs4660729	chr1	43770001	43770200	17_EnhW2	2102
chr1	43769920	43769921	rs1556580	chr1	43770001	43770200	17_EnhW2	81
chr1	43771015	43771016	rs3831248	chr1	43770001	43770200	17_EnhW2	816
chr1	43771089	43771090	rs3120044	chr1	43770001	43770200	17_EnhW2	890
chr1	43771659	43771660	rs3120122	chr1	43770001	43770200	17_EnhW2	1460
chr1	43772189	43772190	rs1556581	chr1	43770001	43770200	17_EnhW2	1990
chr1	43773032	43773033	rs2275180	chr1	43770001	43770200	17_EnhW2	2833
chr1	43774127	43774128	rs71036620	chr1	43770001	43770200	17_EnhW2	3928
chr1	43774291	43774292	rs1467808	chr1	43770001	43770200	17_EnhW2	4092
chr1	43774436	43774437	rs1467809	chr1	43770001	43770200	17_EnhW2	4237
chr1	43774877	43774878	rs2282226	chr1	43770001	43770200	17_EnhW2	4678
chr1	43779563	43779564	rs3120276	chr1	43783801	43784200	17_EnhW2	4238
chr1	43779868	43779869	rs2991990	chr1	43783801	43784200	17_EnhW2	3933
chr1	43782845	43782846	rs1198982	chr1	43783801	43784200	17_EnhW2	956
chr1	43784955	43784956	rs1199039	chr1	43783801	43784200	17_EnhW2	756
chr1	43786350	43786351	rs1098184	chr1	43783801	43784200	17_EnhW2	2151
chr1	43788857	43788858	rs866332	chr1	43783801	43784200	17_EnhW2	4658
chr1	43792806	43792807	rs12076751	chr1	43795601	43795800	17_EnhW2	2795
chr1	43793898	43793899	rs1209702	chr1	43795601	43795800	17_EnhW2	1703
chr1	43800000	43800001	rs1199038	chr1	43796401	43796600	17_EnhW2	3401
chr1	43801185	43801186	rs12058355	chr1	43796401	43796600	17_EnhW2	4586
chr1	43803119	43803120	rs839993	chr1	43796401	43796600	17_EnhW2	6520
chr1	43803221	43803222	rs710252	chr1	43809801	43810000	17_EnhW2	6580
chr1	43807074	43807075	rs1749959	chr1	43809801	43810000	17_EnhW2	2727
chr1	43807538	43807539	rs35732878	chr1	43809801	43810000	17_EnhW2	2263
chr1	43808519	43808520	rs111888775	chr1	43809801	43810000	17_EnhW2	1282
chr1	43808604	43808605	rs374643640	chr1	43809801	43810000	17_EnhW2	1197
chr1	43811404	43811405	rs1199036	chr1	43809801	43810000	17_EnhW2	1405
chr1	43812074	43812075	rs1760670	chr1	43809801	43810000	17_EnhW2	2075
chr1	43814863	43814864	rs839995	chr1	43815801	43816000	16_EnhW1	938
chr1	43816531	43816532	rs839996	chr1	43816001	43816400	17_EnhW2	132
chr1	43821070	43821071	rs72669002	chr1	43816001	43816400	17_EnhW2	4671
chr1	43821855	43821856	rs1760669	chr1	43816001	43816400	17_EnhW2	5456
chr1	43824488	43824489	rs2069378	chr1	43816001	43816400	17_EnhW2	8089
chr1	43825643	43825644	rs839763	chr1	43816001	43816400	17_EnhW2	9244
chr1	43833373	43833374	rs839764	chr1	43816001	43816400	17_EnhW2	16974
chr1	43834373	43834374	rs3834088	chr1	43816001	43816400	17_EnhW2	17974
chr1	43834997	43834998	rs839765	chr1	43816001	43816400	17_EnhW2	18598
chr1	43836927	43836928	rs652941	chr1	43816001	43816400	17_EnhW2	20528
chr1	43837849	43837850	rs839766	chr1	43816001	43816400	17_EnhW2	21450
chr1	43841743	43841744	rs11587504	chr1	43816001	43816400	17_EnhW2	25344
chr1	43842170	43842171	rs685756	chr1	43816001	43816400	17_EnhW2	25771
chr1	43842361	43842362	rs143796540	chr1	43816001	43816400	17_EnhW2	25962
chr1	43842628	43842629	rs4141739	chr1	43816001	43816400	17_EnhW2	26229
chr1	43842826	43842827	rs4141740	chr1	43816001	43816400	17_EnhW2	26427
chr1	43842999	43843000	rs4141741	chr1	43816001	43816400	17_EnhW2	26600
chr1	43844167	43844168	rs66559745	chr1	43816001	43816400	17_EnhW2	27768
chr1	43845657	43845658	rs11210839	chr1	43816001	43816400	17_EnhW2	29258
chr1	43850472	43850473	rs11172	chr1	43816001	43816400	17_EnhW2	34073
chr1	43855545	43855546	rs839752	chr1	43816001	43816400	17_EnhW2	39146
chr1	43855909	43855910	rs839754	chr1	43816001	43816400	17_EnhW2	39510
chr1	43856409	43856410	rs839755	chr1	43816001	43816400	17_EnhW2	40010
chr1	43858629	43858630	rs1004291	chr1	43816001	43816400	17_EnhW2	42230
chr1	43858636	43858637	rs999288	chr1	43816001	43816400	17_EnhW2	42237
chr1	43862157	43862158	rs839758	chr1	43816001	43816400	17_EnhW2	45758
chr1	43863459	43863460	rs839759	chr1	43816001	43816400	17_EnhW2	47060
chr1	43863494	43863495	rs839760	chr1	43816001	43816400	17_EnhW2	47095
chr1	43863856	43863857	rs839761	chr1	43816001	43816400	17_EnhW2	47457
chr1	43869234	43869235	rs710249	chr1	43918401	43918600	17_EnhW2	49167
chr1	43871272	43871273	rs17573239	chr1	43918401	43918600	17_EnhW2	47129
chr1	43871622	43871623	rs839768	chr1	43918401	43918600	17_EnhW2	46779
chr1	43872066	43872067	rs839769	chr1	43918401	43918600	17_EnhW2	46335
chr1	43873373	43873374	rs839770	chr1	43918401	43918600	17_EnhW2	45028
chr1	43873468	43873469	rs839771	chr1	43918401	43918600	17_EnhW2	44933
chr1	43873482	43873483	rs839772	chr1	43918401	43918600	17_EnhW2	44919
chr1	43874201	43874202	rs839773	chr1	43918401	43918600	17_EnhW2	44200
chr1	43875818	43875819	rs3001721	chr1	43918401	43918600	17_EnhW2	42583
chr1	43877700	43877701	rs2152112	chr1	43918401	43918600	17_EnhW2	40701
chr1	43878799	43878800	rs9793186	chr1	43918401	43918600	17_EnhW2	39602
chr1	43879010	43879011	rs9793527	chr1	43918401	43918600	17_EnhW2	39391
chr1	43879392	43879393	rs35533173	chr1	43918401	43918600	17_EnhW2	39009
chr1	43880095	43880096	rs72671121	chr1	43918401	43918600	17_EnhW2	38306
chr1	43880123	43880124	rs2782638	chr1	43918401	43918600	17_EnhW2	38278
chr1	43883747	43883748	rs55935510	chr1	43918401	43918600	17_EnhW2	34654
chr1	43883914	43883915	rs55663821	chr1	43918401	43918600	17_EnhW2	34487
chr1	43884656	43884657	rs2842177	chr1	43918401	43918600	17_EnhW2	33745
chr1	43886320	43886321	rs2782642	chr1	43918401	43918600	17_EnhW2	32081
chr1	43886493	43886494	rs2782643	chr1	43918401	43918600	17_EnhW2	31908
chr1	43887145	43887146	rs2782644	chr1	43918401	43918600	17_EnhW2	31256
chr1	43888601	43888602	rs2782645	chr1	43918401	43918600	17_EnhW2	29800
chr1	43892188	43892189	rs2782646	chr1	43918401	43918600	17_EnhW2	26213
chr1	43899626	43899627	rs2842179	chr1	43918401	43918600	17_EnhW2	18775
chr1	43901010	43901011	rs2039531	chr1	43918401	43918600	17_EnhW2	17391
chr1	43901457	43901458	rs2782647	chr1	43918401	43918600	17_EnhW2	16944
chr1	43901915	43901916	rs2842180	chr1	43918401	43918600	17_EnhW2	16486
chr1	43903588	43903589	rs2782648	chr1	43918401	43918600	17_EnhW2	14813
chr1	43904315	43904316	rs2842184	chr1	43918401	43918600	17_EnhW2	14086
chr1	43905818	43905819	rs2782649	chr1	43918401	43918600	17_EnhW2	12583
chr1	43906481	43906482	rs1572272	chr1	43918401	43918600	17_EnhW2	11920
chr1	43906895	43906896	rs2027130	chr1	43918401	43918600	17_EnhW2	11506
chr1	43909264	43909265	rs2255632	chr1	43918401	43918600	17_EnhW2	9137
chr1	43910042	43910043	rs2842193	chr1	43918401	43918600	17_EnhW2	8359
chr1	43912589	43912590	rs2782650	chr1	43918401	43918600	17_EnhW2	5812
chr1	43917408	43917409	rs2251804	chr1	43918401	43918600	17_EnhW2	993
chr1	43917636	43917637	rs2251802	chr1	43918401	43918600	17_EnhW2	765
chr1	43920944	43920945	rs2842195	chr1	43920401	43920800	16_EnhW1	145
chr1	43921383	43921384	rs1334973	chr1	43920401	43920800	16_EnhW1	584
chr1	43924165	43924166	rs2494994	chr1	43920401	43920800	16_EnhW1	3366
chr1	43926265	43926266	rs2992036	chr1	43920401	43920800	16_EnhW1	5466
chr1	43926304	43926305	rs2782652	chr1	43920401	43920800	16_EnhW1	5505
chr1	43926714	43926715	rs2262984	chr1	43920401	43920800	16_EnhW1	5915
chr1	43927410	43927411	rs2842196	chr1	43920401	43920800	16_EnhW1	6611
chr1	43927876	43927877	rs2842197	chr1	43920401	43920800	16_EnhW1	7077
chr1	43929987	43929988	rs2782657	chr1	43937401	43938000	17_EnhW2	7414
chr1	43930737	43930738	rs2842198	chr1	43937401	43938000	17_EnhW2	6664
chr1	46022441	46022442	rs9429085	chr1	46010601	46011000	17_EnhW2	11442
chr1	46023934	46023935	rs3014220	chr1	46010601	46011000	17_EnhW2	12935
chr1	46024453	46024454	rs3014219	chr1	46010601	46011000	17_EnhW2	13454
chr1	46024504	46024505	rs592214	chr1	46010601	46011000	17_EnhW2	13505
chr1	46024525	46024526	rs2991975	chr1	46010601	46011000	17_EnhW2	13526
chr1	46026327	46026328	rs3014218	chr1	46038601	46038800	17_EnhW2	12274
chr1	46027072	46027073	rs61147066	chr1	46038601	46038800	17_EnhW2	11529
chr1	46027354	46027355	rs512083	chr1	46038601	46038800	17_EnhW2	11247
chr1	46028376	46028377	rs7525459	chr1	46038601	46038800	17_EnhW2	10225
chr1	46028749	46028750	rs36095202	chr1	46038601	46038800	17_EnhW2	9852
chr1	46032973	46032974	rs2088102	chr1	46038601	46038800	17_EnhW2	5628
chr1	46033264	46033265	rs2356416	chr1	46038601	46038800	17_EnhW2	5337
chr1	46033265	46033266	rs2356415	chr1	46038601	46038800	17_EnhW2	5336
chr1	46033299	46033300	rs2088101	chr1	46038601	46038800	17_EnhW2	5302
chr1	46035759	46035760	rs3014216	chr1	46038601	46038800	17_EnhW2	2842
chr1	46037557	46037558	rs2934858	chr1	46038601	46038800	17_EnhW2	1044
chr1	46039611	46039612	rs2934857	chr1	46039001	46040200	17_EnhW2	0
chr1	46046437	46046438	rs12727696	chr1	46042201	46042400	17_EnhW2	4038
chr1	46051954	46051955	rs5773885	chr1	46042201	46042400	17_EnhW2	9555
chr1	46051968	46051969	rs5773886	chr1	46042201	46042400	17_EnhW2	9569
chr1	46059834	46059835	rs35385027	chr1	46042201	46042400	17_EnhW2	17435
chr1	46073488	46073489	rs2230657	chr1	46042201	46042400	17_EnhW2	31089
chr1	46080529	46080530	rs2991985	chr1	46042201	46042400	17_EnhW2	38130
chr1	46085240	46085241	rs77377065	chr1	46042201	46042400	17_EnhW2	42841
chr1	46085241	46085242	rs61789988	chr1	46042201	46042400	17_EnhW2	42842
chr1	46090213	46090214	rs3014238	chr1	46042201	46042400	17_EnhW2	47814
chr1	46094235	46094236	rs4391704	chr1	46042201	46042400	17_EnhW2	51836
chr1	46098256	46098257	rs11587650	chr1	46042201	46042400	17_EnhW2	55857
chr1	46109303	46109304	rs5021934	chr1	46042201	46042400	17_EnhW2	66904
chr1	46110228	46110229	rs5773888	chr1	46042201	46042400	17_EnhW2	67829
chr1	46110571	46110572	rs4660312	chr1	46042201	46042400	17_EnhW2	68172
chr1	46113271	46113272	rs4468203	chr1	46042201	46042400	17_EnhW2	70872
chr1	46116291	46116292	rs4660882	chr1	46042201	46042400	17_EnhW2	73892
chr1	46124087	46124088	rs6656279	chr1	46196201	46196600	17_EnhW2	72114
chr1	46124662	46124663	rs6671802	chr1	46196201	46196600	17_EnhW2	71539
chr1	46128355	46128356	rs3013597	chr1	46196201	46196600	17_EnhW2	67846
chr1	46135295	46135296	rs34574128	chr1	46196201	46196600	17_EnhW2	60906
chr1	46137999	46138000	rs3013594	chr1	46196201	46196600	17_EnhW2	58202
chr1	46144866	46144867	rs11329739	chr1	46196201	46196600	17_EnhW2	51335
chr1	46149208	46149209	rs72688483	chr1	46196201	46196600	17_EnhW2	46993
chr1	46153202	46153203	rs3013595	chr1	46196201	46196600	17_EnhW2	42999
chr1	46156087	46156088	rs3013596	chr1	46196201	46196600	17_EnhW2	40114
chr1	46163732	46163733	rs3014247	chr1	46196201	46196600	17_EnhW2	32469
chr1	46163973	46163974	rs3014243	chr1	46196201	46196600	17_EnhW2	32228
chr1	46185659	46185660	rs28635845	chr1	46196201	46196600	17_EnhW2	10542
chr1	46189553	46189554	rs28378621	chr1	46196201	46196600	17_EnhW2	6648
chr1	46189781	46189782	rs28538325	chr1	46196201	46196600	17_EnhW2	6420
chr1	46201451	46201452	rs141535981	chr1	46196201	46196600	17_EnhW2	4852
chr1	46206398	46206399	rs28647556	chr1	46196201	46196600	17_EnhW2	9799
chr1	46209206	46209207	rs28844317	chr1	46196201	46196600	17_EnhW2	12607
chr1	46216574	46216575	rs6429576	chr1	46196201	46196600	17_EnhW2	19975
chr1	46217940	46217941	rs4274104	chr1	46196201	46196600	17_EnhW2	21341
chr1	46219802	46219803	rs4353138	chr1	46196201	46196600	17_EnhW2	23203
chr1	46223085	46223086	rs11211176	chr1	46196201	46196600	17_EnhW2	26486
chr1	46228390	46228391	rs12025621	chr1	46196201	46196600	17_EnhW2	31791
chr1	46229343	46229344	rs71062708	chr1	46196201	46196600	17_EnhW2	32744
chr1	46232419	46232420	rs12404197	chr1	46268001	46268600	16_EnhW1	35582
chr1	46232722	46232723	rs6703960	chr1	46268001	46268600	16_EnhW1	35279
chr1	46239990	46239991	rs12027345	chr1	46268001	46268600	16_EnhW1	28011
chr1	46243755	46243756	rs4660885	chr1	46268001	46268600	16_EnhW1	24246
chr1	46248644	46248645	rs4626927	chr1	46268001	46268600	16_EnhW1	19357
chr1	46248976	46248977	rs7514192	chr1	46268001	46268600	16_EnhW1	19025
chr1	46250872	46250873	rs6683500	chr1	46268001	46268600	16_EnhW1	17129
chr1	46254717	46254718	rs11211188	chr1	46268001	46268600	16_EnhW1	13284
chr1	46255003	46255004	rs6661163	chr1	46268001	46268600	16_EnhW1	12998
chr1	46256326	46256327	rs61783169	chr1	46268001	46268600	16_EnhW1	11675
chr1	46256328	46256329	rs61783170	chr1	46268001	46268600	16_EnhW1	11673
chr1	46261583	46261584	rs11211189	chr1	46268001	46268600	16_EnhW1	6418
chr1	46261603	46261604	rs36089056	chr1	46268001	46268600	16_EnhW1	6398
chr1	46266931	46266932	rs7524495	chr1	46268001	46268600	16_EnhW1	1070
chr1	46271051	46271052	rs12411269	chr1	46268001	46268600	16_EnhW1	2452
chr1	46282294	46282295	rs11211195	chr1	46268001	46268600	16_EnhW1	13695
chr1	46282295	46282296	rs11211196	chr1	46268001	46268600	16_EnhW1	13696
chr1	46282465	46282466	rs11211197	chr1	46268001	46268600	16_EnhW1	13866
chr1	46282672	46282673	rs11211198	chr1	46268001	46268600	16_EnhW1	14073
chr1	46283627	46283628	rs10890352	chr1	46268001	46268600	16_EnhW1	15028
chr1	46284245	46284246	rs6700597	chr1	46268001	46268600	16_EnhW1	15646
chr1	46284923	46284924	rs35652191	chr1	46268001	46268600	16_EnhW1	16324
chr1	46285460	46285461	rs6695809	chr1	46268001	46268600	16_EnhW1	16861
chr1	46286505	46286506	rs59059194	chr1	46268001	46268600	16_EnhW1	17906
chr1	46287868	46287869	rs11211199	chr1	46268001	46268600	16_EnhW1	19269
chr1	46288069	46288070	rs11350415	chr1	46268001	46268600	16_EnhW1	19470
chr1	46288845	46288846	rs4376778	chr1	46268001	46268600	16_EnhW1	20246
chr1	46289415	46289416	rs6694340	chr1	46268001	46268600	16_EnhW1	20816
chr1	46290587	46290588	rs6672898	chr1	46268001	46268600	16_EnhW1	21988
chr1	46290631	46290632	rs6661910	chr1	46268001	46268600	16_EnhW1	22032
chr1	46292353	46292354	rs7539932	chr1	46314001	46314800	17_EnhW2	21648
chr1	46293330	46293331	rs5773894	chr1	46314001	46314800	17_EnhW2	20671
chr1	46295671	46295672	rs7526532	chr1	46314001	46314800	17_EnhW2	18330
chr1	46297402	46297403	rs61783200	chr1	46314001	46314800	17_EnhW2	16599
chr1	46298729	46298730	rs10688312	chr1	46314001	46314800	17_EnhW2	15272
chr1	46299109	46299110	rs12565042	chr1	46314001	46314800	17_EnhW2	14892
chr1	46300188	46300189	rs6680380	chr1	46314001	46314800	17_EnhW2	13813
chr1	46304176	46304177	rs10789475	chr1	46314001	46314800	17_EnhW2	9825
chr1	46305346	46305347	rs10890354	chr1	46314001	46314800	17_EnhW2	8655
chr1	46307808	46307809	rs6697557	chr1	46314001	46314800	17_EnhW2	6193
chr1	46309419	46309420	rs6701614	chr1	46314001	46314800	17_EnhW2	4582
chr1	46310220	46310221	rs12032115	chr1	46314001	46314800	17_EnhW2	3781
chr1	46311274	46311275	rs6666743	chr1	46314001	46314800	17_EnhW2	2727
chr1	46311622	46311623	rs35154628	chr1	46314001	46314800	17_EnhW2	2379
chr1	46312480	46312481	rs12739439	chr1	46314001	46314800	17_EnhW2	1521
chr1	46312495	46312496	rs34512504	chr1	46314001	46314800	17_EnhW2	1506
chr1	46314615	46314616	rs9787208	chr1	46314001	46314800	17_EnhW2	0
chr1	46315006	46315007	rs6680211	chr1	46314001	46314800	17_EnhW2	207
chr1	46315228	46315229	rs6680428	chr1	46314001	46314800	17_EnhW2	429
chr1	46315591	46315592	rs11211203	chr1	46314001	46314800	17_EnhW2	792
chr1	46316507	46316508	rs35427966	chr1	46314001	46314800	17_EnhW2	1708
chr1	46318184	46318185	rs4457512	chr1	46314001	46314800	17_EnhW2	3385
chr1	46318282	46318283	rs4579700	chr1	46314001	46314800	17_EnhW2	3483
chr1	46318488	46318489	rs34209473	chr1	46314001	46314800	17_EnhW2	3689
chr1	46321842	46321843	rs6429582	chr1	46314001	46314800	17_EnhW2	7043
chr1	46324164	46324165	rs61783217	chr1	46314001	46314800	17_EnhW2	9365
chr1	46325872	46325873	rs10522196	chr1	46314001	46314800	17_EnhW2	11073
chr1	46326225	46326226	rs4660317	chr1	46314001	46314800	17_EnhW2	11426
chr1	46328209	46328210	rs10749860	chr1	46314001	46314800	17_EnhW2	13410
chr1	46329883	46329884	rs6688365	chr1	46314001	46314800	17_EnhW2	15084
chr1	46332418	46332419	rs5773895	chr1	46314001	46314800	17_EnhW2	17619
chr1	46333067	46333068	rs6656992	chr1	46314001	46314800	17_EnhW2	18268
chr1	46334255	46334256	rs11211208	chr1	46314001	46314800	17_EnhW2	19456
chr1	46335311	46335312	rs61783220	chr1	46314001	46314800	17_EnhW2	20512
chr1	46338216	46338217	rs7540325	chr1	46314001	46314800	17_EnhW2	23417
chr1	46338584	46338585	rs7540699	chr1	46314001	46314800	17_EnhW2	23785
chr1	46341622	46341623	rs4660319	chr1	46314001	46314800	17_EnhW2	26823
chr1	46342516	46342517	rs11211213	chr1	46314001	46314800	17_EnhW2	27717
chr1	46346233	46346234	rs10890361	chr1	46373201	46373400	17_EnhW2	26968
chr1	46349725	46349726	rs72490358	chr1	46373201	46373400	17_EnhW2	23476
chr1	46350934	46350935	rs12139630	chr1	46373201	46373400	17_EnhW2	22267
chr1	46351718	46351719	rs7550746	chr1	46373201	46373400	17_EnhW2	21483
chr1	46352445	46352446	rs12144263	chr1	46373201	46373400	17_EnhW2	20756
chr1	46354509	46354510	rs6668284	chr1	46373201	46373400	17_EnhW2	18692
chr1	46355078	46355079	rs7515491	chr1	46373201	46373400	17_EnhW2	18123
chr1	46356147	46356148	rs10890363	chr1	46373201	46373400	17_EnhW2	17054
chr1	46358830	46358831	rs12409773	chr1	46373201	46373400	17_EnhW2	14371
chr1	46358881	46358882	rs12410070	chr1	46373201	46373400	17_EnhW2	14320
chr1	46358885	46358886	rs12410071	chr1	46373201	46373400	17_EnhW2	14316
chr1	46360053	46360054	rs4545281	chr1	46373201	46373400	17_EnhW2	13148
chr1	46363879	46363880	rs7556436	chr1	46373201	46373400	17_EnhW2	9322
chr1	46366759	46366760	rs4660321	chr1	46373201	46373400	17_EnhW2	6442
chr1	46371104	46371105	rs6697843	chr1	46373201	46373400	17_EnhW2	2097
chr1	46371485	46371486	rs6698247	chr1	46373201	46373400	17_EnhW2	1716
chr1	46371773	46371774	rs6675946	chr1	46373201	46373400	17_EnhW2	1428
chr1	46374158	46374159	rs7526678	chr1	46373801	46374800	17_EnhW2	0
chr1	46378267	46378268	rs6686134	chr1	46378201	46379000	17_EnhW2	0
chr1	46380236	46380237	rs12564541	chr1	46379201	46380000	17_EnhW2	237
chr1	46381129	46381130	rs10890367	chr1	46379201	46380000	17_EnhW2	1130
chr1	46381238	46381239	rs35945607	chr1	46379201	46380000	17_EnhW2	1239
chr1	46381321	46381322	rs10890369	chr1	46379201	46380000	17_EnhW2	1322
chr1	46382440	46382441	rs61102033	chr1	46379201	46380000	17_EnhW2	2441
chr1	46383582	46383583	rs10789481	chr1	46387001	46388000	17_EnhW2	3419
chr1	46384325	46384326	rs12405451	chr1	46387001	46388000	17_EnhW2	2676
chr1	46384387	46384388	rs11211224	chr1	46387001	46388000	17_EnhW2	2614
chr1	46386869	46386870	rs6660835	chr1	46387001	46388000	17_EnhW2	132
chr1	46394314	46394315	rs6656022	chr1	46394201	46394400	18_EnhAc	0
chr1	46395088	46395089	rs4134386	chr1	46395001	46395200	14_EnhA2	0
chr1	46396775	46396776	rs12561806	chr1	46395801	46396800	17_EnhW2	0
chr1	46397940	46397941	rs6669522	chr1	46395801	46396800	17_EnhW2	1141
chr1	46400589	46400590	rs6677007	chr1	46401401	46402400	17_EnhW2	812
chr1	46400977	46400978	rs6661593	chr1	46401401	46402400	17_EnhW2	424
chr1	46402170	46402171	rs4660898	chr1	46401401	46402400	17_EnhW2	0
chr1	46403356	46403357	rs7533956	chr1	46401401	46402400	17_EnhW2	957
chr1	46406766	46406767	rs11211230	chr1	46408401	46408800	17_EnhW2	1635
chr1	46407209	46407210	rs34325724	chr1	46408401	46408800	17_EnhW2	1192
chr1	46407251	46407252	rs35743647	chr1	46408401	46408800	17_EnhW2	1150
chr1	46418899	46418900	rs35599360	chr1	46419001	46419600	17_EnhW2	102
chr1	46419020	46419021	rs7522601	chr1	46419001	46419600	17_EnhW2	0
chr1	46420220	46420221	rs10789487	chr1	46419601	46420400	14_EnhA2	0
chr1	46424863	46424864	rs34102169	chr1	46423401	46423800	17_EnhW2	1064
chr1	46428212	46428213	rs140958972	chr1	46423401	46423800	17_EnhW2	4413
chr1	46431152	46431153	rs12757810	chr1	46434601	46435200	17_EnhW2	3449
chr1	46431239	46431240	rs12740503	chr1	46434601	46435200	17_EnhW2	3362
chr1	46432100	46432101	rs7520047	chr1	46434601	46435200	17_EnhW2	2501
chr1	46432104	46432105	rs7520050	chr1	46434601	46435200	17_EnhW2	2497
chr1	46434106	46434107	rs34857925	chr1	46434601	46435200	17_EnhW2	495
chr1	46434548	46434549	rs35057147	chr1	46434601	46435200	17_EnhW2	53
chr1	46438075	46438076	rs4076006	chr1	46434601	46435200	17_EnhW2	2876
chr1	46438786	46438787	rs11211234	chr1	46434601	46435200	17_EnhW2	3587
chr1	46441635	46441636	rs11311600	chr1	46434601	46435200	17_EnhW2	6436
chr1	46441648	46441649	rs367917283	chr1	46434601	46435200	17_EnhW2	6449
chr1	46447839	46447840	rs12760175	chr1	46460201	46460400	17_EnhW2	12362
chr1	46452682	46452683	rs11211241	chr1	46460201	46460400	17_EnhW2	7519
chr1	46455570	46455571	rs4504835	chr1	46460201	46460400	17_EnhW2	4631
chr1	46458152	46458153	rs4638056	chr1	46460201	46460400	17_EnhW2	2049
chr1	46460045	46460046	rs11576305	chr1	46460201	46460400	17_EnhW2	156
chr1	46461121	46461122	rs36096604	chr1	46460201	46460400	17_EnhW2	722
chr1	46461368	46461369	rs7556615	chr1	46460201	46460400	17_EnhW2	969
chr1	46462880	46462881	rs4073846	chr1	46460201	46460400	17_EnhW2	2481
chr1	46465842	46465843	rs4233500	chr1	46467801	46468000	17_EnhW2	1959
chr1	46466390	46466391	rs11579634	chr1	46467801	46468000	17_EnhW2	1411
chr1	46466720	46466721	rs11589562	chr1	46467801	46468000	17_EnhW2	1081
chr1	46469762	46469763	rs12143096	chr1	46467801	46468000	17_EnhW2	1763
chr1	46470877	46470878	rs4440807	chr1	46467801	46468000	17_EnhW2	2878
chr1	46472421	46472422	rs12049588	chr1	46467801	46468000	17_EnhW2	4422
chr1	46472758	46472759	rs12021587	chr1	46467801	46468000	17_EnhW2	4759
chr1	46478792	46478793	rs11810993	chr1	46484601	46485000	17_EnhW2	5809
chr1	46483870	46483871	rs34175029	chr1	46484601	46485000	17_EnhW2	731
chr1	46485547	46485548	rs946529	chr1	46485201	46486000	17_EnhW2	0
chr1	46487551	46487552	rs2275426	chr1	46485201	46486000	17_EnhW2	1552
chr1	46492143	46492144	rs785479	chr1	46485201	46486000	17_EnhW2	6144
chr1	46493459	46493460	rs1707336	chr1	46485201	46486000	17_EnhW2	7460
chr1	46497499	46497500	rs9429088	chr1	46502801	46503200	17_EnhW2	5302
chr1	46504720	46504721	rs11211251	chr1	46502801	46503200	17_EnhW2	1521
chr1	46505308	46505309	rs1707321	chr1	46502801	46503200	17_EnhW2	2109
chr1	46505576	46505577	rs72463289	chr1	46502801	46503200	17_EnhW2	2377
chr1	46513011	46513012	rs1612092	chr1	46509801	46510000	18_EnhAc	3012
chr1	46514941	46514942	rs1707340	chr1	46509801	46510000	18_EnhAc	4942
chr1	46516862	46516863	rs785473	chr1	46509801	46510000	18_EnhAc	6863
chr1	46518287	46518288	rs785472	chr1	46509801	46510000	18_EnhAc	8288
chr1	46518676	46518677	rs785471	chr1	46509801	46510000	18_EnhAc	8677
chr1	46523088	46523089	rs785464	chr1	46509801	46510000	18_EnhAc	13089
chr1	46523550	46523551	rs35767332	chr1	46509801	46510000	18_EnhAc	13551
chr1	46524581	46524582	rs9429183	chr1	46509801	46510000	18_EnhAc	14582
chr1	46528598	46528599	rs1768816	chr1	46509801	46510000	18_EnhAc	18599
chr1	46529839	46529840	rs11211252	chr1	46509801	46510000	18_EnhAc	19840
chr1	46534497	46534498	rs785511	chr1	46509801	46510000	18_EnhAc	24498
chr1	46538039	46538040	rs809775	chr1	46509801	46510000	18_EnhAc	28040
chr1	46544223	46544224	rs1085242	chr1	46509801	46510000	18_EnhAc	34224
chr1	46544767	46544768	rs1085243	chr1	46509801	46510000	18_EnhAc	34768
chr1	46545723	46545724	rs2486447	chr1	46580601	46581200	16_EnhW1	34878
chr1	46546207	46546208	rs1768803	chr1	46580601	46581200	16_EnhW1	34394
chr1	46547034	46547035	rs1707333	chr1	46580601	46581200	16_EnhW1	33567
chr1	46548401	46548402	rs4660910	chr1	46580601	46581200	16_EnhW1	32200
chr1	46554517	46554518	rs785481	chr1	46580601	46581200	16_EnhW1	26084
chr1	46555299	46555300	rs785482	chr1	46580601	46581200	16_EnhW1	25302
chr1	46558113	46558114	rs4660911	chr1	46580601	46581200	16_EnhW1	22488
chr1	46560642	46560643	rs6675726	chr1	46580601	46581200	16_EnhW1	19959
chr1	46561037	46561038	rs75803325	chr1	46580601	46581200	16_EnhW1	19564
chr1	46562661	46562662	rs785515	chr1	46580601	46581200	16_EnhW1	17940
chr1	46563679	46563680	rs1085244	chr1	46580601	46581200	16_EnhW1	16922
chr1	46568835	46568836	rs785520	chr1	46580601	46581200	16_EnhW1	11766
chr1	46569690	46569691	rs9429094	chr1	46580601	46581200	16_EnhW1	10911
chr1	46571508	46571509	rs6662641	chr1	46580601	46581200	16_EnhW1	9093
chr1	46571920	46571921	rs1707335	chr1	46580601	46581200	16_EnhW1	8681
chr1	46572670	46572671	rs9429189	chr1	46580601	46581200	16_EnhW1	7931
chr1	46574423	46574424	rs785485	chr1	46580601	46581200	16_EnhW1	6178
chr1	46574849	46574850	rs199514041	chr1	46580601	46581200	16_EnhW1	5752
chr1	46576094	46576095	rs785488	chr1	46580601	46581200	16_EnhW1	4507
chr1	46576389	46576390	rs785489	chr1	46580601	46581200	16_EnhW1	4212
chr1	46576541	46576542	rs35534130	chr1	46580601	46581200	16_EnhW1	4060
chr1	46580434	46580435	rs71062738	chr1	46580601	46581200	16_EnhW1	167
chr1	46581443	46581444	rs785502	chr1	46581201	46581600	17_EnhW2	0
chr1	46583417	46583418	rs785491	chr1	46581201	46581600	17_EnhW2	1818
chr1	46583606	46583607	rs785492	chr1	46581201	46581600	17_EnhW2	2007
chr1	46586625	46586626	rs785494	chr1	46581201	46581600	17_EnhW2	5026
chr1	46587886	46587887	rs785495	chr1	46581201	46581600	17_EnhW2	6287
chr1	46588502	46588503	rs10890383	chr1	46581201	46581600	17_EnhW2	6903
chr1	46595867	46595868	rs785503	chr1	46599401	46599800	16_EnhW1	3534
chr1	46598268	46598269	rs1707304	chr1	46599401	46599800	16_EnhW1	1133
chr1	46598902	46598903	rs1355642	chr1	46599401	46599800	16_EnhW1	499
chr1	46604161	46604162	rs10535021	chr1	46599801	46600000	17_EnhW2	4162
chr1	46604314	46604315	rs1707308	chr1	46599801	46600000	17_EnhW2	4315
chr1	46605368	46605369	rs2486445	chr1	46599801	46600000	17_EnhW2	5369
chr1	46605727	46605728	rs1707334	chr1	46599801	46600000	17_EnhW2	5728
chr1	46609735	46609736	rs785475	chr1	46599801	46600000	17_EnhW2	9736
chr1	46610211	46610212	rs785476	chr1	46599801	46600000	17_EnhW2	10212
chr1	46610455	46610456	rs1618281	chr1	46599801	46600000	17_EnhW2	10456
chr1	46610781	46610782	rs1620877	chr1	46599801	46600000	17_EnhW2	10782
chr1	46611042	46611043	rs5773900	chr1	46599801	46600000	17_EnhW2	11043
chr1	46611043	46611044	rs1319055	chr1	46599801	46600000	17_EnhW2	11044
chr1	46614414	46614415	rs56724043	chr1	46599801	46600000	17_EnhW2	14415
chr1	46618391	46618392	rs12064594	chr1	46599801	46600000	17_EnhW2	18392
chr1	46619026	46619027	rs10493121	chr1	46637601	46637800	17_EnhW2	18575
chr1	46621739	46621740	rs7512966	chr1	46637601	46637800	17_EnhW2	15862
chr1	46623009	46623010	rs6661071	chr1	46637601	46637800	17_EnhW2	14592
chr1	46623096	46623097	rs12029005	chr1	46637601	46637800	17_EnhW2	14505
chr1	46624626	46624627	rs11211258	chr1	46637601	46637800	17_EnhW2	12975
chr1	46628542	46628543	rs12134419	chr1	46637601	46637800	17_EnhW2	9059
chr1	46629689	46629690	rs12029134	chr1	46637601	46637800	17_EnhW2	7912
chr1	46629901	46629902	rs12029936	chr1	46637601	46637800	17_EnhW2	7700
chr1	46635148	46635149	rs3845300	chr1	46637601	46637800	17_EnhW2	2453
chr1	46636383	46636384	rs11211259	chr1	46637601	46637800	17_EnhW2	1218
chr1	46641826	46641827	rs12030928	chr1	46640601	46641200	16_EnhW1	627
chr1	46643092	46643093	rs7536272	chr1	46640601	46641200	16_EnhW1	1893
chr1	46645523	46645524	rs3820082	chr1	46645401	46646400	17_EnhW2	0
chr1	46645680	46645681	rs3753363	chr1	46645401	46646400	17_EnhW2	0
chr1	57375717	57375718	rs682479	chr1	57382601	57382800	17_EnhW2	6884
chr1	57377171	57377172	rs638919	chr1	57382601	57382800	17_EnhW2	5430
chr1	57377578	57377579	rs687628	chr1	57382601	57382800	17_EnhW2	5023
chr1	57379671	57379672	rs607268	chr1	57382601	57382800	17_EnhW2	2930
chr1	57384296	57384297	rs676705	chr1	57382601	57382800	17_EnhW2	1497
chr1	57386274	57386275	rs713452	chr1	57382601	57382800	17_EnhW2	3475
chr1	57390428	57390429	rs587255	chr1	57397001	57397800	17_EnhW2	6573
chr1	57393553	57393554	rs633723	chr1	57397001	57397800	17_EnhW2	3448
chr1	57394115	57394116	rs620993	chr1	57397001	57397800	17_EnhW2	2886
chr1	57394162	57394163	rs620914	chr1	57397001	57397800	17_EnhW2	2839
chr1	57394167	57394168	rs620910	chr1	57397001	57397800	17_EnhW2	2834
chr1	57394177	57394178	rs620891	chr1	57397001	57397800	17_EnhW2	2824
chr1	57394615	57394616	rs55727201	chr1	57397001	57397800	17_EnhW2	2386
chr1	57394730	57394731	rs618184	chr1	57397001	57397800	17_EnhW2	2271
chr1	57395019	57395020	rs2795	chr1	57397001	57397800	17_EnhW2	1982
chr1	57395420	57395421	rs653804	chr1	57397001	57397800	17_EnhW2	1581
chr1	57395591	57395592	rs642535	chr1	57397001	57397800	17_EnhW2	1410
chr1	57395684	57395685	rs642120	chr1	57397001	57397800	17_EnhW2	1317
chr1	57395700	57395701	rs603804	chr1	57397001	57397800	17_EnhW2	1301
chr1	57395749	57395750	rs641714	chr1	57397001	57397800	17_EnhW2	1252
chr1	57396013	57396014	rs591730	chr1	57397001	57397800	17_EnhW2	988
chr1	57396541	57396542	rs638423	chr1	57397001	57397800	17_EnhW2	460
chr1	57397038	57397039	rs684844	chr1	57397001	57397800	17_EnhW2	0
chr1	57397081	57397082	rs684782	chr1	57397001	57397800	17_EnhW2	0
chr1	57397182	57397183	rs684304	chr1	57397001	57397800	17_EnhW2	0
chr1	57397300	57397301	rs683824	chr1	57397001	57397800	17_EnhW2	0
chr1	57397737	57397738	rs612563	chr1	57397001	57397800	17_EnhW2	0
chr1	57398377	57398378	rs668451	chr1	57397001	57397800	17_EnhW2	578
chr1	57399535	57399536	rs652962	chr1	57400201	57401000	17_EnhW2	666
chr1	57399925	57399926	rs581992	chr1	57400201	57401000	17_EnhW2	276
chr1	57402183	57402184	rs60465007	chr1	57400201	57401000	17_EnhW2	1184
chr1	57403802	57403803	rs684216	chr1	57404601	57405400	17_EnhW2	799
chr1	57404563	57404564	rs3216676	chr1	57404601	57405400	17_EnhW2	38
chr1	57405222	57405223	rs622904	chr1	57404601	57405400	17_EnhW2	0
chr1	57406926	57406927	rs628745	chr1	57404601	57405400	17_EnhW2	1527
chr1	57407483	57407484	rs626457	chr1	57404601	57405400	17_EnhW2	2084
chr1	59915097	59915098	rs12060527	chr1	59910801	59913000	17_EnhW2	2098
chr1	98387373	98387374	rs376029327	chr1	98372201	98372800	17_EnhW2	14574
chr1	98435391	98435392	rs11387389	chr1	98467801	98468400	17_EnhW2	32410
chr1	98443880	98443881	rs61789085	chr1	98467801	98468400	17_EnhW2	23921
chr1	98450671	98450672	rs12732155	chr1	98467801	98468400	17_EnhW2	17130
chr1	98480211	98480212	rs11165944	chr1	98467801	98468400	17_EnhW2	11812
chr1	98481749	98481750	rs6683447	chr1	98467801	98468400	17_EnhW2	13350
chr1	98500044	98500045	rs7554283	chr1	98525201	98525400	17_EnhW2	25157
chr1	98501010	98501011	rs4950101	chr1	98525201	98525400	17_EnhW2	24191
chr1	98527950	98527951	rs12567114	chr1	98525201	98525400	17_EnhW2	2551
chr1	98536320	98536321	rs145793613	chr1	98535001	98535800	17_EnhW2	521
chr1	98554408	98554409	rs7549825	chr1	98553201	98553400	18_EnhAc	1009
chr1	98568393	98568394	rs12731784	chr1	98569401	98569800	17_EnhW2	1008
chr1	98569655	98569656	rs1507061	chr1	98569401	98569800	17_EnhW2	0
chr1	98578158	98578159	rs11450533	chr1	98569401	98569800	17_EnhW2	8359
chr1	98586841	98586842	rs66472264	chr1	98569401	98569800	17_EnhW2	17042
chr1	98588586	98588587	rs1473476	chr1	98569401	98569800	17_EnhW2	18787
chr1	98588834	98588835	rs1473475	chr1	98569401	98569800	17_EnhW2	19035
chr1	179312385	179312386	rs10798662	chr1	179300001	179300200	17_EnhW2	12186
chr1	179312558	179312559	rs13306728	chr1	179300001	179300200	17_EnhW2	12359
chr1	179314719	179314720	rs10798665	chr1	179300001	179300200	17_EnhW2	14520
chr1	179315784	179315785	rs10913731	chr1	179300001	179300200	17_EnhW2	15585
chr1	179316366	179316367	rs10913732	chr1	179300001	179300200	17_EnhW2	16167
chr1	179317068	179317069	rs10913733	chr1	179300001	179300200	17_EnhW2	16869
chr1	179317711	179317712	rs12138619	chr1	179300001	179300200	17_EnhW2	17512
chr1	179319540	179319541	rs3753526	chr1	179335801	179336000	16_EnhW1	16261
chr1	179320577	179320578	rs13306731	chr1	179335801	179336000	16_EnhW1	15224
chr1	179322077	179322078	rs7523799	chr1	179335801	179336000	16_EnhW1	13724
chr1	179326349	179326350	rs41308413	chr1	179335801	179336000	16_EnhW1	9452
chr1	179326392	179326393	rs41315575	chr1	179335801	179336000	16_EnhW1	9409
chr1	179326586	179326587	rs41310929	chr1	179335801	179336000	16_EnhW1	9215
chr1	179327590	179327591	rs12047160	chr1	179335801	179336000	16_EnhW1	8211
chr1	179327957	179327958	rs12117333	chr1	179335801	179336000	16_EnhW1	7844
chr1	179328244	179328245	rs12144580	chr1	179335801	179336000	16_EnhW1	7557
chr1	179328546	179328547	rs61824395	chr1	179335801	179336000	16_EnhW1	7255
chr1	179329898	179329899	rs10753192	chr1	179335801	179336000	16_EnhW1	5903
chr1	179331493	179331494	rs67563284	chr1	179335801	179336000	16_EnhW1	4308
chr1	179334251	179334252	rs6425537	chr1	179335801	179336000	16_EnhW1	1550
chr1	179334933	179334934	rs10798670	chr1	179335801	179336000	16_EnhW1	868
chr1	179338326	179338327	rs975025	chr1	179335801	179336000	16_EnhW1	2327
chr1	179339261	179339262	rs16854009	chr1	179335801	179336000	16_EnhW1	3262
chr1	179341502	179341503	rs12073970	chr1	179335801	179336000	16_EnhW1	5503
chr1	179341707	179341708	rs61147874	chr1	179335801	179336000	16_EnhW1	5708
chr1	179341809	179341810	rs59334094	chr1	179335801	179336000	16_EnhW1	5810
chr1	179342847	179342848	rs150736438	chr1	179335801	179336000	16_EnhW1	6848
chr1	179343201	179343202	rs185967239	chr1	179335801	179336000	16_EnhW1	7202
chr1	179343202	179343203	rs190568649	chr1	179335801	179336000	16_EnhW1	7203
chr1	179343937	179343938	rs12130748	chr1	179335801	179336000	16_EnhW1	7938
chr1	179344116	179344117	rs201761127	chr1	179335801	179336000	16_EnhW1	8117
chr1	179344357	179344358	rs12130863	chr1	179335801	179336000	16_EnhW1	8358
chr1	179350422	179350423	rs10913742	chr1	179335801	179336000	16_EnhW1	14423
chr1	179352735	179352736	rs4077551	chr1	179335801	179336000	16_EnhW1	16736
chr1	179352924	179352925	rs4077552	chr1	179335801	179336000	16_EnhW1	16925
chr1	179354754	179354755	rs59863033	chr1	179335801	179336000	16_EnhW1	18755
chr1	179355142	179355143	rs35862298	chr1	179335801	179336000	16_EnhW1	19143
chr1	179355255	179355256	rs12403842	chr1	179335801	179336000	16_EnhW1	19256
chr1	179360200	179360201	rs12125826	chr1	179335801	179336000	16_EnhW1	24201
chr1	179360589	179360590	rs12130071	chr1	179335801	179336000	16_EnhW1	24590
chr1	179360952	179360953	rs10913745	chr1	179335801	179336000	16_EnhW1	24953
chr1	179362071	179362072	rs10913746	chr1	179335801	179336000	16_EnhW1	26072
chr1	179364371	179364372	rs12405133	chr1	179335801	179336000	16_EnhW1	28372
chr1	179366605	179366606	rs13374852	chr1	179335801	179336000	16_EnhW1	30606
chr1	179366954	179366955	rs74396784	chr1	179335801	179336000	16_EnhW1	30955
chr1	179368608	179368609	rs151085732	chr1	179335801	179336000	16_EnhW1	32609
chr1	179370120	179370121	rs61821540	chr1	179335801	179336000	16_EnhW1	34121
chr1	179373200	179373201	rs12073780	chr1	179335801	179336000	16_EnhW1	37201
chr1	179374050	179374051	rs12405874	chr1	179335801	179336000	16_EnhW1	38051
chr1	179375293	179375294	rs12141496	chr1	179335801	179336000	16_EnhW1	39294
chr1	179376895	179376896	rs4133136	chr1	179335801	179336000	16_EnhW1	40896
chr1	179380000	179380001	rs6674331	chr1	179335801	179336000	16_EnhW1	44001
chr1	179380518	179380519	rs10798676	chr1	179335801	179336000	16_EnhW1	44519
chr1	179387730	179387731	rs202196017	chr1	179335801	179336000	16_EnhW1	51731
chr1	179388096	179388097	rs139756273	chr1	179335801	179336000	16_EnhW1	52097
chr1	179392120	179392121	rs4394601	chr1	179335801	179336000	16_EnhW1	56121
chr1	179392832	179392833	rs60134062	chr1	179335801	179336000	16_EnhW1	56833
chr1	179398034	179398035	rs12124728	chr1	179335801	179336000	16_EnhW1	62035
chr1	179398975	179398976	rs61820978	chr1	179335801	179336000	16_EnhW1	62976
chr1	179400882	179400883	rs12120123	chr1	179335801	179336000	16_EnhW1	64883
chr1	179401502	179401503	rs12097041	chr1	179335801	179336000	16_EnhW1	65503
chr1	179402814	179402815	rs147461782	chr1	179335801	179336000	16_EnhW1	66815
chr1	179403009	179403010	rs116237045	chr1	179335801	179336000	16_EnhW1	67010
chr1	179403175	179403176	rs140656957	chr1	179335801	179336000	16_EnhW1	67176
chr1	179403512	179403513	rs12143971	chr1	179335801	179336000	16_EnhW1	67513
chr1	179403930	179403931	rs12069885	chr1	179335801	179336000	16_EnhW1	67931
chr1	179404626	179404627	rs12071134	chr1	179335801	179336000	16_EnhW1	68627
chr1	179407989	179407990	rs12118625	chr1	179335801	179336000	16_EnhW1	71990
chr1	179408710	179408711	rs138669322	chr1	179335801	179336000	16_EnhW1	72711
chr1	179408938	179408939	rs9660720	chr1	179335801	179336000	16_EnhW1	72939
chr1	179410962	179410963	rs10913758	chr1	179485801	179486200	17_EnhW2	74839
chr1	179412363	179412364	rs12073906	chr1	179485801	179486200	17_EnhW2	73438
chr1	179416394	179416395	rs12121501	chr1	179485801	179486200	17_EnhW2	69407
chr1	180898371	180898372	rs11589041	chr1	180897601	180898200	17_EnhW2	172
chr1	180901121	180901122	rs12144934	chr1	180897601	180898200	17_EnhW2	2922
chr1	180901238	180901239	rs7511914	chr1	180897601	180898200	17_EnhW2	3039
chr1	180903387	180903388	rs71121058	chr1	180904801	180905400	17_EnhW2	1414
chr1	180905351	180905352	rs3795505	chr1	180904801	180905400	17_EnhW2	0
chr1	180905447	180905448	rs3795504	chr1	180904801	180905400	17_EnhW2	48
chr1	180905693	180905694	rs3795503	chr1	180904801	180905400	17_EnhW2	294
chr1	180906305	180906306	rs10753228	chr1	180904801	180905400	17_EnhW2	906
chr1	180907052	180907053	rs6425656	chr1	180904801	180905400	17_EnhW2	1653
chr1	180908510	180908511	rs10914140	chr1	180910801	180911600	17_EnhW2	2291
chr1	180909060	180909061	rs1609829	chr1	180910801	180911600	17_EnhW2	1741
chr1	180909548	180909549	rs1831405	chr1	180910801	180911600	17_EnhW2	1253
chr1	180940587	180940588	rs883859	chr1	180921601	180922400	17_EnhW2	18188
chr1	180943528	180943529	rs1044595	chr1	180921601	180922400	17_EnhW2	21129
chr1	180944531	180944532	rs34521831	chr1	180921601	180922400	17_EnhW2	22132
chr1	180947607	180947608	rs4652545	chr1	180921601	180922400	17_EnhW2	25208
chr1	180948505	180948506	rs7516739	chr1	180921601	180922400	17_EnhW2	26106
chr1	180948573	180948574	rs7528526	chr1	180921601	180922400	17_EnhW2	26174
chr1	180948993	180948994	rs147763313	chr1	180921601	180922400	17_EnhW2	26594
chr1	180949130	180949131	rs4495657	chr1	180921601	180922400	17_EnhW2	26731
chr1	180949470	180949471	rs55867243	chr1	180921601	180922400	17_EnhW2	27071
chr1	180949627	180949628	rs6665134	chr1	180921601	180922400	17_EnhW2	27228
chr1	180949779	180949780	rs6680541	chr1	180921601	180922400	17_EnhW2	27380
chr1	180950125	180950126	rs10753232	chr1	180921601	180922400	17_EnhW2	27726
chr1	180950868	180950869	rs2331903	chr1	180921601	180922400	17_EnhW2	28469
chr1	180951042	180951043	rs3789364	chr1	180921601	180922400	17_EnhW2	28643
chr1	180951691	180951692	rs3789362	chr1	180921601	180922400	17_EnhW2	29292
chr1	180952293	180952294	rs57113693	chr1	180921601	180922400	17_EnhW2	29894
chr1	180952294	180952295	rs59145927	chr1	180921601	180922400	17_EnhW2	29895
chr1	180952515	180952516	rs12744212	chr1	180921601	180922400	17_EnhW2	30116
chr1	180953037	180953038	rs7543927	chr1	180921601	180922400	17_EnhW2	30638
chr1	180953852	180953853	rs3747957	chr1	180921601	180922400	17_EnhW2	31453
chr1	180954088	180954089	rs4652547	chr1	180921601	180922400	17_EnhW2	31689
chr1	180954129	180954130	rs4652548	chr1	180921601	180922400	17_EnhW2	31730
chr1	180954279	180954280	rs34435062	chr1	180921601	180922400	17_EnhW2	31880
chr1	180955459	180955460	rs58040967	chr1	180921601	180922400	17_EnhW2	33060
chr1	180956014	180956015	rs7553330	chr1	180921601	180922400	17_EnhW2	33615
chr1	180956194	180956195	rs7556005	chr1	180921601	180922400	17_EnhW2	33795
chr1	180956904	180956905	rs6425657	chr1	180921601	180922400	17_EnhW2	34505
chr1	180956927	180956928	rs59311970	chr1	180921601	180922400	17_EnhW2	34528
chr1	180956935	180956936	rs76560665	chr1	180921601	180922400	17_EnhW2	34536
chr1	180956984	180956985	rs6425658	chr1	180921601	180922400	17_EnhW2	34585
chr1	180957129	180957130	rs7528255	chr1	180921601	180922400	17_EnhW2	34730
chr1	180957961	180957962	rs12754041	chr1	180921601	180922400	17_EnhW2	35562
chr1	180958945	180958946	rs4111520	chr1	180921601	180922400	17_EnhW2	36546
chr1	180959695	180959696	rs5779077	chr1	180921601	180922400	17_EnhW2	37296
chr1	180961062	180961063	rs11410692	chr1	180921601	180922400	17_EnhW2	38663
chr1	180961120	180961121	rs71516924	chr1	180921601	180922400	17_EnhW2	38721
chr1	180961244	180961245	rs11586493	chr1	180921601	180922400	17_EnhW2	38845
chr1	180962281	180962282	rs1411478	chr1	180921601	180922400	17_EnhW2	39882
chr1	180962999	180963000	rs11446800	chr1	180921601	180922400	17_EnhW2	40600
chr1	180964077	180964078	rs58609840	chr1	180921601	180922400	17_EnhW2	41678
chr1	180986076	180986077	rs10797662	chr1	181012201	181012600	17_EnhW2	26125
chr1	180986250	180986251	rs10797663	chr1	181012201	181012600	17_EnhW2	25951
chr1	181011508	181011509	rs6667291	chr1	181012201	181012600	17_EnhW2	693
chr1	197311970	197311971	rs2821126	chr1	197315201	197315400	17_EnhW2	3231
chr1	197312433	197312434	rs2786104	chr1	197315201	197315400	17_EnhW2	2768
chr1	197312741	197312742	rs12061783	chr1	197315201	197315400	17_EnhW2	2460
chr1	197312941	197312942	rs10157465	chr1	197315201	197315400	17_EnhW2	2260
chr1	197314383	197314384	rs12068255	chr1	197315201	197315400	17_EnhW2	818
chr1	197315432	197315433	rs528352139	chr1	197315201	197315400	17_EnhW2	33
chr1	197316407	197316408	rs1572514	chr1	197315201	197315400	17_EnhW2	1008
chr1	197317087	197317088	rs57682620	chr1	197315201	197315400	17_EnhW2	1688
chr1	197318033	197318034	rs146593587	chr1	197315201	197315400	17_EnhW2	2634
chr1	197318308	197318309	rs113014813	chr1	197315201	197315400	17_EnhW2	2909
chr1	197321439	197321440	rs10922200	chr1	197315201	197315400	17_EnhW2	6040
chr1	197321450	197321451	rs10922201	chr1	197315201	197315400	17_EnhW2	6051
chr1	197323726	197323727	rs61458598	chr1	197315201	197315400	17_EnhW2	8327
chr1	197324561	197324562	rs112136107	chr1	197315201	197315400	17_EnhW2	9162
chr1	197324982	197324983	rs2821120	chr1	197315201	197315400	17_EnhW2	9583
chr1	197326372	197326373	rs61034691	chr1	197315201	197315400	17_EnhW2	10973
chr1	197327398	197327399	rs13375540	chr1	197315201	197315400	17_EnhW2	11999
chr1	197331807	197331808	rs2821111	chr1	197315201	197315400	17_EnhW2	16408
chr1	197335177	197335178	rs2821110	chr1	197353601	197354200	17_EnhW2	18424
chr1	197337667	197337668	rs17618450	chr1	197353601	197354200	17_EnhW2	15934
chr1	197339182	197339183	rs28553459	chr1	197353601	197354200	17_EnhW2	14419
chr1	197341900	197341901	rs76169311	chr1	197353601	197354200	17_EnhW2	11701
chr1	197366722	197366723	rs78568179	chr1	197353601	197354200	17_EnhW2	12523
chr1	197374883	197374884	rs188579526	chr1	197353601	197354200	17_EnhW2	20684
chr1	197375862	197375863	rs71700211	chr1	197353601	197354200	17_EnhW2	21663
chr1	197444228	197444229	rs12062841	chr1	197439401	197441000	17_EnhW2	3229
chr1	197447036	197447037	rs41302107	chr1	197439401	197441000	17_EnhW2	6037
chr1	197458862	197458863	rs78628589	chr1	197439401	197441000	17_EnhW2	17863
chr1	197477609	197477610	rs10922242	chr1	197476801	197477400	17_EnhW2	210
chr1	197480985	197480986	rs10494755	chr1	197476801	197477400	17_EnhW2	3586
chr1	197508543	197508544	rs12094881	chr1	197510001	197511400	17_EnhW2	1458
chr1	197536772	197536773	rs111371365	chr1	197510001	197511400	17_EnhW2	25373
chr1	197552812	197552813	rs113633618	chr1	197564201	197564600	17_EnhW2	11389
chr1	197557272	197557273	rs12094462	chr1	197564201	197564600	17_EnhW2	6929
chr1	197559289	197559290	rs75007359	chr1	197564201	197564600	17_EnhW2	4912
chr1	197560251	197560252	rs78259147	chr1	197564201	197564600	17_EnhW2	3950
chr1	197566413	197566414	rs10922264	chr1	197564201	197564600	17_EnhW2	1814
chr1	197579126	197579127	rs112883537	chr1	197588401	197588800	17_EnhW2	9275
chr1	197612246	197612247	rs10922269	chr1	197602601	197603200	17_EnhW2	9047
chr1	197615192	197615193	rs114848122	chr1	197602601	197603200	17_EnhW2	11993
chr1	197617435	197617436	rs10494761	chr1	197602601	197603200	17_EnhW2	14236
chr1	197649940	197649941	rs10801621	chr1	197651601	197653400	17_EnhW2	1661
chr1	197696571	197696572	rs111238846	chr1	197702601	197702800	17_EnhW2	6030
chr1	197708876	197708877	rs74541273	chr1	197706001	197706400	17_EnhW2	2477
chr1	197730558	197730559	rs17641842	chr1	197706001	197706400	17_EnhW2	24159
chr1	197730728	197730729	rs17567921	chr1	197706001	197706400	17_EnhW2	24329
chr1	197735596	197735597	rs6661330	chr1	197706001	197706400	17_EnhW2	29197
chr1	197742947	197742948	rs6685897	chr1	197768401	197768800	17_EnhW2	25454
chr1	197746228	197746229	rs151133986	chr1	197768401	197768800	17_EnhW2	22173
chr1	197756098	197756099	rs76250973	chr1	197768401	197768800	17_EnhW2	12303
chr1	197760170	197760171	rs113807376	chr1	197768401	197768800	17_EnhW2	8231
chr1	197767960	197767961	rs111891253	chr1	197768401	197768800	17_EnhW2	441
chr1	197774101	197774102	rs12079329	chr1	197776601	197780000	17_EnhW2	2500
chr1	197779784	197779785	rs7415533	chr1	197776601	197780000	17_EnhW2	0
chr1	197780794	197780795	rs112562413	chr1	197780201	197782800	17_EnhW2	0
chr1	197783257	197783258	rs77220366	chr1	197782801	197783400	15_EnhAF	0
chr1	197784341	197784342	rs2358488	chr1	197784201	197784600	17_EnhW2	0
chr1	197788425	197788426	rs112997107	chr1	197784201	197784600	17_EnhW2	3826
chr1	197792059	197792060	rs12079478	chr1	197784201	197784600	17_EnhW2	7460
chr1	197799363	197799364	rs144109576	chr1	197811201	197811600	17_EnhW2	11838
chr1	197799363	197799364	rs113204513	chr1	197811201	197811600	17_EnhW2	11838
chr1	197810520	197810521	rs11800139	chr1	197811201	197811600	17_EnhW2	681
chr1	197815015	197815016	rs10922301	chr1	197813801	197814400	17_EnhW2	616
chr1	197815090	197815091	rs10922302	chr1	197813801	197814400	17_EnhW2	691
chr1	197815962	197815963	rs6428419	chr1	197813801	197814400	17_EnhW2	1563
chr1	197816695	197816696	rs10922303	chr1	197813801	197814400	17_EnhW2	2296
chr1	197817879	197817880	rs1004479	chr1	197813801	197814400	17_EnhW2	3480
chr1	197821606	197821607	rs1039288	chr1	197826801	197827000	17_EnhW2	5195
chr1	197821870	197821871	rs1039287	chr1	197826801	197827000	17_EnhW2	4931
chr1	197822831	197822832	rs60595076	chr1	197826801	197827000	17_EnhW2	3970
chr1	197826257	197826258	rs6704237	chr1	197826801	197827000	17_EnhW2	544
chr1	197829618	197829619	rs10922307	chr1	197826801	197827000	17_EnhW2	2619
chr1	197829619	197829620	rs10922308	chr1	197826801	197827000	17_EnhW2	2620
chr1	197829802	197829803	rs10922309	chr1	197826801	197827000	17_EnhW2	2803
chr1	197829879	197829880	rs10922310	chr1	197826801	197827000	17_EnhW2	2880
chr1	197829947	197829948	rs10922311	chr1	197826801	197827000	17_EnhW2	2948
chr1	197830008	197830009	rs16842055	chr1	197826801	197827000	17_EnhW2	3009
chr1	197830484	197830485	rs2047540	chr1	197826801	197827000	17_EnhW2	3485
chr1	197830837	197830838	rs2047541	chr1	197826801	197827000	17_EnhW2	3838
chr1	197832661	197832662	rs12062450	chr1	197826801	197827000	17_EnhW2	5662
chr1	197834772	197834773	rs10922312	chr1	197838401	197839200	17_EnhW2	3629
chr1	197834805	197834806	rs12079525	chr1	197838401	197839200	17_EnhW2	3596
chr1	197837099	197837100	rs10922314	chr1	197838401	197839200	17_EnhW2	1302
chr1	197842143	197842144	rs12069217	chr1	197838401	197839200	17_EnhW2	2944
chr1	197846587	197846588	rs74137403	chr1	197853001	197853800	17_EnhW2	6414
chr1	197852118	197852119	rs111598407	chr1	197853001	197853800	17_EnhW2	883
chr1	197853466	197853467	rs116571383	chr1	197853001	197853800	17_EnhW2	0
chr1	197854477	197854478	rs74137406	chr1	197853001	197853800	17_EnhW2	678
chr1	197857844	197857845	rs74137408	chr1	197860001	197862000	17_EnhW2	2157
chr1	206621261	206621262	rs533169403	chr1	206641801	206643200	17_EnhW2	20540
chr1	232243685	232243686	rs10779830	chr1	232244201	232245800	17_EnhW2	516
chr1	232243816	232243817	rs10864715	chr1	232244201	232245800	17_EnhW2	385
chr1	232244330	232244331	rs1576618	chr1	232244201	232245800	17_EnhW2	0
chr1	232245013	232245014	rs61835640	chr1	232244201	232245800	17_EnhW2	0
chr1	232245996	232245997	rs9725652	chr1	232245801	232246000	16_EnhW1	0
chr1	232246026	232246027	rs10746514	chr1	232246001	232246200	14_EnhA2	0
chr1	232246417	232246418	rs9308486	chr1	232246401	232247200	15_EnhAF	0
chr1	232248086	232248087	rs9724918	chr1	232247201	232248000	17_EnhW2	87
chr1	232248243	232248244	rs9724948	chr1	232247201	232248000	17_EnhW2	244
chr1	232249927	232249928	rs11122416	chr1	232247201	232248000	17_EnhW2	1928
chr1	232251217	232251218	rs11582890	chr1	232252401	232253200	17_EnhW2	1184
chr1	232251729	232251730	rs12129814	chr1	232252401	232253200	17_EnhW2	672
chr1	232257276	232257277	rs199982697	chr1	232253601	232253800	13_EnhA1	3477
chr1	232257724	232257725	rs200493687	chr1	232253601	232253800	13_EnhA1	3925
chr1	232258462	232258463	rs150912292	chr1	232253601	232253800	13_EnhA1	4663
chr1	232259467	232259468	rs12064215	chr1	232253601	232253800	13_EnhA1	5668
chr1	232259565	232259566	rs11122425	chr1	232253601	232253800	13_EnhA1	5766
chr1	232261084	232261085	rs11122427	chr1	232253601	232253800	13_EnhA1	7285
chr1	232261416	232261417	rs11122428	chr1	232253601	232253800	13_EnhA1	7617
chr1	232261531	232261532	rs11122429	chr1	232253601	232253800	13_EnhA1	7732
chr1	232261768	232261769	rs2356925	chr1	232253601	232253800	13_EnhA1	7969
chr1	232262269	232262270	rs1854822	chr1	232253601	232253800	13_EnhA1	8470
chr1	232264046	232264047	rs2026302	chr1	232253601	232253800	13_EnhA1	10247
chr1	232266277	232266278	rs867844	chr1	232278401	232278600	18_EnhAc	12124
chr1	232266921	232266922	rs1888601	chr1	232278401	232278600	18_EnhAc	11480
chr1	232271231	232271232	rs10864720	chr1	232278401	232278600	18_EnhAc	7170
chr1	232272598	232272599	rs12039526	chr1	232278401	232278600	18_EnhAc	5803
chr1	243649329	243649330	rs2994328	chr1	243647201	243647400	17_EnhW2	1930
chr1	243650715	243650716	rs4658574	chr1	243651801	243652000	16_EnhW1	1086
chr1	243650857	243650858	rs2994327	chr1	243651801	243652000	16_EnhW1	944
chr1	243650985	243650986	rs3006924	chr1	243651801	243652000	16_EnhW1	816
chr1	243651805	243651806	rs12042298	chr1	243651801	243652000	16_EnhW1	0
chr1	243653438	243653439	rs884808	chr1	243652601	243655600	15_EnhAF	0
chr1	243654277	243654278	rs884328	chr1	243652601	243655600	15_EnhAF	0
chr1	243655451	243655452	rs3006926	chr1	243652601	243655600	15_EnhAF	0
chr1	243661221	243661222	rs55655818	chr1	243658801	243660400	17_EnhW2	822
chr1	243661741	243661742	rs74777638	chr1	243658801	243660400	17_EnhW2	1342
chr1	243662189	243662190	rs12406958	chr1	243663801	243664000	17_EnhW2	1612
chr1	243662667	243662668	rs12134270	chr1	243663801	243664000	17_EnhW2	1134
chr1	243663603	243663604	rs145504297	chr1	243663801	243664000	17_EnhW2	198
chr1	243663892	243663893	rs14403	chr1	243663801	243664000	17_EnhW2	0
chr1	243664641	243664642	rs1058305	chr1	243663801	243664000	17_EnhW2	642
chr1	243664856	243664857	rs1058304	chr1	243663801	243664000	17_EnhW2	857
chr1	243664924	243664925	rs16356	chr1	243663801	243664000	17_EnhW2	925
chr1	243666693	243666694	rs34770086	chr1	243666401	243666600	17_EnhW2	94
chr1	243667215	243667216	rs67027895	chr1	243666401	243666600	17_EnhW2	616
chr1	243667899	243667900	rs9428966	chr1	243666401	243666600	17_EnhW2	1300
chr1	243669011	243669012	rs111667565	chr1	243669601	243671800	17_EnhW2	590
chr1	243669014	243669015	rs68175585	chr1	243669601	243671800	17_EnhW2	587
chr1	243669349	243669350	rs1417121	chr1	243669601	243671800	17_EnhW2	252
chr1	243671999	243672000	rs9803713	chr1	243669601	243671800	17_EnhW2	200
chr1	243672073	243672074	rs7523102	chr1	243669601	243671800	17_EnhW2	274
chr1	243672124	243672125	rs9803993	chr1	243669601	243671800	17_EnhW2	325
chr1	243674681	243674682	rs1538773	chr1	243669601	243671800	17_EnhW2	2882
chr1	243674771	243674772	rs3006936	chr1	243677601	243677800	17_EnhW2	2830
chr1	243677833	243677834	rs3006939	chr1	243677601	243677800	17_EnhW2	34
chr1	243678482	243678483	rs10737888	chr1	243677601	243677800	17_EnhW2	683
chr1	243683000	243683001	rs3006940	chr1	243677601	243677800	17_EnhW2	5201
chr1	243683000	243683001	rs3006940	chr1	243688201	243688800	17_EnhW2	5201
chr1	243686912	243686913	rs4515770	chr1	243688201	243688800	17_EnhW2	1289
chr1	243706223	243706224	rs6656918	chr1	243723001	243723400	17_EnhW2	16778
chr1	243721725	243721726	rs10927039	chr1	243723001	243723400	17_EnhW2	1276
chr1	243750754	243750755	rs320322	chr1	243723001	243723400	17_EnhW2	27355
chr1	243772301	243772302	rs112646892	chr1	243723001	243723400	17_EnhW2	48902
chr1	243782008	243782009	rs7556516	chr1	243723001	243723400	17_EnhW2	58609
chr10	18636485	18636486	rs11326102	chr10	18639401	18639600	17_EnhW2	2916
chr10	18636567	18636568	rs2489198	chr10	18639401	18639600	17_EnhW2	2834
chr10	18637654	18637655	rs2489196	chr10	18639401	18639600	17_EnhW2	1747
chr10	18637837	18637838	rs2489195	chr10	18639401	18639600	17_EnhW2	1564
chr10	18638654	18638655	rs58519066	chr10	18639401	18639600	17_EnhW2	747
chr10	18639461	18639462	rs1290126	chr10	18639401	18639600	17_EnhW2	0
chr10	18641840	18641841	rs1277840	chr10	18639401	18639600	17_EnhW2	2241
chr10	18642067	18642068	rs1277841	chr10	18639401	18639600	17_EnhW2	2468
chr10	18642338	18642339	rs35014370	chr10	18639401	18639600	17_EnhW2	2739
chr10	18643862	18643863	rs34491805	chr10	18639401	18639600	17_EnhW2	4263
chr10	18644135	18644136	rs113159221	chr10	18639401	18639600	17_EnhW2	4536
chr10	18648504	18648505	rs10764437	chr10	18639401	18639600	17_EnhW2	8905
chr10	18648605	18648606	rs7080181	chr10	18639401	18639600	17_EnhW2	9006
chr10	18649398	18649399	rs7921548	chr10	18639401	18639600	17_EnhW2	9799
chr10	18649634	18649635	rs10764440	chr10	18639401	18639600	17_EnhW2	10035
chr10	18650586	18650587	rs11013835	chr10	18639401	18639600	17_EnhW2	10987
chr10	18651835	18651836	rs11353752	chr10	18639401	18639600	17_EnhW2	12236
chr10	18651859	18651860	rs6482355	chr10	18639401	18639600	17_EnhW2	12260
chr10	18651909	18651910	rs6482356	chr10	18639401	18639600	17_EnhW2	12310
chr10	18652358	18652359	rs2148186	chr10	18639401	18639600	17_EnhW2	12759
chr10	18652574	18652575	rs2148185	chr10	18639401	18639600	17_EnhW2	12975
chr10	18652983	18652984	rs7919809	chr10	18639401	18639600	17_EnhW2	13384
chr10	18653228	18653229	rs58285364	chr10	18639401	18639600	17_EnhW2	13629
chr10	18653860	18653861	rs7898858	chr10	18639401	18639600	17_EnhW2	14261
chr10	18654870	18654871	rs7923885	chr10	18639401	18639600	17_EnhW2	15271
chr10	18657180	18657181	rs1325995	chr10	18639401	18639600	17_EnhW2	17581
chr10	18657520	18657521	rs1325994	chr10	18639401	18639600	17_EnhW2	17921
chr10	18658706	18658707	rs7072277	chr10	18639401	18639600	17_EnhW2	19107
chr10	18658790	18658791	rs7072399	chr10	18639401	18639600	17_EnhW2	19191
chr10	18659516	18659517	rs10828598	chr10	18639401	18639600	17_EnhW2	19917
chr10	18659815	18659816	rs10741039	chr10	18639401	18639600	17_EnhW2	20216
chr10	18660332	18660333	rs7091833	chr10	18639401	18639600	17_EnhW2	20733
chr10	18661123	18661124	rs7919599	chr10	18639401	18639600	17_EnhW2	21524
chr10	18661481	18661482	rs7911193	chr10	18639401	18639600	17_EnhW2	21882
chr10	18661780	18661781	rs10741041	chr10	18639401	18639600	17_EnhW2	22181
chr10	18662767	18662768	rs1325993	chr10	18639401	18639600	17_EnhW2	23168
chr10	18663382	18663383	rs6482368	chr10	18639401	18639600	17_EnhW2	23783
chr10	18667084	18667085	rs7913836	chr10	18639401	18639600	17_EnhW2	27485
chr10	18667598	18667599	rs2031570	chr10	18695001	18695200	17_EnhW2	27403
chr10	18668623	18668624	rs7908876	chr10	18695001	18695200	17_EnhW2	26378
chr10	18672294	18672295	rs1409207	chr10	18695001	18695200	17_EnhW2	22707
chr10	18674223	18674224	rs4748458	chr10	18695001	18695200	17_EnhW2	20778
chr10	18674300	18674301	rs10581569	chr10	18695001	18695200	17_EnhW2	20701
chr10	18674304	18674305	rs147375394	chr10	18695001	18695200	17_EnhW2	20697
chr10	18674639	18674640	rs7090503	chr10	18695001	18695200	17_EnhW2	20362
chr10	18675147	18675148	rs7078741	chr10	18695001	18695200	17_EnhW2	19854
chr10	18676896	18676897	rs7074171	chr10	18695001	18695200	17_EnhW2	18105
chr10	18682014	18682015	rs11014016	chr10	18695001	18695200	17_EnhW2	12987
chr10	18685004	18685005	rs113862204	chr10	18695001	18695200	17_EnhW2	9997
chr10	18686266	18686267	rs6482384	chr10	18695001	18695200	17_EnhW2	8735
chr10	18686451	18686452	rs11014049	chr10	18695001	18695200	17_EnhW2	8550
chr10	18688882	18688883	rs6482385	chr10	18695001	18695200	17_EnhW2	6119
chr10	18698639	18698640	rs67117524	chr10	18695001	18695200	17_EnhW2	3440
chr10	18703700	18703701	rs373762036	chr10	18695001	18695200	17_EnhW2	8501
chr10	18704123	18704124	rs10828666	chr10	18695001	18695200	17_EnhW2	8924
chr10	18704135	18704136	rs998229	chr10	18695001	18695200	17_EnhW2	8936
chr10	18705073	18705074	rs976785	chr10	18695001	18695200	17_EnhW2	9874
chr10	18705119	18705120	rs11593522	chr10	18695001	18695200	17_EnhW2	9920
chr10	18705335	18705336	rs67744136	chr10	18695001	18695200	17_EnhW2	10136
chr10	18706042	18706043	rs57071336	chr10	18695001	18695200	17_EnhW2	10843
chr10	18706319	18706320	rs11014154	chr10	18695001	18695200	17_EnhW2	11120
chr10	18706850	18706851	rs111483964	chr10	18695001	18695200	17_EnhW2	11651
chr10	18707047	18707048	rs66677106	chr10	18695001	18695200	17_EnhW2	11848
chr10	18707351	18707352	rs1325990	chr10	18695001	18695200	17_EnhW2	12152
chr10	18707447	18707448	rs1813353	chr10	18695001	18695200	17_EnhW2	12248
chr10	18708797	18708798	rs11014166	chr10	18695001	18695200	17_EnhW2	13598
chr10	18709576	18709577	rs7908861	chr10	18695001	18695200	17_EnhW2	14377
chr10	18711194	18711195	rs11014171	chr10	18695001	18695200	17_EnhW2	15995
chr10	18711622	18711623	rs138978463	chr10	18695001	18695200	17_EnhW2	16423
chr10	18711711	18711712	rs7091067	chr10	18695001	18695200	17_EnhW2	16512
chr10	18712249	18712250	rs4748463	chr10	18695001	18695200	17_EnhW2	17050
chr10	18712351	18712352	rs4747345	chr10	18695001	18695200	17_EnhW2	17152
chr10	18713569	18713570	rs7074010	chr10	18695001	18695200	17_EnhW2	18370
chr10	18715941	18715942	rs150446556	chr10	18695001	18695200	17_EnhW2	20742
chr10	18716866	18716867	rs4548524	chr10	18695001	18695200	17_EnhW2	21667
chr10	18719676	18719677	rs17613287	chr10	18695001	18695200	17_EnhW2	24477
chr10	18720844	18720845	rs11014204	chr10	18695001	18695200	17_EnhW2	25645
chr10	18723305	18723306	rs7897101	chr10	18695001	18695200	17_EnhW2	28106
chr10	18725052	18725053	rs6482423	chr10	18695001	18695200	17_EnhW2	29853
chr10	18726053	18726054	rs7070847	chr10	18695001	18695200	17_EnhW2	30854
chr10	18732761	18732762	rs10764499	chr10	18695001	18695200	17_EnhW2	37562
chr10	18734526	18734527	rs72095579	chr10	18695001	18695200	17_EnhW2	39327
chr10	18734823	18734824	rs56949798	chr10	18695001	18695200	17_EnhW2	39624
chr10	18736973	18736974	rs11014267	chr10	18695001	18695200	17_EnhW2	41774
chr10	18740631	18740632	rs12243859	chr10	18695001	18695200	17_EnhW2	45432
chr10	18745173	18745174	rs11014313	chr10	18787001	18787200	17_EnhW2	41828
chr10	21766968	21766969	rs10159545	chr10	21763201	21763400	17_EnhW2	3569
chr10	21768559	21768560	rs874149	chr10	21763201	21763400	17_EnhW2	5160
chr10	21769215	21769216	rs10828246	chr10	21763201	21763400	17_EnhW2	5816
chr10	21769993	21769994	rs12766229	chr10	21763201	21763400	17_EnhW2	6594
chr10	21771349	21771350	rs9732777	chr10	21763201	21763400	17_EnhW2	7950
chr10	21772166	21772167	rs11012722	chr10	21763201	21763400	17_EnhW2	8767
chr10	21772734	21772735	rs58644625	chr10	21763201	21763400	17_EnhW2	9335
chr10	21773700	21773701	rs111539184	chr10	21782801	21783000	16_EnhW1	9101
chr10	21774600	21774601	rs66934412	chr10	21782801	21783000	16_EnhW1	8201
chr10	21774885	21774886	rs35336290	chr10	21782801	21783000	16_EnhW1	7916
chr10	21777817	21777818	rs34959015	chr10	21782801	21783000	16_EnhW1	4984
chr10	21780779	21780780	rs71392201	chr10	21782801	21783000	16_EnhW1	2022
chr10	21782841	21782842	rs5011832	chr10	21782801	21783000	16_EnhW1	0
chr10	21783633	21783634	rs12770228	chr10	21782801	21783000	16_EnhW1	634
chr10	21783751	21783752	rs35106872	chr10	21782801	21783000	16_EnhW1	752
chr10	21790475	21790476	rs12357321	chr10	21791601	21793400	17_EnhW2	1126
chr10	21793823	21793824	rs11012725	chr10	21791601	21793400	17_EnhW2	424
chr10	21797271	21797272	rs11012726	chr10	21797201	21798800	13_EnhA1	0
chr10	21797566	21797567	rs138844120	chr10	21797201	21798800	13_EnhA1	0
chr10	21799725	21799726	rs12256551	chr10	21799801	21800000	13_EnhA1	76
chr10	21803420	21803421	rs66955492	chr10	21801201	21802600	16_EnhW1	821
chr10	21806831	21806832	rs946711	chr10	21809401	21810800	17_EnhW2	2570
chr10	21811486	21811487	rs11012730	chr10	21811201	21811800	17_EnhW2	0
chr10	21819823	21819824	rs12253527	chr10	21818801	21820200	17_EnhW2	0
chr10	21820452	21820453	rs1416901	chr10	21818801	21820200	17_EnhW2	253
chr10	21821273	21821274	rs7084454	chr10	21821001	21821600	17_EnhW2	0
chr10	21821917	21821918	rs12251016	chr10	21821801	21822000	13_EnhA1	0
chr10	21822855	21822856	rs10828247	chr10	21821801	21822000	13_EnhA1	856
chr10	21824618	21824619	rs10828248	chr10	21821801	21822000	13_EnhA1	2619
chr10	21824726	21824727	rs10828249	chr10	21821801	21822000	13_EnhA1	2727
chr10	21827795	21827796	rs1802669	chr10	21821801	21822000	13_EnhA1	5796
chr10	21829161	21829162	rs12779865	chr10	21821801	21822000	13_EnhA1	7162
chr10	21830103	21830104	rs11012732	chr10	21821801	21822000	13_EnhA1	8104
chr10	21834535	21834536	rs7098100	chr10	21821801	21822000	13_EnhA1	12536
chr10	21839819	21839820	rs11275375	chr10	21821801	21822000	13_EnhA1	17820
chr10	21847177	21847178	rs10828250	chr10	21821801	21822000	13_EnhA1	25178
chr10	21849768	21849769	rs11012737	chr10	21821801	21822000	13_EnhA1	27769
chr10	21856474	21856475	rs10828252	chr10	21821801	21822000	13_EnhA1	34475
chr10	21859584	21859585	rs61850044	chr10	21821801	21822000	13_EnhA1	37585
chr10	21866389	21866390	rs34503343	chr10	21903401	21903600	17_EnhW2	37012
chr10	21872912	21872913	rs7894565	chr10	21903401	21903600	17_EnhW2	30489
chr10	21873294	21873295	rs7905967	chr10	21903401	21903600	17_EnhW2	30107
chr10	21876938	21876939	rs6482188	chr10	21903401	21903600	17_EnhW2	26463
chr10	21878143	21878144	rs35587371	chr10	21903401	21903600	17_EnhW2	25258
chr10	21878406	21878407	rs12783517	chr10	21903401	21903600	17_EnhW2	24995
chr10	21878830	21878831	rs144962376	chr10	21903401	21903600	17_EnhW2	24571
chr10	21883429	21883430	rs12769128	chr10	21903401	21903600	17_EnhW2	19972
chr10	21883987	21883988	rs10828256	chr10	21903401	21903600	17_EnhW2	19414
chr10	21884470	21884471	rs11592565	chr10	21903401	21903600	17_EnhW2	18931
chr10	21885576	21885577	rs34719019	chr10	21903401	21903600	17_EnhW2	17825
chr10	21889082	21889083	rs12356674	chr10	21903401	21903600	17_EnhW2	14319
chr10	21889137	21889138	rs6482189	chr10	21903401	21903600	17_EnhW2	14264
chr10	21892755	21892756	rs35036317	chr10	21903401	21903600	17_EnhW2	10646
chr10	21894027	21894028	rs11012750	chr10	21903401	21903600	17_EnhW2	9374
chr10	21896819	21896820	rs11012753	chr10	21903401	21903600	17_EnhW2	6582
chr10	21902586	21902587	rs1243185	chr10	21903401	21903600	17_EnhW2	815
chr10	21907015	21907016	rs1243187	chr10	21903401	21903600	17_EnhW2	3416
chr10	21907422	21907423	rs1270799	chr10	21903401	21903600	17_EnhW2	3823
chr10	21908802	21908803	rs1243188	chr10	21903401	21903600	17_EnhW2	5203
chr10	21911656	21911657	rs2026092	chr10	21903401	21903600	17_EnhW2	8057
chr10	21912578	21912579	rs1243179	chr10	21903401	21903600	17_EnhW2	8979
chr10	21913368	21913369	rs61129347	chr10	21903401	21903600	17_EnhW2	9769
chr10	21915618	21915619	rs1243180	chr10	21925201	21926400	17_EnhW2	9583
chr10	21916727	21916728	rs1243182	chr10	21925201	21926400	17_EnhW2	8474
chr10	21929178	21929179	rs7090708	chr10	21926601	21928200	17_EnhW2	979
chr10	21929733	21929734	rs10828258	chr10	21926601	21928200	17_EnhW2	1534
chr10	21931936	21931937	rs1243184	chr10	21926601	21928200	17_EnhW2	3737
chr10	21935247	21935248	rs1243189	chr10	21926601	21928200	17_EnhW2	7048
chr10	21937918	21937919	rs1269454	chr10	21926601	21928200	17_EnhW2	9719
chr10	21954229	21954230	rs372890906	chr10	21956001	21956400	17_EnhW2	1772
chr10	21954233	21954234	rs138942406	chr10	21956001	21956400	17_EnhW2	1768
chr10	21957228	21957229	rs2183271	chr10	21956001	21956400	17_EnhW2	829
chr10	21978529	21978530	rs71393920	chr10	21983601	21983800	17_EnhW2	5072
chr10	21978571	21978572	rs1243196	chr10	21983601	21983800	17_EnhW2	5030
chr10	21980513	21980514	rs1243194	chr10	21983601	21983800	17_EnhW2	3088
chr10	21981256	21981257	rs1243193	chr10	21983601	21983800	17_EnhW2	2345
chr10	21982304	21982305	rs71393921	chr10	21983601	21983800	17_EnhW2	1297
chr10	21983959	21983960	rs1243192	chr10	21983601	21983800	17_EnhW2	160
chr10	21989244	21989245	rs4748761	chr10	21983601	21983800	17_EnhW2	5445
chr10	21998158	21998159	rs201139677	chr10	22008601	22009200	15_EnhAF	10443
chr10	22001131	22001132	rs138137055	chr10	22008601	22009200	15_EnhAF	7470
chr10	22003275	22003276	rs34510047	chr10	22008601	22009200	15_EnhAF	5326
chr10	22017544	22017545	rs10828264	chr10	22015201	22015600	17_EnhW2	1945
chr10	22019211	22019212	rs10828265	chr10	22020601	22020800	17_EnhW2	1390
chr10	22027643	22027644	rs2050905	chr10	22021201	22021800	17_EnhW2	5844
chr10	22030202	22030203	rs11290537	chr10	22035001	22035200	17_EnhW2	4799
chr10	22032941	22032942	rs7072776	chr10	22035001	22035200	17_EnhW2	2060
chr10	22036916	22036917	rs11322024	chr10	22038201	22039200	17_EnhW2	1285
chr10	22037808	22037809	rs6482190	chr10	22038201	22039200	17_EnhW2	393
chr10	22045096	22045097	rs6482191	chr10	22045601	22046200	17_EnhW2	505
chr10	22050569	22050570	rs7910002	chr10	22047201	22048000	17_EnhW2	2570
chr10	22058136	22058137	rs10740991	chr10	22047201	22048000	17_EnhW2	10137
chr10	22062728	22062729	rs3951780	chr10	22047201	22048000	17_EnhW2	14729
chr10	22069865	22069866	rs139982074	chr10	22086601	22087400	17_EnhW2	16736
chr10	22088053	22088054	rs7082663	chr10	22086601	22087400	17_EnhW2	654
chr10	22089003	22089004	rs10508639	chr10	22086601	22087400	17_EnhW2	1604
chr10	22092309	22092310	rs4024198	chr10	22092001	22092600	17_EnhW2	0
chr10	22098700	22098701	rs10828266	chr10	22096601	22097800	17_EnhW2	901
chr10	22101607	22101608	rs2666763	chr10	22096601	22097800	17_EnhW2	3808
chr10	22102319	22102320	rs35150177	chr10	22096601	22097800	17_EnhW2	4520
chr10	22105034	22105035	rs11012794	chr10	22107601	22107800	17_EnhW2	2567
chr10	22114426	22114427	rs806774	chr10	22107601	22107800	17_EnhW2	6627
chr10	22123767	22123768	rs2666773	chr10	22107601	22107800	17_EnhW2	15968
chr10	22124262	22124263	rs4747438	chr10	22107601	22107800	17_EnhW2	16463
chr10	22126568	22126569	rs2793354	chr10	22107601	22107800	17_EnhW2	18769
chr10	22128836	22128837	rs149427583	chr10	22107601	22107800	17_EnhW2	21037
chr10	22133792	22133793	rs792458	chr10	22157401	22157800	17_EnhW2	23609
chr10	22141441	22141442	rs1086899	chr10	22157401	22157800	17_EnhW2	15960
chr10	22145686	22145687	rs2666778	chr10	22157401	22157800	17_EnhW2	11715
chr10	22145687	22145688	rs2793353	chr10	22157401	22157800	17_EnhW2	11714
chr10	22147331	22147332	rs2066270	chr10	22157401	22157800	17_EnhW2	10070
chr10	22147422	22147423	rs2066271	chr10	22157401	22157800	17_EnhW2	9979
chr10	22147798	22147799	rs2666779	chr10	22157401	22157800	17_EnhW2	9603
chr10	22148229	22148230	rs2666771	chr10	22157401	22157800	17_EnhW2	9172
chr10	22150149	22150150	rs2666769	chr10	22157401	22157800	17_EnhW2	7252
chr10	22150444	22150445	rs2793352	chr10	22157401	22157800	17_EnhW2	6957
chr10	22150710	22150711	rs2666764	chr10	22157401	22157800	17_EnhW2	6691
chr10	22151577	22151578	rs2793351	chr10	22157401	22157800	17_EnhW2	5824
chr10	22153550	22153551	rs145886506	chr10	22157401	22157800	17_EnhW2	3851
chr10	22154207	22154208	rs792453	chr10	22157401	22157800	17_EnhW2	3194
chr10	22154236	22154237	rs792452	chr10	22157401	22157800	17_EnhW2	3165
chr10	22159881	22159882	rs58868586	chr10	22158601	22158800	17_EnhW2	1082
chr10	22163934	22163935	rs792457	chr10	22158601	22158800	17_EnhW2	5135
chr10	22164159	22164160	rs7904395	chr10	22158601	22158800	17_EnhW2	5360
chr10	22174540	22174541	rs792456	chr10	22158601	22158800	17_EnhW2	15741
chr10	22179106	22179107	rs34627233	chr10	22158601	22158800	17_EnhW2	20307
chr10	22191380	22191381	rs792454	chr10	22200801	22202600	17_EnhW2	9421
chr10	22193421	22193422	rs792455	chr10	22200801	22202600	17_EnhW2	7380
chr10	22197183	22197184	rs55699848	chr10	22200801	22202600	17_EnhW2	3618
chr10	22201557	22201558	rs2666768	chr10	22200801	22202600	17_EnhW2	0
chr10	22205675	22205676	rs2666781	chr10	22204201	22204800	17_EnhW2	876
chr10	22208629	22208630	rs2807978	chr10	22210001	22211000	17_EnhW2	1372
chr10	22212555	22212556	rs2666782	chr10	22210001	22211000	17_EnhW2	1556
chr10	22213103	22213104	rs2807979	chr10	22210001	22211000	17_EnhW2	2104
chr10	22218940	22218941	rs2807984	chr10	22218001	22218400	17_EnhW2	541
chr10	22230473	22230474	rs2807985	chr10	22228601	22228800	17_EnhW2	1674
chr10	22231669	22231670	rs2941732	chr10	22228601	22228800	17_EnhW2	2870
chr10	22233086	22233087	rs2666772	chr10	22228601	22228800	17_EnhW2	4287
chr10	22233792	22233793	rs2807986	chr10	22228601	22228800	17_EnhW2	4993
chr10	22234862	22234863	rs369691631	chr10	22228601	22228800	17_EnhW2	6063
chr10	22234865	22234866	rs57391067	chr10	22228601	22228800	17_EnhW2	6066
chr10	22239951	22239952	rs2807987	chr10	22250801	22251000	17_EnhW2	10850
chr10	22240298	22240299	rs2666775	chr10	22250801	22251000	17_EnhW2	10503
chr10	22240511	22240512	rs10686744	chr10	22250801	22251000	17_EnhW2	10290
chr10	22241211	22241212	rs2807988	chr10	22250801	22251000	17_EnhW2	9590
chr10	22241655	22241656	rs2941733	chr10	22250801	22251000	17_EnhW2	9146
chr10	22241987	22241988	rs2666776	chr10	22250801	22251000	17_EnhW2	8814
chr10	22243071	22243072	rs2666754	chr10	22250801	22251000	17_EnhW2	7730
chr10	22244803	22244804	rs2666756	chr10	22250801	22251000	17_EnhW2	5998
chr10	22245298	22245299	rs2666757	chr10	22250801	22251000	17_EnhW2	5503
chr10	22245747	22245748	rs3051926	chr10	22250801	22251000	17_EnhW2	5054
chr10	22245922	22245923	rs2998361	chr10	22250801	22251000	17_EnhW2	4879
chr10	22246113	22246114	rs2998360	chr10	22250801	22251000	17_EnhW2	4688
chr10	22248423	22248424	rs2859622	chr10	22250801	22251000	17_EnhW2	2378
chr10	22248552	22248553	rs2807966	chr10	22250801	22251000	17_EnhW2	2249
chr10	22251379	22251380	rs2807967	chr10	22250801	22251000	17_EnhW2	380
chr10	22252088	22252089	rs2807968	chr10	22250801	22251000	17_EnhW2	1089
chr10	22254977	22254978	rs2666759	chr10	22250801	22251000	17_EnhW2	3978
chr10	22255096	22255097	rs2666760	chr10	22250801	22251000	17_EnhW2	4097
chr10	22255362	22255363	rs34646324	chr10	22250801	22251000	17_EnhW2	4363
chr10	22255598	22255599	rs2666761	chr10	22250801	22251000	17_EnhW2	4599
chr10	22255615	22255616	rs111881136	chr10	22250801	22251000	17_EnhW2	4616
chr10	22255700	22255701	rs2666762	chr10	22250801	22251000	17_EnhW2	4701
chr10	22262371	22262372	rs2807971	chr10	22264201	22265400	17_EnhW2	1830
chr10	22262672	22262673	rs11383931	chr10	22264201	22265400	17_EnhW2	1529
chr10	22271668	22271669	rs10764328	chr10	22271001	22271200	17_EnhW2	469
chr10	22273530	22273531	rs7075508	chr10	22271001	22271200	17_EnhW2	2331
chr10	22276818	22276819	rs4146689	chr10	22271001	22271200	17_EnhW2	5619
chr10	22277366	22277367	rs4748776	chr10	22271001	22271200	17_EnhW2	6167
chr10	22280428	22280429	rs6650129	chr10	22271001	22271200	17_EnhW2	9229
chr10	22280663	22280664	rs6650130	chr10	22271001	22271200	17_EnhW2	9464
chr10	22282043	22282044	rs111841386	chr10	22271001	22271200	17_EnhW2	10844
chr10	22284139	22284140	rs7089656	chr10	22293201	22293400	16_EnhW1	9062
chr10	22285370	22285371	rs4364959	chr10	22293201	22293400	16_EnhW1	7831
chr10	22286350	22286351	rs10764330	chr10	22293201	22293400	16_EnhW1	6851
chr10	22287418	22287419	rs10828283	chr10	22293201	22293400	16_EnhW1	5783
chr10	22287721	22287722	rs12571634	chr10	22293201	22293400	16_EnhW1	5480
chr10	22288131	22288132	rs4748779	chr10	22293201	22293400	16_EnhW1	5070
chr10	25015617	25015618	rs4748969	chr10	25016801	25017000	16_EnhW1	1184
chr10	25026679	25026680	rs34771489	chr10	25026001	25026400	17_EnhW2	280
chr10	25026811	25026812	rs10764492	chr10	25026001	25026400	17_EnhW2	412
chr10	25027514	25027515	rs6482420	chr10	25026001	25026400	17_EnhW2	1115
chr10	25027689	25027690	rs6482421	chr10	25026001	25026400	17_EnhW2	1290
chr10	25027721	25027722	rs6482422	chr10	25026001	25026400	17_EnhW2	1322
chr10	25028099	25028100	rs7083008	chr10	25026001	25026400	17_EnhW2	1700
chr10	25028315	25028316	rs7067766	chr10	25026001	25026400	17_EnhW2	1916
chr10	25028363	25028364	rs10606287	chr10	25026001	25026400	17_EnhW2	1964
chr10	25028382	25028383	rs7071605	chr10	25026001	25026400	17_EnhW2	1983
chr10	25028388	25028389	rs7071609	chr10	25026001	25026400	17_EnhW2	1989
chr10	25028467	25028468	rs6482424	chr10	25026001	25026400	17_EnhW2	2068
chr10	25028610	25028611	rs1414456	chr10	25026001	25026400	17_EnhW2	2211
chr10	25028618	25028619	rs7907931	chr10	25026001	25026400	17_EnhW2	2219
chr10	25028708	25028709	rs1414457	chr10	25026001	25026400	17_EnhW2	2309
chr10	25028734	25028735	rs1414458	chr10	25026001	25026400	17_EnhW2	2335
chr10	25028791	25028792	rs1414459	chr10	25026001	25026400	17_EnhW2	2392
chr10	25028947	25028948	rs7912395	chr10	25026001	25026400	17_EnhW2	2548
chr10	25029026	25029027	rs7900706	chr10	25026001	25026400	17_EnhW2	2627
chr10	25029130	25029131	rs6482425	chr10	25026001	25026400	17_EnhW2	2731
chr10	25029140	25029141	rs6482426	chr10	25026001	25026400	17_EnhW2	2741
chr10	25029143	25029144	rs6482427	chr10	25026001	25026400	17_EnhW2	2744
chr10	25029162	25029163	rs6482428	chr10	25026001	25026400	17_EnhW2	2763
chr10	25029185	25029186	rs6482429	chr10	25026001	25026400	17_EnhW2	2786
chr10	25029206	25029207	rs6482430	chr10	25026001	25026400	17_EnhW2	2807
chr10	25029293	25029294	rs141791509	chr10	25026001	25026400	17_EnhW2	2894
chr10	25029309	25029310	rs4747493	chr10	25026001	25026400	17_EnhW2	2910
chr10	25029373	25029374	rs4747494	chr10	25026001	25026400	17_EnhW2	2974
chr10	25029630	25029631	rs4748970	chr10	25026001	25026400	17_EnhW2	3231
chr10	25030248	25030249	rs7905360	chr10	25026001	25026400	17_EnhW2	3849
chr10	25030602	25030603	rs7902525	chr10	25026001	25026400	17_EnhW2	4203
chr10	25030782	25030783	rs140297629	chr10	25026001	25026400	17_EnhW2	4383
chr10	25030998	25030999	rs10675273	chr10	25026001	25026400	17_EnhW2	4599
chr10	25031116	25031117	rs11445038	chr10	25026001	25026400	17_EnhW2	4717
chr10	25031271	25031272	rs10828692	chr10	25026001	25026400	17_EnhW2	4872
chr10	25031338	25031339	rs10828693	chr10	25026001	25026400	17_EnhW2	4939
chr10	25031645	25031646	rs4511189	chr10	25026001	25026400	17_EnhW2	5246
chr10	25031733	25031734	rs4332422	chr10	25026001	25026400	17_EnhW2	5334
chr10	25031883	25031884	rs10828694	chr10	25026001	25026400	17_EnhW2	5484
chr10	25031914	25031915	rs10828695	chr10	25026001	25026400	17_EnhW2	5515
chr10	25032079	25032080	rs9943377	chr10	25026001	25026400	17_EnhW2	5680
chr10	25032081	25032082	rs9943389	chr10	25026001	25026400	17_EnhW2	5682
chr10	25032462	25032463	rs9943380	chr10	25026001	25026400	17_EnhW2	6063
chr10	25032474	25032475	rs141833641	chr10	25026001	25026400	17_EnhW2	6075
chr10	25032542	25032543	rs7068753	chr10	25026001	25026400	17_EnhW2	6143
chr10	25032649	25032650	rs9943341	chr10	25026001	25026400	17_EnhW2	6250
chr10	25033166	25033167	rs4436453	chr10	25026001	25026400	17_EnhW2	6767
chr10	25033342	25033343	rs4459182	chr10	25026001	25026400	17_EnhW2	6943
chr10	25033919	25033920	rs7922575	chr10	25026001	25026400	17_EnhW2	7520
chr10	25034060	25034061	rs7919485	chr10	25026001	25026400	17_EnhW2	7661
chr10	25034286	25034287	rs6482431	chr10	25026001	25026400	17_EnhW2	7887
chr10	25034356	25034357	rs6482432	chr10	25026001	25026400	17_EnhW2	7957
chr10	25034955	25034956	rs4072915	chr10	25026001	25026400	17_EnhW2	8556
chr10	25034970	25034971	rs7903650	chr10	25026001	25026400	17_EnhW2	8571
chr10	25035146	25035147	rs11014220	chr10	25026001	25026400	17_EnhW2	8747
chr10	25035310	25035311	rs7916054	chr10	25026001	25026400	17_EnhW2	8911
chr10	25035439	25035440	rs11014222	chr10	25026001	25026400	17_EnhW2	9040
chr10	25035882	25035883	rs4747495	chr10	25026001	25026400	17_EnhW2	9483
chr10	25036043	25036044	rs12246501	chr10	25026001	25026400	17_EnhW2	9644
chr10	25036145	25036146	rs4748972	chr10	25026001	25026400	17_EnhW2	9746
chr10	25036282	25036283	rs4748973	chr10	25026001	25026400	17_EnhW2	9883
chr10	25036372	25036373	rs369487420	chr10	25026001	25026400	17_EnhW2	9973
chr10	25036415	25036416	rs10828696	chr10	25026001	25026400	17_EnhW2	10016
chr10	25036459	25036460	rs4748974	chr10	25026001	25026400	17_EnhW2	10060
chr10	25036588	25036589	rs10828697	chr10	25026001	25026400	17_EnhW2	10189
chr10	25036675	25036676	rs6482433	chr10	25026001	25026400	17_EnhW2	10276
chr10	25036676	25036677	rs6482434	chr10	25026001	25026400	17_EnhW2	10277
chr10	25036803	25036804	rs6482435	chr10	25026001	25026400	17_EnhW2	10404
chr10	25037625	25037626	rs4748975	chr10	25026001	25026400	17_EnhW2	11226
chr10	25037862	25037863	rs4748976	chr10	25026001	25026400	17_EnhW2	11463
chr10	25037886	25037887	rs34864553	chr10	25026001	25026400	17_EnhW2	11487
chr10	25038092	25038093	rs10466089	chr10	25026001	25026400	17_EnhW2	11693
chr10	25038130	25038131	rs10466090	chr10	25026001	25026400	17_EnhW2	11731
chr10	25039388	25039389	rs10828698	chr10	25051201	25052400	17_EnhW2	11813
chr10	25039424	25039425	rs10828699	chr10	25051201	25052400	17_EnhW2	11777
chr10	25039877	25039878	rs7905339	chr10	25051201	25052400	17_EnhW2	11324
chr10	25040151	25040152	rs7922624	chr10	25051201	25052400	17_EnhW2	11050
chr10	25040398	25040399	rs6482436	chr10	25051201	25052400	17_EnhW2	10803
chr10	25040621	25040622	rs10466055	chr10	25051201	25052400	17_EnhW2	10580
chr10	25041445	25041446	rs7910413	chr10	25051201	25052400	17_EnhW2	9756
chr10	25041467	25041468	rs7899558	chr10	25051201	25052400	17_EnhW2	9734
chr10	25041493	25041494	rs7899682	chr10	25051201	25052400	17_EnhW2	9708
chr10	25041542	25041543	rs34503038	chr10	25051201	25052400	17_EnhW2	9659
chr10	25042166	25042167	rs7903582	chr10	25051201	25052400	17_EnhW2	9035
chr10	25042374	25042375	rs11369984	chr10	25051201	25052400	17_EnhW2	8827
chr10	25042652	25042653	rs7916157	chr10	25051201	25052400	17_EnhW2	8549
chr10	25042992	25042993	rs10741063	chr10	25051201	25052400	17_EnhW2	8209
chr10	25043852	25043853	rs7922843	chr10	25051201	25052400	17_EnhW2	7349
chr10	25044111	25044112	rs7923253	chr10	25051201	25052400	17_EnhW2	7090
chr10	25045074	25045075	rs5783905	chr10	25051201	25052400	17_EnhW2	6127
chr10	25047872	25047873	rs66862920	chr10	25051201	25052400	17_EnhW2	3329
chr10	25048986	25048987	rs2152432	chr10	25051201	25052400	17_EnhW2	2215
chr10	25052041	25052042	rs4748977	chr10	25051201	25052400	17_EnhW2	0
chr10	25052108	25052109	rs4748978	chr10	25051201	25052400	17_EnhW2	0
chr10	25052729	25052730	rs6482440	chr10	25051201	25052400	17_EnhW2	330
chr10	25054209	25054210	rs4570483	chr10	25051201	25052400	17_EnhW2	1810
chr10	25055290	25055291	rs952917	chr10	25051201	25052400	17_EnhW2	2891
chr10	25055591	25055592	rs951857	chr10	25051201	25052400	17_EnhW2	3192
chr10	25055839	25055840	rs951859	chr10	25051201	25052400	17_EnhW2	3440
chr10	25056117	25056118	rs4350272	chr10	25051201	25052400	17_EnhW2	3718
chr10	25056537	25056538	rs112276510	chr10	25051201	25052400	17_EnhW2	4138
chr10	25058143	25058144	rs10764494	chr10	25051201	25052400	17_EnhW2	5744
chr10	25059462	25059463	rs7911992	chr10	25051201	25052400	17_EnhW2	7063
chr10	25060886	25060887	rs6482443	chr10	25051201	25052400	17_EnhW2	8487
chr10	25061886	25061887	rs4748981	chr10	25051201	25052400	17_EnhW2	9487
chr10	25061946	25061947	rs4747498	chr10	25051201	25052400	17_EnhW2	9547
chr10	25065555	25065556	rs4747499	chr10	25051201	25052400	17_EnhW2	13156
chr10	25066352	25066353	rs4747500	chr10	25051201	25052400	17_EnhW2	13953
chr10	25067890	25067891	rs7072181	chr10	25051201	25052400	17_EnhW2	15491
chr10	25069161	25069162	rs4748982	chr10	25051201	25052400	17_EnhW2	16762
chr10	25069725	25069726	rs4747501	chr10	25051201	25052400	17_EnhW2	17326
chr10	25069864	25069865	rs10741064	chr10	25051201	25052400	17_EnhW2	17465
chr10	25070103	25070104	rs10741065	chr10	25051201	25052400	17_EnhW2	17704
chr10	25070605	25070606	rs10764496	chr10	25051201	25052400	17_EnhW2	18206
chr10	25071468	25071469	rs11014230	chr10	25051201	25052400	17_EnhW2	19069
chr10	25071511	25071512	rs10828700	chr10	25051201	25052400	17_EnhW2	19112
chr10	104318965	104318966	rs7893954	chr10	104338801	104340400	17_EnhW2	19836
chr10	105403299	105403300	rs61870170	chr10	105405201	105405800	17_EnhW2	1902
chr10	105403966	105403967	rs67220558	chr10	105405201	105405800	17_EnhW2	1235
chr10	105404503	105404504	rs2902634	chr10	105405201	105405800	17_EnhW2	698
chr10	105404861	105404862	rs7475602	chr10	105405201	105405800	17_EnhW2	340
chr10	105406754	105406755	rs146762971	chr10	105407601	105409400	17_EnhW2	847
chr10	105412729	105412730	rs3781345	chr10	105412601	105412800	17_EnhW2	0
chr10	105413642	105413643	rs10883893	chr10	105412601	105412800	17_EnhW2	843
chr10	105417036	105417037	rs60234473	chr10	105419601	105420400	16_EnhW1	2565
chr10	105418504	105418505	rs2172459	chr10	105419601	105420400	16_EnhW1	1097
chr10	105419027	105419028	rs11191759	chr10	105419601	105420400	16_EnhW1	574
chr10	105419286	105419287	rs3781344	chr10	105419601	105420400	16_EnhW1	315
chr10	105422956	105422957	rs10883894	chr10	105419601	105420400	16_EnhW1	2557
chr10	105423907	105423908	rs4918040	chr10	105427001	105429800	17_EnhW2	3094
chr10	105435788	105435789	rs12355387	chr10	105435801	105436200	17_EnhW2	13
chr10	105441217	105441218	rs11191762	chr10	105438001	105439600	17_EnhW2	1618
chr10	105441515	105441516	rs145881086	chr10	105438001	105439600	17_EnhW2	1916
chr10	105441529	105441530	rs2078244	chr10	105438001	105439600	17_EnhW2	1930
chr10	105442468	105442469	rs56134400	chr10	105443801	105444000	17_EnhW2	1333
chr10	105442915	105442916	rs11191763	chr10	105443801	105444000	17_EnhW2	886
chr10	105443035	105443036	rs11191764	chr10	105443801	105444000	17_EnhW2	766
chr10	105444122	105444123	rs143312364	chr10	105443801	105444000	17_EnhW2	123
chr10	105447780	105447781	rs7079298	chr10	105445201	105446400	17_EnhW2	1381
chr10	105447781	105447782	rs57694670	chr10	105445201	105446400	17_EnhW2	1382
chr10	105447837	105447838	rs61000833	chr10	105445201	105446400	17_EnhW2	1438
chr10	105454036	105454037	rs11394128	chr10	105455801	105456200	17_EnhW2	1765
chr10	105454042	105454043	rs2863994	chr10	105455801	105456200	17_EnhW2	1759
chr10	105454880	105454881	rs3758575	chr10	105455801	105456200	17_EnhW2	921
chr10	105455527	105455528	rs11191770	chr10	105455801	105456200	17_EnhW2	274
chr10	105458420	105458421	rs56365914	chr10	105457001	105457400	17_EnhW2	1021
chr10	105459833	105459834	rs11191772	chr10	105457001	105457400	17_EnhW2	2434
chr10	105595429	105595430	rs10883922	chr10	105594001	105595600	17_EnhW2	0
chr10	105596006	105596007	rs67764572	chr10	105594001	105595600	17_EnhW2	407
chr10	105596640	105596641	rs4918058	chr10	105597201	105597800	17_EnhW2	561
chr10	105599769	105599770	rs11191822	chr10	105599801	105600200	17_EnhW2	32
chr10	105601209	105601210	rs55983834	chr10	105601401	105601600	17_EnhW2	192
chr10	105606083	105606084	rs60288332	chr10	105605601	105606400	17_EnhW2	0
chr10	105608823	105608824	rs7091346	chr10	105605601	105606400	17_EnhW2	2424
chr10	105608837	105608838	rs10883926	chr10	105605601	105606400	17_EnhW2	2438
chr10	105610325	105610326	rs10786772	chr10	105605601	105606400	17_EnhW2	3926
chr10	105613177	105613178	rs7909791	chr10	105605601	105606400	17_EnhW2	6778
chr10	105614451	105614452	rs11191829	chr10	105605601	105606400	17_EnhW2	8052
chr10	105615073	105615074	rs10883928	chr10	105605601	105606400	17_EnhW2	8674
chr10	105615461	105615462	rs76220958	chr10	105605601	105606400	17_EnhW2	9062
chr10	105616481	105616482	rs2295786	chr10	105605601	105606400	17_EnhW2	10082
chr10	105617907	105617908	rs56093138	chr10	105605601	105606400	17_EnhW2	11508
chr10	105619677	105619678	rs11191833	chr10	105630001	105630400	17_EnhW2	10324
chr10	105621858	105621859	rs11191835	chr10	105630001	105630400	17_EnhW2	8143
chr10	105623954	105623955	rs10883931	chr10	105630001	105630400	17_EnhW2	6047
chr10	105627443	105627444	rs11191836	chr10	105630001	105630400	17_EnhW2	2558
chr10	105631125	105631126	rs4917404	chr10	105630601	105631200	17_EnhW2	0
chr10	105634588	105634589	rs75827076	chr10	105630601	105631200	17_EnhW2	3389
chr10	105634894	105634895	rs11191839	chr10	105630601	105631200	17_EnhW2	3695
chr10	105634895	105634896	rs11191840	chr10	105630601	105631200	17_EnhW2	3696
chr10	105635536	105635537	rs10883936	chr10	105630601	105631200	17_EnhW2	4337
chr10	105635678	105635679	rs12571024	chr10	105630601	105631200	17_EnhW2	4479
chr10	105639420	105639421	rs911547	chr10	105644401	105644800	17_EnhW2	4981
chr10	105642802	105642803	rs2073338	chr10	105644401	105644800	17_EnhW2	1599
chr10	105644274	105644275	rs10786773	chr10	105644401	105644800	17_EnhW2	127
chr10	105645724	105645725	rs6584579	chr10	105644401	105644800	17_EnhW2	925
chr10	105651656	105651657	rs10883944	chr10	105650201	105650400	18_EnhAc	1257
chr10	105656873	105656874	rs1570221	chr10	105656001	105656200	17_EnhW2	674
chr10	105657891	105657892	rs2984132	chr10	105656001	105656200	17_EnhW2	1692
chr10	105660444	105660445	rs56209197	chr10	105660201	105660400	17_EnhW2	45
chr10	105660451	105660452	rs139320396	chr10	105660201	105660400	17_EnhW2	52
chr10	105660650	105660651	rs2475216	chr10	105660201	105660400	17_EnhW2	251
chr10	105660985	105660986	rs2475214	chr10	105660201	105660400	17_EnhW2	586
chr10	105662993	105662994	rs10786776	chr10	105660201	105660400	17_EnhW2	2594
chr10	105664458	105664459	rs2475213	chr10	105667601	105667800	15_EnhAF	3143
chr10	105666744	105666745	rs9420904	chr10	105667601	105667800	15_EnhAF	857
chr10	105667109	105667110	rs7076119	chr10	105667601	105667800	15_EnhAF	492
chr10	105669287	105669288	rs374586152	chr10	105668601	105669000	15_EnhAF	288
chr10	105669289	105669290	rs371240513	chr10	105668601	105669000	15_EnhAF	290
chr10	105669303	105669304	rs56335095	chr10	105668601	105669000	15_EnhAF	304
chr10	105669304	105669305	rs199727998	chr10	105668601	105669000	15_EnhAF	305
chr10	105670848	105670849	rs3752946	chr10	105670201	105671200	17_EnhW2	0
chr10	105671247	105671248	rs1265166	chr10	105670201	105671200	17_EnhW2	48
chr10	105674853	105674854	rs1265164	chr10	105670201	105671200	17_EnhW2	3654
chr10	105675945	105675946	rs9419958	chr10	105678801	105679000	15_EnhAF	2856
chr10	105676464	105676465	rs9420907	chr10	105678801	105679000	15_EnhAF	2337
chr10	105677896	105677897	rs4387287	chr10	105678801	105679000	15_EnhAF	905
chr10	105679340	105679341	rs2488002	chr10	105678801	105679000	15_EnhAF	341
chr10	105680631	105680632	rs7907606	chr10	105681001	105681400	17_EnhW2	370
chr10	105682295	105682296	rs11813268	chr10	105681401	105682000	16_EnhW1	296
chr10	105682343	105682344	rs201581170	chr10	105681401	105682000	16_EnhW1	344
chr10	105682344	105682345	rs75113904	chr10	105681401	105682000	16_EnhW1	345
chr10	105687631	105687632	rs11591710	chr10	105688401	105689800	17_EnhW2	770
chr10	105692616	105692617	rs35818937	chr10	105688401	105689800	17_EnhW2	2817
chr10	118616109	118616110	rs7083543	chr10	118607801	118608200	16_EnhW1	7910
chr10	118616536	118616537	rs7087685	chr10	118607801	118608200	16_EnhW1	8337
chr10	118617260	118617261	rs9421248	chr10	118607801	118608200	16_EnhW1	9061
chr10	118619528	118619529	rs1637570	chr10	118629001	118629200	17_EnhW2	9473
chr10	118620776	118620777	rs9420215	chr10	118629001	118629200	17_EnhW2	8225
chr10	118620995	118620996	rs2170862	chr10	118629001	118629200	17_EnhW2	8006
chr10	118622127	118622128	rs2627197	chr10	118629001	118629200	17_EnhW2	6874
chr10	118623321	118623322	rs9421249	chr10	118629001	118629200	17_EnhW2	5680
chr10	118624227	118624228	rs9421250	chr10	118629001	118629200	17_EnhW2	4774
chr10	118625653	118625654	rs7896612	chr10	118629001	118629200	17_EnhW2	3348
chr10	118628035	118628036	rs1637571	chr10	118629001	118629200	17_EnhW2	966
chr10	118628384	118628385	rs1637572	chr10	118629001	118629200	17_EnhW2	617
chr10	118643669	118643670	rs2257791	chr10	118645801	118648400	17_EnhW2	2132
chr10	118646128	118646129	rs2531685	chr10	118645801	118648400	17_EnhW2	0
chr10	118648042	118648043	rs879255	chr10	118645801	118648400	17_EnhW2	0
chr10	118648840	118648841	rs3781566	chr10	118648601	118649000	17_EnhW2	0
chr10	118649703	118649704	rs5788199	chr10	118648601	118649000	17_EnhW2	704
chr10	118650995	118650996	rs10510025	chr10	118652601	118653800	17_EnhW2	1606
chr10	118651010	118651011	rs2531686	chr10	118652601	118653800	17_EnhW2	1591
chr10	118651881	118651882	rs740600	chr10	118652601	118653800	17_EnhW2	720
chr10	118665787	118665788	rs2531689	chr10	118677201	118677600	17_EnhW2	11414
chr10	118667345	118667346	rs2531690	chr10	118677201	118677600	17_EnhW2	9856
chr10	118668310	118668311	rs10886016	chr10	118677201	118677600	17_EnhW2	8891
chr10	118668476	118668477	rs2627194	chr10	118677201	118677600	17_EnhW2	8725
chr10	118670281	118670282	rs1419832	chr10	118677201	118677600	17_EnhW2	6920
chr10	118672530	118672531	rs10886017	chr10	118677201	118677600	17_EnhW2	4671
chr10	118676963	118676964	rs4638225	chr10	118677201	118677600	17_EnhW2	238
chr10	118678711	118678712	rs4752018	chr10	118677201	118677600	17_EnhW2	1112
chr10	118683916	118683917	rs200595759	chr10	118686201	118686400	17_EnhW2	2285
chr10	118689194	118689195	rs719012	chr10	118686201	118686400	17_EnhW2	2795
chr10	118692697	118692698	rs7089699	chr10	118686201	118686400	17_EnhW2	6298
chr10	118693861	118693862	rs11598817	chr10	118686201	118686400	17_EnhW2	7462
chr10	118695140	118695141	rs6585422	chr10	118686201	118686400	17_EnhW2	8741
chr10	118696265	118696266	rs4751614	chr10	118686201	118686400	17_EnhW2	9866
chr10	118697465	118697466	rs7079724	chr10	118706401	118706600	18_EnhAc	8936
chr10	118701725	118701726	rs71013625	chr10	118706401	118706600	18_EnhAc	4676
chr10	118704076	118704077	rs1905544	chr10	118706401	118706600	18_EnhAc	2325
chr10	118709378	118709379	rs7074047	chr10	118708001	118708200	18_EnhAc	1179
chr10	118712454	118712455	rs1905542	chr10	118708001	118708200	18_EnhAc	4255
chr10	118715365	118715366	rs7077565	chr10	118708001	118708200	18_EnhAc	7166
chr10	118715398	118715399	rs7902527	chr10	118708001	118708200	18_EnhAc	7199
chr10	118718187	118718188	rs34348857	chr10	118708001	118708200	18_EnhAc	9988
chr10	118718209	118718210	rs4092881	chr10	118708001	118708200	18_EnhAc	10010
chr10	118723483	118723484	rs72833408	chr10	118733001	118733600	17_EnhW2	9518
chr10	118728990	118728991	rs2118207	chr10	118733001	118733600	17_EnhW2	4011
chr10	118733561	118733562	rs7083142	chr10	118733001	118733600	17_EnhW2	0
chr10	118734345	118734346	rs11197861	chr10	118734201	118734800	17_EnhW2	0
chr10	118735632	118735633	rs1905541	chr10	118734201	118734800	17_EnhW2	833
chr10	118737036	118737037	rs2101264	chr10	118736801	118737000	17_EnhW2	37
chr10	118739313	118739314	rs1905539	chr10	118739001	118739400	15_EnhAF	0
chr10	118740140	118740141	rs7903295	chr10	118739401	118739800	17_EnhW2	341
chr10	118745666	118745667	rs11197863	chr10	118748201	118749000	17_EnhW2	2535
chr10	118750247	118750248	rs10787735	chr10	118749601	118752000	17_EnhW2	0
chr10	118752249	118752250	rs1122688	chr10	118752001	118752400	15_EnhAF	0
chr10	118757138	118757139	rs10218905	chr10	118755201	118755800	17_EnhW2	1339
chr10	118757353	118757354	rs11593277	chr10	118755201	118755800	17_EnhW2	1554
chr10	118760269	118760270	rs1905538	chr10	118755201	118755800	17_EnhW2	4470
chr10	118763585	118763586	rs7901788	chr10	118766201	118766400	16_EnhW1	2616
chr10	118767563	118767564	rs10886021	chr10	118766201	118766400	16_EnhW1	1164
chr10	118773332	118773333	rs12774341	chr10	118766201	118766400	16_EnhW1	6933
chr10	118776201	118776202	rs112278943	chr10	118766201	118766400	16_EnhW1	9802
chr10	118776305	118776306	rs12769006	chr10	118766201	118766400	16_EnhW1	9906
chr10	118777370	118777371	rs10787738	chr10	118766201	118766400	16_EnhW1	10971
chr10	118777906	118777907	rs56130739	chr10	118766201	118766400	16_EnhW1	11507
chr10	118777997	118777998	rs10749233	chr10	118766201	118766400	16_EnhW1	11598
chr10	118778078	118778079	rs10886022	chr10	118766201	118766400	16_EnhW1	11679
chr10	118778642	118778643	rs34712289	chr10	118766201	118766400	16_EnhW1	12243
chr10	118779303	118779304	rs7072663	chr10	118766201	118766400	16_EnhW1	12904
chr10	118783588	118783589	rs36152011	chr10	118794801	118795000	17_EnhW2	11213
chr10	118784512	118784513	rs11197868	chr10	118794801	118795000	17_EnhW2	10289
chr10	118786703	118786704	rs35276948	chr10	118794801	118795000	17_EnhW2	8098
chr10	118786960	118786961	rs7085083	chr10	118794801	118795000	17_EnhW2	7841
chr10	118788823	118788824	rs2420307	chr10	118794801	118795000	17_EnhW2	5978
chr10	118792619	118792620	rs2083022	chr10	118794801	118795000	17_EnhW2	2182
chr10	118795102	118795103	rs10886028	chr10	118794801	118795000	17_EnhW2	103
chr10	118796011	118796012	rs10886029	chr10	118794801	118795000	17_EnhW2	1012
chr10	118797678	118797679	rs7919506	chr10	118794801	118795000	17_EnhW2	2679
chr10	118798018	118798019	rs34274887	chr10	118794801	118795000	17_EnhW2	3019
chr10	118799570	118799571	rs11197871	chr10	118794801	118795000	17_EnhW2	4571
chr10	118800912	118800913	rs10787744	chr10	118794801	118795000	17_EnhW2	5913
chr10	118803797	118803798	rs149746577	chr10	118794801	118795000	17_EnhW2	8798
chr10	118804992	118804993	rs10886031	chr10	118794801	118795000	17_EnhW2	9993
chr10	118805707	118805708	rs10886032	chr10	118794801	118795000	17_EnhW2	10708
chr10	118809535	118809536	rs11197877	chr10	118794801	118795000	17_EnhW2	14536
chr10	118809869	118809870	rs10787745	chr10	118794801	118795000	17_EnhW2	14870
chr10	118809908	118809909	rs10787746	chr10	118794801	118795000	17_EnhW2	14909
chr10	118810231	118810232	rs10787747	chr10	118794801	118795000	17_EnhW2	15232
chr10	118810574	118810575	rs10886034	chr10	118794801	118795000	17_EnhW2	15575
chr10	118812268	118812269	rs11197878	chr10	118826201	118826600	17_EnhW2	13933
chr10	118812326	118812327	rs12251711	chr10	118826201	118826600	17_EnhW2	13875
chr10	118813955	118813956	rs10749236	chr10	118826201	118826600	17_EnhW2	12246
chr10	118815055	118815056	rs1898351	chr10	118826201	118826600	17_EnhW2	11146
chr10	118815096	118815097	rs71013636	chr10	118826201	118826600	17_EnhW2	11105
chr10	118816529	118816530	rs10787749	chr10	118826201	118826600	17_EnhW2	9672
chr10	118818548	118818549	rs7094283	chr10	118826201	118826600	17_EnhW2	7653
chr10	118818963	118818964	rs7094514	chr10	118826201	118826600	17_EnhW2	7238
chr10	118819898	118819899	rs10749238	chr10	118826201	118826600	17_EnhW2	6303
chr10	118820499	118820500	rs2118206	chr10	118826201	118826600	17_EnhW2	5702
chr10	118820831	118820832	rs10444104	chr10	118826201	118826600	17_EnhW2	5370
chr10	118824014	118824015	rs7093171	chr10	118826201	118826600	17_EnhW2	2187
chr10	118828042	118828043	rs1898353	chr10	118826201	118826600	17_EnhW2	1443
chr10	118828203	118828204	rs1898354	chr10	118826201	118826600	17_EnhW2	1604
chr10	118828368	118828369	rs1898355	chr10	118826201	118826600	17_EnhW2	1769
chr10	118829683	118829684	rs10787753	chr10	118826201	118826600	17_EnhW2	3084
chr10	118830842	118830843	rs3032990	chr10	118834601	118834800	17_EnhW2	3759
chr10	118831611	118831612	rs10787754	chr10	118834601	118834800	17_EnhW2	2990
chr10	118831805	118831806	rs2420308	chr10	118834601	118834800	17_EnhW2	2796
chr10	118833486	118833487	rs10886038	chr10	118834601	118834800	17_EnhW2	1115
chr10	118834300	118834301	rs1898357	chr10	118834601	118834800	17_EnhW2	301
chr10	118837777	118837778	rs1865954	chr10	118834601	118834800	17_EnhW2	2978
chr10	118837989	118837990	rs1865955	chr10	118834601	118834800	17_EnhW2	3190
chr10	118845455	118845456	rs10787757	chr10	118853801	118854800	17_EnhW2	8346
chr10	118848631	118848632	rs3858326	chr10	118853801	118854800	17_EnhW2	5170
chr10	118850215	118850216	rs12268087	chr10	118853801	118854800	17_EnhW2	3586
chr10	118852467	118852468	rs6585426	chr10	118853801	118854800	17_EnhW2	1334
chr10	118855240	118855241	rs1947798	chr10	118855001	118856200	17_EnhW2	0
chr10	118859628	118859629	rs7087662	chr10	118855001	118856200	17_EnhW2	3429
chr10	118860627	118860628	rs68182010	chr10	118855001	118856200	17_EnhW2	4428
chr10	118866970	118866971	rs34713685	chr10	118855001	118856200	17_EnhW2	10771
chr10	118869606	118869607	rs10510027	chr10	118855001	118856200	17_EnhW2	13407
chr10	118873077	118873078	rs71013642	chr10	118855001	118856200	17_EnhW2	16878
chr10	118873438	118873439	rs7917897	chr10	118855001	118856200	17_EnhW2	17239
chr10	118876411	118876412	rs10886043	chr10	118855001	118856200	17_EnhW2	20212
chr10	118880105	118880106	rs10787759	chr10	118855001	118856200	17_EnhW2	23906
chr11	1478564	1478565	rs7947308	chr11	1479601	1480400	17_EnhW2	1037
chr11	1482487	1482488	rs1574122	chr11	1482401	1482600	17_EnhW2	0
chr11	1483116	1483117	rs4046908	chr11	1482401	1482600	17_EnhW2	517
chr11	1483542	1483543	rs9795439	chr11	1482401	1482600	17_EnhW2	943
chr11	1488142	1488143	rs10835060	chr11	1482401	1482600	17_EnhW2	5543
chr11	1499980	1499981	rs10835234	chr11	1482401	1482600	17_EnhW2	17381
chr11	1501210	1501211	rs10835257	chr11	1482401	1482600	17_EnhW2	18611
chr11	1502337	1502338	rs11030218	chr11	1482401	1482600	17_EnhW2	19738
chr11	1511216	1511217	rs2334552	chr11	1533801	1534400	17_EnhW2	22585
chr11	1516109	1516110	rs10835531	chr11	1533801	1534400	17_EnhW2	17692
chr11	1532019	1532020	rs55923783	chr11	1533801	1534400	17_EnhW2	1782
chr11	1532983	1532984	rs7394412	chr11	1533801	1534400	17_EnhW2	818
chr11	1542119	1542120	rs6578471	chr11	1533801	1534400	17_EnhW2	7720
chr11	1548974	1548975	rs56857452	chr11	1533801	1534400	17_EnhW2	14575
chr11	1549601	1549602	rs6578483	chr11	1533801	1534400	17_EnhW2	15202
chr11	1549684	1549685	rs6578484	chr11	1533801	1534400	17_EnhW2	15285
chr11	1549696	1549697	rs6578485	chr11	1533801	1534400	17_EnhW2	15297
chr11	1550937	1550938	rs6578488	chr11	1533801	1534400	17_EnhW2	16538
chr11	1557766	1557767	rs10836096	chr11	1533801	1534400	17_EnhW2	23367
chr11	1561483	1561484	rs7127282	chr11	1585201	1586200	17_EnhW2	23718
chr11	1564471	1564472	rs28386994	chr11	1585201	1586200	17_EnhW2	20730
chr11	10432369	10432370	rs3741044	chr11	10427401	10427800	17_EnhW2	4570
chr11	10433253	10433254	rs57250388	chr11	10427401	10427800	17_EnhW2	5454
chr11	10434077	10434078	rs7103886	chr11	10427401	10427800	17_EnhW2	6278
chr11	10434408	10434409	rs11042789	chr11	10427401	10427800	17_EnhW2	6609
chr11	10434581	10434582	rs10743141	chr11	10427401	10427800	17_EnhW2	6782
chr11	10439710	10439711	rs9666586	chr11	10427401	10427800	17_EnhW2	11911
chr11	10444289	10444290	rs4910133	chr11	10460201	10460400	17_EnhW2	15912
chr11	10446677	10446678	rs7103998	chr11	10460201	10460400	17_EnhW2	13524
chr11	10452118	10452119	rs763471	chr11	10460201	10460400	17_EnhW2	8083
chr11	10452441	10452442	rs1376001	chr11	10460201	10460400	17_EnhW2	7760
chr11	10458595	10458596	rs1450270	chr11	10460201	10460400	17_EnhW2	1606
chr11	10459721	10459722	rs35901390	chr11	10460201	10460400	17_EnhW2	480
chr11	10463107	10463108	rs7119498	chr11	10460201	10460400	17_EnhW2	2708
chr11	10464658	10464659	rs9971562	chr11	10460201	10460400	17_EnhW2	4259
chr11	10466452	10466453	rs35862435	chr11	10460201	10460400	17_EnhW2	6053
chr11	10468500	10468501	rs11605232	chr11	10476401	10478200	16_EnhW1	7901
chr11	10468670	10468671	rs11604780	chr11	10476401	10478200	16_EnhW1	7731
chr11	10468711	10468712	rs11606703	chr11	10476401	10478200	16_EnhW1	7690
chr11	10468723	10468724	rs11602632	chr11	10476401	10478200	16_EnhW1	7678
chr11	10468905	10468906	rs11604833	chr11	10476401	10478200	16_EnhW1	7496
chr11	10468952	10468953	rs11604838	chr11	10476401	10478200	16_EnhW1	7449
chr11	10470439	10470440	rs7929999	chr11	10476401	10478200	16_EnhW1	5962
chr11	10470851	10470852	rs6484290	chr11	10476401	10478200	16_EnhW1	5550
chr11	10471217	10471218	rs7112321	chr11	10476401	10478200	16_EnhW1	5184
chr11	10471679	10471680	rs7111970	chr11	10476401	10478200	16_EnhW1	4722
chr11	10472063	10472064	rs7938316	chr11	10476401	10478200	16_EnhW1	4338
chr11	10472491	10472492	rs35417007	chr11	10476401	10478200	16_EnhW1	3910
chr11	10473888	10473889	rs11042811	chr11	10476401	10478200	16_EnhW1	2513
chr11	10474009	10474010	rs11042812	chr11	10476401	10478200	16_EnhW1	2392
chr11	10474496	10474497	rs61264398	chr11	10476401	10478200	16_EnhW1	1905
chr11	10475369	10475370	rs7949917	chr11	10476401	10478200	16_EnhW1	1032
chr11	10475466	10475467	rs7950039	chr11	10476401	10478200	16_EnhW1	935
chr11	10475760	10475761	rs4909930	chr11	10476401	10478200	16_EnhW1	641
chr11	10475771	10475772	rs4909931	chr11	10476401	10478200	16_EnhW1	630
chr11	10475966	10475967	rs4909932	chr11	10476401	10478200	16_EnhW1	435
chr11	10476688	10476689	rs899013	chr11	10476401	10478200	16_EnhW1	0
chr11	10477126	10477127	rs899010	chr11	10476401	10478200	16_EnhW1	0
chr11	10478227	10478228	rs2071020	chr11	10476401	10478200	16_EnhW1	28
chr11	10478507	10478508	rs930672	chr11	10476401	10478200	16_EnhW1	308
chr11	10481215	10481216	rs11820856	chr11	10480401	10481200	17_EnhW2	16
chr11	10481600	10481601	rs71476871	chr11	10480401	10481200	17_EnhW2	401
chr11	10481612	10481613	rs936514	chr11	10480401	10481200	17_EnhW2	413
chr11	10481666	10481667	rs936513	chr11	10480401	10481200	17_EnhW2	467
chr11	10481955	10481956	rs34448488	chr11	10480401	10481200	17_EnhW2	756
chr11	10486186	10486187	rs7944154	chr11	10485801	10486600	17_EnhW2	0
chr11	10488874	10488875	rs6484302	chr11	10485801	10486600	17_EnhW2	2275
chr11	10489825	10489826	rs7130140	chr11	10485801	10486600	17_EnhW2	3226
chr11	10489889	10489890	rs142636929	chr11	10485801	10486600	17_EnhW2	3290
chr11	10490414	10490415	rs10840420	chr11	10485801	10486600	17_EnhW2	3815
chr11	10491585	10491586	rs139532461	chr11	10485801	10486600	17_EnhW2	4986
chr11	10491740	10491741	rs10840422	chr11	10485801	10486600	17_EnhW2	5141
chr11	10492319	10492320	rs139180025	chr11	10485801	10486600	17_EnhW2	5720
chr11	10492319	10492320	rs12786914	chr11	10485801	10486600	17_EnhW2	5720
chr11	10493320	10493321	rs11042826	chr11	10485801	10486600	17_EnhW2	6721
chr11	10494131	10494132	rs12800954	chr11	10485801	10486600	17_EnhW2	7532
chr11	10498469	10498470	rs71034768	chr11	10509801	10510200	17_EnhW2	11332
chr11	10499102	10499103	rs4910143	chr11	10509801	10510200	17_EnhW2	10699
chr11	10501303	10501304	rs4910144	chr11	10509801	10510200	17_EnhW2	8498
chr11	10504007	10504008	rs10840424	chr11	10509801	10510200	17_EnhW2	5794
chr11	10504233	10504234	rs67126274	chr11	10509801	10510200	17_EnhW2	5568
chr11	10504639	10504640	rs10840425	chr11	10509801	10510200	17_EnhW2	5162
chr11	10504750	10504751	rs11042839	chr11	10509801	10510200	17_EnhW2	5051
chr11	10505173	10505174	rs11042840	chr11	10509801	10510200	17_EnhW2	4628
chr11	10505208	10505209	rs11042841	chr11	10509801	10510200	17_EnhW2	4593
chr11	10505400	10505401	rs12271597	chr11	10509801	10510200	17_EnhW2	4401
chr11	10505457	10505458	rs12271609	chr11	10509801	10510200	17_EnhW2	4344
chr11	10506254	10506255	rs10770119	chr11	10509801	10510200	17_EnhW2	3547
chr11	10506706	10506707	rs7113101	chr11	10509801	10510200	17_EnhW2	3095
chr11	10507980	10507981	rs11042846	chr11	10509801	10510200	17_EnhW2	1821
chr11	10509399	10509400	rs7101934	chr11	10509801	10510200	17_EnhW2	402
chr11	10655020	10655021	rs12360799	chr11	10647001	10647400	17_EnhW2	7621
chr11	10655622	10655623	rs11042902	chr11	10647001	10647400	17_EnhW2	8223
chr11	10657738	10657739	rs1863244	chr11	10647001	10647400	17_EnhW2	10339
chr11	10658734	10658735	rs1035691	chr11	10647001	10647400	17_EnhW2	11335
chr11	10660066	10660067	rs11603178	chr11	10672201	10672400	17_EnhW2	12135
chr11	10660815	10660816	rs7936267	chr11	10672201	10672400	17_EnhW2	11386
chr11	10660839	10660840	rs7936275	chr11	10672201	10672400	17_EnhW2	11362
chr11	10664032	10664033	rs2052690	chr11	10672201	10672400	17_EnhW2	8169
chr11	10664420	10664421	rs2052691	chr11	10672201	10672400	17_EnhW2	7781
chr11	10664900	10664901	rs10840453	chr11	10672201	10672400	17_EnhW2	7301
chr11	10665234	10665235	rs11042906	chr11	10672201	10672400	17_EnhW2	6967
chr11	10667274	10667275	rs6484437	chr11	10672201	10672400	17_EnhW2	4927
chr11	10667640	10667641	rs2052692	chr11	10672201	10672400	17_EnhW2	4561
chr11	10669171	10669172	rs4442541	chr11	10672201	10672400	17_EnhW2	3030
chr11	10669227	10669228	rs7940646	chr11	10672201	10672400	17_EnhW2	2974
chr11	10673738	10673739	rs4909945	chr11	10672201	10672400	17_EnhW2	1339
chr11	10674043	10674044	rs4910165	chr11	10672201	10672400	17_EnhW2	1644
chr11	10675737	10675738	rs10840457	chr11	10672201	10672400	17_EnhW2	3338
chr11	10676986	10676987	rs2098839	chr11	10680801	10681000	17_EnhW2	3815
chr11	10677372	10677373	rs1863243	chr11	10680801	10681000	17_EnhW2	3429
chr11	10679440	10679441	rs1544861	chr11	10680801	10681000	17_EnhW2	1361
chr11	10682247	10682248	rs10770131	chr11	10680801	10681000	17_EnhW2	1248
chr11	10684059	10684060	rs7947953	chr11	10680801	10681000	17_EnhW2	3060
chr11	10684195	10684196	rs7951153	chr11	10680801	10681000	17_EnhW2	3196
chr11	10689225	10689226	rs903822	chr11	10688001	10688200	17_EnhW2	1026
chr11	10689453	10689454	rs881869	chr11	10688001	10688200	17_EnhW2	1254
chr11	10689819	10689820	rs1390571	chr11	10688001	10688200	17_EnhW2	1620
chr11	10691079	10691080	rs903823	chr11	10688001	10688200	17_EnhW2	2880
chr11	10691436	10691437	rs903824	chr11	10688001	10688200	17_EnhW2	3237
chr11	10691613	10691614	rs1874443	chr11	10688001	10688200	17_EnhW2	3414
chr11	10691720	10691721	rs1874445	chr11	10688001	10688200	17_EnhW2	3521
chr11	10692171	10692172	rs12363520	chr11	10688001	10688200	17_EnhW2	3972
chr11	10695800	10695801	rs1390575	chr11	10696201	10697000	16_EnhW1	401
chr11	10695945	10695946	rs1863245	chr11	10696201	10697000	16_EnhW1	256
chr11	10699695	10699696	rs890115	chr11	10697001	10697400	17_EnhW2	2296
chr11	10699748	10699749	rs1075768	chr11	10697001	10697400	17_EnhW2	2349
chr11	10699749	10699750	rs733534	chr11	10697001	10697400	17_EnhW2	2350
chr11	19868376	19868377	rs2585782	chr11	19868201	19870400	17_EnhW2	0
chr11	19868758	19868759	rs2625319	chr11	19868201	19870400	17_EnhW2	0
chr11	19869015	19869016	rs2707111	chr11	19868201	19870400	17_EnhW2	0
chr11	19872845	19872846	rs2249178	chr11	19874001	19874200	17_EnhW2	1156
chr11	19873439	19873440	rs368287647	chr11	19874001	19874200	17_EnhW2	562
chr11	19873444	19873445	rs201777942	chr11	19874001	19874200	17_EnhW2	557
chr11	19876928	19876929	rs2585784	chr11	19874801	19875000	17_EnhW2	1929
chr11	19878031	19878032	rs2625320	chr11	19874801	19875000	17_EnhW2	3032
chr11	19881936	19881937	rs372896863	chr11	19885401	19886000	17_EnhW2	3465
chr11	19883861	19883862	rs2625326	chr11	19885401	19886000	17_EnhW2	1540
chr11	19883888	19883889	rs2707095	chr11	19885401	19886000	17_EnhW2	1513
chr11	19889077	19889078	rs2585788	chr11	19888601	19891000	17_EnhW2	0
chr11	19891455	19891456	rs2585789	chr11	19888601	19891000	17_EnhW2	456
chr11	19893620	19893621	rs7934251	chr11	19893601	19896000	17_EnhW2	0
chr11	19895755	19895756	rs2585753	chr11	19893601	19896000	17_EnhW2	0
chr11	19896042	19896043	rs2625313	chr11	19893601	19896000	17_EnhW2	43
chr11	19898187	19898188	rs2585755	chr11	19899801	19900400	17_EnhW2	1614
chr11	19900201	19900202	rs2585756	chr11	19899801	19900400	17_EnhW2	0
chr11	19902265	19902266	rs2585757	chr11	19899801	19900400	17_EnhW2	1866
chr11	19902689	19902690	rs2585758	chr11	19899801	19900400	17_EnhW2	2290
chr11	19903756	19903757	rs2625312	chr11	19899801	19900400	17_EnhW2	3357
chr11	44619039	44619040	rs2115665	chr11	44617801	44618600	17_EnhW2	440
chr11	44620956	44620957	rs4755850	chr11	44622001	44623200	17_EnhW2	1045
chr11	44626460	44626461	rs4755851	chr11	44624401	44625200	17_EnhW2	1261
chr11	44632953	44632954	rs919445	chr11	44636801	44637000	17_EnhW2	3848
chr11	44635557	44635558	rs202180602	chr11	44636801	44637000	17_EnhW2	1244
chr11	44636546	44636547	rs7935166	chr11	44636801	44637000	17_EnhW2	255
chr11	44636832	44636833	rs2303865	chr11	44636801	44637000	17_EnhW2	0
chr11	107766972	107766973	rs4753822	chr11	107775201	107775400	17_EnhW2	8229
chr11	107769406	107769407	rs484334	chr11	107775201	107775400	17_EnhW2	5795
chr11	107772103	107772104	rs563811	chr11	107775201	107775400	17_EnhW2	3098
chr11	107777209	107777210	rs552905	chr11	107775201	107775400	17_EnhW2	1810
chr11	107781033	107781034	rs7115902	chr11	107775201	107775400	17_EnhW2	5634
chr11	107784941	107784942	rs493342	chr11	107775201	107775400	17_EnhW2	9542
chr11	107791926	107791927	rs5794578	chr11	107775201	107775400	17_EnhW2	16527
chr11	107791994	107791995	rs11212437	chr11	107775201	107775400	17_EnhW2	16595
chr11	107793411	107793412	rs3132841	chr11	107775201	107775400	17_EnhW2	18012
chr11	107793878	107793879	rs520136	chr11	107775201	107775400	17_EnhW2	18479
chr11	107801582	107801583	rs201134567	chr11	107818601	107819800	17_EnhW2	17019
chr11	107804570	107804571	rs2442690	chr11	107818601	107819800	17_EnhW2	14031
chr11	107806924	107806925	rs10890778	chr11	107818601	107819800	17_EnhW2	11677
chr11	107807130	107807131	rs147559084	chr11	107818601	107819800	17_EnhW2	11471
chr11	107814829	107814830	rs10890782	chr11	107818601	107819800	17_EnhW2	3772
chr11	107814832	107814833	rs10890783	chr11	107818601	107819800	17_EnhW2	3769
chr11	107815198	107815199	rs12361830	chr11	107818601	107819800	17_EnhW2	3403
chr11	107820837	107820838	rs112488182	chr11	107818601	107819800	17_EnhW2	1038
chr11	107825238	107825239	rs10890784	chr11	107826801	107827200	17_EnhW2	1563
chr11	107833796	107833797	rs10716882	chr11	107826801	107827200	17_EnhW2	6597
chr11	107834107	107834108	rs10789645	chr11	107841001	107841200	17_EnhW2	6894
chr11	107834122	107834123	rs10789646	chr11	107841001	107841200	17_EnhW2	6879
chr12	18373983	18373984	rs7135155	chr12	18376801	18377800	17_EnhW2	2818
chr12	18374314	18374315	rs7309591	chr12	18376801	18377800	17_EnhW2	2487
chr12	18374675	18374676	rs67716218	chr12	18376801	18377800	17_EnhW2	2126
chr12	18376775	18376776	rs11835887	chr12	18376801	18377800	17_EnhW2	26
chr12	18378704	18378705	rs16914050	chr12	18376801	18377800	17_EnhW2	905
chr12	18379012	18379013	rs34447004	chr12	18376801	18377800	17_EnhW2	1213
chr12	18385305	18385306	rs7968703	chr12	18376801	18377800	17_EnhW2	7506
chr12	18386836	18386837	rs34342565	chr12	18376801	18377800	17_EnhW2	9037
chr12	18397739	18397740	rs11043977	chr12	18403601	18403800	17_EnhW2	5862
chr12	18411159	18411160	rs73056485	chr12	18414201	18414600	17_EnhW2	3042
chr12	18423623	18423624	rs55923333	chr12	18429001	18429400	17_EnhW2	5378
chr12	18427587	18427588	rs80204864	chr12	18429001	18429400	17_EnhW2	1414
chr12	18452471	18452472	rs11836069	chr12	18450001	18453000	17_EnhW2	0
chr12	18458766	18458767	rs12827124	chr12	18450001	18453000	17_EnhW2	5767
chr12	18463450	18463451	rs10505812	chr12	18450001	18453000	17_EnhW2	10451
chr12	23012942	23012943	rs77475884	chr12	23013601	23014000	17_EnhW2	659
chr12	23021459	23021460	rs139966184	chr12	23013601	23014000	17_EnhW2	7460
chr12	50878125	50878126	rs61927765	chr12	50874401	50874800	17_EnhW2	3326
chr12	50921494	50921495	rs4768849	chr12	50926201	50926400	17_EnhW2	4707
chr12	65832467	65832468	rs61921502	chr12	65820801	65821600	17_EnhW2	10868
chr12	92068052	92068053	rs78754530	chr12	91982601	91982800	17_EnhW2	85253
chr12	92069710	92069711	rs147404945	chr12	91982601	91982800	17_EnhW2	86911
chr12	92078442	92078443	rs80043968	chr12	92172401	92173200	16_EnhW1	93959
chr12	92080719	92080720	rs145430872	chr12	92172401	92173200	16_EnhW1	91682
chr12	92081768	92081769	rs117346209	chr12	92172401	92173200	16_EnhW1	90633
chr12	92084149	92084150	rs139760484	chr12	92172401	92173200	16_EnhW1	88252
chr12	92086619	92086620	rs117558304	chr12	92172401	92173200	16_EnhW1	85782
chr12	92087373	92087374	rs74359605	chr12	92172401	92173200	16_EnhW1	85028
chr12	92087859	92087860	rs75938706	chr12	92172401	92173200	16_EnhW1	84542
chr12	92089416	92089417	rs142269906	chr12	92172401	92173200	16_EnhW1	82985
chr12	92095580	92095581	rs140782786	chr12	92172401	92173200	16_EnhW1	76821
chr12	92095623	92095624	rs74544895	chr12	92172401	92173200	16_EnhW1	76778
chr12	92096239	92096240	rs116906583	chr12	92172401	92173200	16_EnhW1	76162
chr12	92096574	92096575	rs191644194	chr12	92172401	92173200	16_EnhW1	75827
chr12	92097258	92097259	rs143135500	chr12	92172401	92173200	16_EnhW1	75143
chr12	92100468	92100469	rs79989713	chr12	92172401	92173200	16_EnhW1	71933
chr12	92100670	92100671	rs75965246	chr12	92172401	92173200	16_EnhW1	71731
chr12	92101848	92101849	rs79006315	chr12	92172401	92173200	16_EnhW1	70553
chr12	92103988	92103989	rs144235028	chr12	92172401	92173200	16_EnhW1	68413
chr12	92107578	92107579	rs78120715	chr12	92172401	92173200	16_EnhW1	64823
chr12	92108285	92108286	rs117655484	chr12	92172401	92173200	16_EnhW1	64116
chr12	92110447	92110448	rs116885619	chr12	92172401	92173200	16_EnhW1	61954
chr12	92115033	92115034	rs76121582	chr12	92172401	92173200	16_EnhW1	57368
chr12	92116437	92116438	rs149715998	chr12	92172401	92173200	16_EnhW1	55964
chr12	92116873	92116874	rs185275685	chr12	92172401	92173200	16_EnhW1	55528
chr12	92121065	92121066	rs77367388	chr12	92172401	92173200	16_EnhW1	51336
chr12	92121193	92121194	rs75724249	chr12	92172401	92173200	16_EnhW1	51208
chr12	92124933	92124934	rs79913836	chr12	92172401	92173200	16_EnhW1	47468
chr12	92125331	92125332	rs76416906	chr12	92172401	92173200	16_EnhW1	47070
chr12	92131150	92131151	rs76426341	chr12	92172401	92173200	16_EnhW1	41251
chr12	92131184	92131185	rs79706180	chr12	92172401	92173200	16_EnhW1	41217
chr12	92132267	92132268	rs117475347	chr12	92172401	92173200	16_EnhW1	40134
chr12	92132280	92132281	rs139900585	chr12	92172401	92173200	16_EnhW1	40121
chr12	92133176	92133177	rs117049572	chr12	92172401	92173200	16_EnhW1	39225
chr12	92133625	92133626	rs78670237	chr12	92172401	92173200	16_EnhW1	38776
chr12	92133924	92133925	rs117746693	chr12	92172401	92173200	16_EnhW1	38477
chr12	92135944	92135945	rs78274115	chr12	92172401	92173200	16_EnhW1	36457
chr12	92136427	92136428	rs150194742	chr12	92172401	92173200	16_EnhW1	35974
chr12	92137357	92137358	rs144243357	chr12	92172401	92173200	16_EnhW1	35044
chr12	92137876	92137877	rs117343166	chr12	92172401	92173200	16_EnhW1	34525
chr12	92139635	92139636	rs75436985	chr12	92172401	92173200	16_EnhW1	32766
chr12	92139736	92139737	rs117063759	chr12	92172401	92173200	16_EnhW1	32665
chr12	92139942	92139943	rs117995554	chr12	92172401	92173200	16_EnhW1	32459
chr12	92140930	92140931	rs117413342	chr12	92172401	92173200	16_EnhW1	31471
chr12	92140983	92140984	rs78406367	chr12	92172401	92173200	16_EnhW1	31418
chr12	92142977	92142978	rs117523958	chr12	92172401	92173200	16_EnhW1	29424
chr12	92143058	92143059	rs186174050	chr12	92172401	92173200	16_EnhW1	29343
chr12	92143254	92143255	rs79780242	chr12	92172401	92173200	16_EnhW1	29147
chr12	92143669	92143670	rs187545004	chr12	92172401	92173200	16_EnhW1	28732
chr12	92144538	92144539	rs187415834	chr12	92172401	92173200	16_EnhW1	27863
chr12	92144913	92144914	rs10466978	chr12	92172401	92173200	16_EnhW1	27488
chr12	92145096	92145097	rs150369486	chr12	92172401	92173200	16_EnhW1	27305
chr12	92145192	92145193	rs77583670	chr12	92172401	92173200	16_EnhW1	27209
chr12	92146164	92146165	rs148078053	chr12	92172401	92173200	16_EnhW1	26237
chr12	92146340	92146341	rs79410061	chr12	92172401	92173200	16_EnhW1	26061
chr12	92148246	92148247	rs116450908	chr12	92172401	92173200	16_EnhW1	24155
chr12	92149073	92149074	rs77819853	chr12	92172401	92173200	16_EnhW1	23328
chr12	92150080	92150081	rs74615591	chr12	92172401	92173200	16_EnhW1	22321
chr12	92150507	92150508	rs76127986	chr12	92172401	92173200	16_EnhW1	21894
chr12	92153574	92153575	rs190523670	chr12	92172401	92173200	16_EnhW1	18827
chr12	92153708	92153709	rs118084507	chr12	92172401	92173200	16_EnhW1	18693
chr12	92155249	92155250	rs76425100	chr12	92172401	92173200	16_EnhW1	17152
chr12	92155943	92155944	rs79780514	chr12	92172401	92173200	16_EnhW1	16458
chr12	92157544	92157545	rs118172592	chr12	92172401	92173200	16_EnhW1	14857
chr12	92158536	92158537	rs78373271	chr12	92172401	92173200	16_EnhW1	13865
chr12	92158873	92158874	rs117672239	chr12	92172401	92173200	16_EnhW1	13528
chr12	92161391	92161392	rs147070935	chr12	92172401	92173200	16_EnhW1	11010
chr12	92162653	92162654	rs144520852	chr12	92172401	92173200	16_EnhW1	9748
chr12	92162757	92162758	rs78404074	chr12	92172401	92173200	16_EnhW1	9644
chr12	92163584	92163585	rs77382302	chr12	92172401	92173200	16_EnhW1	8817
chr12	92164866	92164867	rs141381918	chr12	92172401	92173200	16_EnhW1	7535
chr12	92165851	92165852	rs78644722	chr12	92172401	92173200	16_EnhW1	6550
chr12	92166167	92166168	rs76774856	chr12	92172401	92173200	16_EnhW1	6234
chr12	92166860	92166861	rs117678457	chr12	92172401	92173200	16_EnhW1	5541
chr12	92167511	92167512	rs80128173	chr12	92172401	92173200	16_EnhW1	4890
chr12	92170610	92170611	rs200943328	chr12	92172401	92173200	16_EnhW1	1791
chr12	92170701	92170702	rs75474939	chr12	92172401	92173200	16_EnhW1	1700
chr12	92173123	92173124	rs76572408	chr12	92172401	92173200	16_EnhW1	0
chr12	92173687	92173688	rs79898578	chr12	92173201	92173400	17_EnhW2	288
chr12	92174602	92174603	rs75352883	chr12	92173201	92173400	17_EnhW2	1203
chr12	92177796	92177797	rs79584146	chr12	92180001	92180800	17_EnhW2	2205
chr12	92178093	92178094	rs117800813	chr12	92180001	92180800	17_EnhW2	1908
chr12	92179459	92179460	rs117890667	chr12	92180001	92180800	17_EnhW2	542
chr12	92181127	92181128	rs76544099	chr12	92180001	92180800	17_EnhW2	328
chr12	92181331	92181332	rs117622612	chr12	92180001	92180800	17_EnhW2	532
chr12	92181789	92181790	rs151290279	chr12	92180001	92180800	17_EnhW2	990
chr12	92187472	92187473	rs79545557	chr12	92188801	92189000	17_EnhW2	1329
chr12	92192481	92192482	rs182276795	chr12	92188801	92189000	17_EnhW2	3482
chr12	92193701	92193702	rs79399495	chr12	92188801	92189000	17_EnhW2	4702
chr12	92198208	92198209	rs78165207	chr12	92188801	92189000	17_EnhW2	9209
chr12	92200908	92200909	rs117831255	chr12	92188801	92189000	17_EnhW2	11909
chr12	92202481	92202482	rs143418042	chr12	92188801	92189000	17_EnhW2	13482
chr12	92203493	92203494	rs140621732	chr12	92188801	92189000	17_EnhW2	14494
chr12	92212663	92212664	rs117545542	chr12	92188801	92189000	17_EnhW2	23664
chr12	92212931	92212932	rs139903535	chr12	92188801	92189000	17_EnhW2	23932
chr12	92219511	92219512	rs117360933	chr12	92188801	92189000	17_EnhW2	30512
chr12	92220734	92220735	rs117849492	chr12	92188801	92189000	17_EnhW2	31735
chr12	92220902	92220903	rs137870232	chr12	92188801	92189000	17_EnhW2	31903
chr12	92228121	92228122	rs78942904	chr12	92188801	92189000	17_EnhW2	39122
chr12	92229250	92229251	rs117459425	chr12	92188801	92189000	17_EnhW2	40251
chr12	92230345	92230346	rs112395630	chr12	92188801	92189000	17_EnhW2	41346
chr12	92230872	92230873	rs74933706	chr12	92188801	92189000	17_EnhW2	41873
chr12	92231173	92231174	rs117753039	chr12	92188801	92189000	17_EnhW2	42174
chr12	92232774	92232775	rs148379190	chr12	92188801	92189000	17_EnhW2	43775
chr12	92238463	92238464	rs117740534	chr12	92188801	92189000	17_EnhW2	49464
chr12	102107464	102107465	rs143560673	chr12	102079201	102079400	17_EnhW2	28065
chr12	102108300	102108301	rs2066920	chr12	102079201	102079400	17_EnhW2	28901
chr12	102109892	102109893	rs1544922	chr12	102079201	102079400	17_EnhW2	30493
chr12	102111429	102111430	rs1544920	chr12	102079201	102079400	17_EnhW2	32030
chr12	102112290	102112291	rs1134165	chr12	102144201	102144600	17_EnhW2	31911
chr12	102118267	102118268	rs7957552	chr12	102144201	102144600	17_EnhW2	25934
chr12	102120362	102120363	rs8181675	chr12	102144201	102144600	17_EnhW2	23839
chr12	102121092	102121093	rs4764650	chr12	102144201	102144600	17_EnhW2	23109
chr12	102124765	102124766	rs12296641	chr12	102144201	102144600	17_EnhW2	19436
chr12	102129080	102129081	rs11110987	chr12	102144201	102144600	17_EnhW2	15121
chr12	102129166	102129167	rs11110988	chr12	102144201	102144600	17_EnhW2	15035
chr12	102138707	102138708	rs1980144	chr12	102144201	102144600	17_EnhW2	5494
chr12	102140049	102140050	rs59855215	chr12	102144201	102144600	17_EnhW2	4152
chr12	102147087	102147088	rs11110997	chr12	102144201	102144600	17_EnhW2	2488
chr12	102151976	102151977	rs11111001	chr12	102144201	102144600	17_EnhW2	7377
chr12	102152968	102152969	rs112458965	chr12	102144201	102144600	17_EnhW2	8369
chr12	102159522	102159523	rs11111007	chr12	102144201	102144600	17_EnhW2	14923
chr12	102161395	102161396	rs11111013	chr12	102144201	102144600	17_EnhW2	16796
chr12	102162519	102162520	rs76800594	chr12	102144201	102144600	17_EnhW2	17920
chr12	102163512	102163513	rs11111014	chr12	102144201	102144600	17_EnhW2	18913
chr12	102166228	102166229	rs61938169	chr12	102144201	102144600	17_EnhW2	21629
chr12	102166526	102166527	rs11111016	chr12	102144201	102144600	17_EnhW2	21927
chr12	102168150	102168151	rs1024587	chr12	102144201	102144600	17_EnhW2	23551
chr12	102171475	102171476	rs55829819	chr12	102144201	102144600	17_EnhW2	26876
chr12	102171586	102171587	rs55847668	chr12	102144201	102144600	17_EnhW2	26987
chr12	102173032	102173033	rs10860784	chr12	102201001	102202000	17_EnhW2	27969
chr12	102173250	102173251	rs12229901	chr12	102201001	102202000	17_EnhW2	27751
chr12	102192814	102192815	rs200756633	chr12	102201001	102202000	17_EnhW2	8187
chr12	102194139	102194140	rs11111029	chr12	102201001	102202000	17_EnhW2	6862
chr12	102194590	102194591	rs12579766	chr12	102201001	102202000	17_EnhW2	6411
chr12	102197397	102197398	rs5800489	chr12	102201001	102202000	17_EnhW2	3604
chr12	102199328	102199329	rs4764821	chr12	102201001	102202000	17_EnhW2	1673
chr12	102203164	102203165	rs55649039	chr12	102201001	102202000	17_EnhW2	1165
chr12	102207362	102207363	rs61329942	chr12	102201001	102202000	17_EnhW2	5363
chr12	102210220	102210221	rs10860791	chr12	102215201	102216200	17_EnhW2	4981
chr12	102224107	102224108	rs4764825	chr12	102225201	102225400	16_EnhW1	1094
chr12	102224435	102224436	rs4764655	chr12	102225201	102225400	16_EnhW1	766
chr12	102227364	102227365	rs12229323	chr12	102225201	102225400	16_EnhW1	1965
chr12	102229247	102229248	rs61938212	chr12	102225201	102225400	16_EnhW1	3848
chr12	102229630	102229631	rs7966207	chr12	102225201	102225400	16_EnhW1	4231
chr12	102231399	102231400	rs113086173	chr12	102225201	102225400	16_EnhW1	6000
chr12	102232009	102232010	rs12227685	chr12	102225201	102225400	16_EnhW1	6610
chr12	102232088	102232089	rs12229145	chr12	102225201	102225400	16_EnhW1	6689
chr12	102232115	102232116	rs11111051	chr12	102225201	102225400	16_EnhW1	6716
chr12	102233422	102233423	rs12581851	chr12	102225201	102225400	16_EnhW1	8023
chr12	102234741	102234742	rs10860797	chr12	102225201	102225400	16_EnhW1	9342
chr12	102238590	102238591	rs58971574	chr12	102225201	102225400	16_EnhW1	13191
chr12	102238822	102238823	rs148090043	chr12	102225201	102225400	16_EnhW1	13423
chr12	102239704	102239705	rs11458277	chr12	102225201	102225400	16_EnhW1	14305
chr12	102239840	102239841	rs61938214	chr12	102225201	102225400	16_EnhW1	14441
chr12	102240582	102240583	rs7294962	chr12	102225201	102225400	16_EnhW1	15183
chr12	102240963	102240964	rs4764656	chr12	102256001	102256200	17_EnhW2	15038
chr12	102243930	102243931	rs10708042	chr12	102256001	102256200	17_EnhW2	12071
chr12	102245003	102245004	rs61938215	chr12	102256001	102256200	17_EnhW2	10998
chr12	102247508	102247509	rs61108657	chr12	102256001	102256200	17_EnhW2	8493
chr12	102253153	102253154	rs61938217	chr12	102256001	102256200	17_EnhW2	2848
chr12	102254774	102254775	rs61938218	chr12	102256001	102256200	17_EnhW2	1227
chr12	102255827	102255828	rs59161445	chr12	102256001	102256200	17_EnhW2	174
chr12	102257008	102257009	rs61935777	chr12	102256001	102256200	17_EnhW2	809
chr12	102258735	102258736	rs113667356	chr12	102260601	102261000	17_EnhW2	1866
chr12	102258872	102258873	rs61935779	chr12	102260601	102261000	17_EnhW2	1729
chr12	102259283	102259284	rs4764828	chr12	102260601	102261000	17_EnhW2	1318
chr12	102260312	102260313	rs61935780	chr12	102260601	102261000	17_EnhW2	289
chr12	102261960	102261961	rs57347562	chr12	102260601	102261000	17_EnhW2	961
chr12	102262041	102262042	rs55766376	chr12	102260601	102261000	17_EnhW2	1042
chr12	102263333	102263334	rs59432325	chr12	102260601	102261000	17_EnhW2	2334
chr12	102263692	102263693	rs61935782	chr12	102260601	102261000	17_EnhW2	2693
chr12	102265146	102265147	rs373247497	chr12	102260601	102261000	17_EnhW2	4147
chr12	102266325	102266326	rs61935785	chr12	102260601	102261000	17_EnhW2	5326
chr12	102266795	102266796	rs61935786	chr12	102260601	102261000	17_EnhW2	5796
chr12	102267492	102267493	rs78024807	chr12	102260601	102261000	17_EnhW2	6493
chr12	102268683	102268684	rs111399941	chr12	102260601	102261000	17_EnhW2	7684
chr12	102270687	102270688	rs61935788	chr12	102260601	102261000	17_EnhW2	9688
chr12	102273118	102273119	rs77008574	chr12	102260601	102261000	17_EnhW2	12119
chr12	102273768	102273769	rs145219968	chr12	102260601	102261000	17_EnhW2	12769
chr12	102273943	102273944	rs61935790	chr12	102260601	102261000	17_EnhW2	12944
chr12	102276077	102276078	rs61935794	chr12	102260601	102261000	17_EnhW2	15078
chr12	102277982	102277983	rs61935795	chr12	102260601	102261000	17_EnhW2	16983
chr12	102280142	102280143	rs61935796	chr12	102260601	102261000	17_EnhW2	19143
chr12	102283388	102283389	rs112743266	chr12	102260601	102261000	17_EnhW2	22389
chr12	102285330	102285331	rs7955890	chr12	102260601	102261000	17_EnhW2	24331
chr12	102285490	102285491	rs61935816	chr12	102260601	102261000	17_EnhW2	24491
chr12	102286789	102286790	rs17032033	chr12	102260601	102261000	17_EnhW2	25790
chr12	102295833	102295834	rs61100438	chr12	102328001	102328200	17_EnhW2	32168
chr12	102295937	102295938	rs61935247	chr12	102328001	102328200	17_EnhW2	32064
chr12	102296820	102296821	rs56039920	chr12	102328001	102328200	17_EnhW2	31181
chr12	102297261	102297262	rs55711803	chr12	102328001	102328200	17_EnhW2	30740
chr12	102298160	102298161	rs116956830	chr12	102328001	102328200	17_EnhW2	29841
chr12	102298336	102298337	rs111688334	chr12	102328001	102328200	17_EnhW2	29665
chr12	102299491	102299492	rs112704698	chr12	102328001	102328200	17_EnhW2	28510
chr12	102300075	102300076	rs61935249	chr12	102328001	102328200	17_EnhW2	27926
chr12	102300165	102300166	rs77146917	chr12	102328001	102328200	17_EnhW2	27836
chr12	102300346	102300347	rs4764839	chr12	102328001	102328200	17_EnhW2	27655
chr12	102300559	102300560	rs4764840	chr12	102328001	102328200	17_EnhW2	27442
chr12	102300676	102300677	rs4764841	chr12	102328001	102328200	17_EnhW2	27325
chr12	102300705	102300706	rs4764842	chr12	102328001	102328200	17_EnhW2	27296
chr12	102300786	102300787	rs4764843	chr12	102328001	102328200	17_EnhW2	27215
chr12	102300976	102300977	rs73178508	chr12	102328001	102328200	17_EnhW2	27025
chr12	102301018	102301019	rs61936567	chr12	102328001	102328200	17_EnhW2	26983
chr12	102301256	102301257	rs61936568	chr12	102328001	102328200	17_EnhW2	26745
chr12	102301293	102301294	rs61936569	chr12	102328001	102328200	17_EnhW2	26708
chr12	102301448	102301449	rs61936571	chr12	102328001	102328200	17_EnhW2	26553
chr12	102301873	102301874	rs61936572	chr12	102328001	102328200	17_EnhW2	26128
chr12	102301897	102301898	rs61936573	chr12	102328001	102328200	17_EnhW2	26104
chr12	102301909	102301910	rs61936574	chr12	102328001	102328200	17_EnhW2	26092
chr12	102301914	102301915	rs61936575	chr12	102328001	102328200	17_EnhW2	26087
chr12	102302445	102302446	rs145006696	chr12	102328001	102328200	17_EnhW2	25556
chr12	102302718	102302719	rs112406176	chr12	102328001	102328200	17_EnhW2	25283
chr12	102302979	102302980	rs61936576	chr12	102328001	102328200	17_EnhW2	25022
chr12	102303061	102303062	rs61936577	chr12	102328001	102328200	17_EnhW2	24940
chr12	102303286	102303287	rs61936578	chr12	102328001	102328200	17_EnhW2	24715
chr12	102303949	102303950	rs58578551	chr12	102328001	102328200	17_EnhW2	24052
chr12	102304684	102304685	rs56695970	chr12	102328001	102328200	17_EnhW2	23317
chr12	102304838	102304839	rs59048996	chr12	102328001	102328200	17_EnhW2	23163
chr12	102305522	102305523	rs61134285	chr12	102328001	102328200	17_EnhW2	22479
chr12	102305934	102305935	rs12303474	chr12	102328001	102328200	17_EnhW2	22067
chr12	102309008	102309009	rs146870981	chr12	102328001	102328200	17_EnhW2	18993
chr12	106385972	106385973	rs73192197	chr12	106386401	106387600	17_EnhW2	429
chr12	106435301	106435302	rs11112850	chr12	106426601	106427200	17_EnhW2	8102
chr12	106443250	106443251	rs12369969	chr12	106456801	106458600	17_EnhW2	13551
chr12	106452168	106452169	rs73193824	chr12	106456801	106458600	17_EnhW2	4633
chr12	106459509	106459510	rs1064959	chr12	106456801	106458600	17_EnhW2	910
chr12	106461759	106461760	rs3741884	chr12	106456801	106458600	17_EnhW2	3160
chr12	106476401	106476402	rs17038091	chr12	106477601	106478000	15_EnhAF	1200
chr12	106476804	106476805	rs12146713	chr12	106477601	106478000	15_EnhAF	797
chr12	106480245	106480246	rs1978730	chr12	106478601	106479000	17_EnhW2	1246
chr12	106480927	106480928	rs73193841	chr12	106478601	106479000	17_EnhW2	1928
chr12	106494344	106494345	rs1896364	chr12	106493201	106493400	17_EnhW2	945
chr12	106494652	106494653	rs7485023	chr12	106493201	106493400	17_EnhW2	1253
chr12	106495099	106495100	rs10778458	chr12	106493201	106493400	17_EnhW2	1700
chr12	106496170	106496171	rs11112866	chr12	106493201	106493400	17_EnhW2	2771
chr12	106497230	106497231	rs73193855	chr12	106499801	106500600	17_EnhW2	2571
chr12	106497497	106497498	rs112312971	chr12	106499801	106500600	17_EnhW2	2304
chr12	106498961	106498962	rs55657928	chr12	106499801	106500600	17_EnhW2	840
chr12	106501449	106501450	rs4964439	chr12	106501001	106501600	17_EnhW2	0
chr12	106501795	106501796	rs3782692	chr12	106501601	106502200	15_EnhAF	0
chr12	106510412	106510413	rs12370774	chr12	106503201	106503400	17_EnhW2	7013
chr12	111826476	111826477	rs3062379	chr12	111835001	111835200	16_EnhW1	8525
chr12	111833787	111833788	rs10774624	chr12	111835001	111835200	16_EnhW1	1214
chr12	111865048	111865049	rs7310615	chr12	111842201	111842600	13_EnhA1	22449
chr12	111884607	111884608	rs3184504	chr12	111842201	111842600	13_EnhA1	42008
chr12	111904370	111904371	rs4766578	chr12	111842201	111842600	13_EnhA1	61771
chr12	111907430	111907431	rs35350651	chr12	111970801	111971000	17_EnhW2	63371
chr12	111910218	111910219	rs10774625	chr12	111970801	111971000	17_EnhW2	60583
chr12	111932799	111932800	rs7137828	chr12	111970801	111971000	17_EnhW2	38002
chr12	111973357	111973358	rs597808	chr12	111970801	111971000	17_EnhW2	2358
chr12	112007755	112007756	rs653178	chr12	111970801	111971000	17_EnhW2	36756
chr12	112059556	112059557	rs11065979	chr12	112073401	112074800	15_EnhAF	13845
chr12	112072423	112072424	rs11065987	chr12	112073401	112074800	15_EnhAF	978
chr12	112083161	112083162	rs11065991	chr12	112073401	112074800	15_EnhAF	8362
chr12	112151741	112151742	rs847888	chr12	112195401	112195800	17_EnhW2	43660
chr12	112200149	112200150	rs2013002	chr12	112199801	112200200	17_EnhW2	0
chr12	112273498	112273499	rs11513729	chr12	112260801	112262600	17_EnhW2	10899
chr12	117309439	117309440	rs188402627	chr12	117297801	117298000	16_EnhW1	11440
chr12	117319201	117319202	rs146607495	chr12	117297801	117298000	16_EnhW1	21202
chr12	117320937	117320938	rs7315280	chr12	117297801	117298000	16_EnhW1	22938
chr12	117321661	117321662	rs7137149	chr12	117344801	117345000	17_EnhW2	23140
chr12	117323366	117323367	rs77956314	chr12	117344801	117345000	17_EnhW2	21435
chr12	117324966	117324967	rs11068224	chr12	117344801	117345000	17_EnhW2	19835
chr12	117326926	117326927	rs12311895	chr12	117344801	117345000	17_EnhW2	17875
chr12	117326942	117326943	rs113205216	chr12	117344801	117345000	17_EnhW2	17859
chr12	117327240	117327241	rs113179672	chr12	117344801	117345000	17_EnhW2	17561
chr12	117327591	117327592	rs7294919	chr12	117344801	117345000	17_EnhW2	17210
chr12	117327650	117327651	rs7305705	chr12	117344801	117345000	17_EnhW2	17151
chr12	117330482	117330483	rs10850728	chr12	117344801	117345000	17_EnhW2	14319
chr12	117330843	117330844	rs11836634	chr12	117344801	117345000	17_EnhW2	13958
chr12	117332155	117332156	rs111865233	chr12	117344801	117345000	17_EnhW2	12646
chr12	117332369	117332370	rs7312900	chr12	117344801	117345000	17_EnhW2	12432
chr12	117332517	117332518	rs138142632	chr12	117344801	117345000	17_EnhW2	12284
chr12	117332596	117332597	rs112608342	chr12	117344801	117345000	17_EnhW2	12205
chr12	117332880	117332881	rs12313220	chr12	117344801	117345000	17_EnhW2	11921
chr12	117333977	117333978	rs7309079	chr12	117344801	117345000	17_EnhW2	10824
chr12	117334486	117334487	rs76845667	chr12	117344801	117345000	17_EnhW2	10315
chr12	117335486	117335487	rs12310299	chr12	117344801	117345000	17_EnhW2	9315
chr12	117335614	117335615	rs7131959	chr12	117344801	117345000	17_EnhW2	9187
chr12	117335651	117335652	rs80001826	chr12	117344801	117345000	17_EnhW2	9150
chr12	117335911	117335912	rs7132339	chr12	117344801	117345000	17_EnhW2	8890
chr12	117335943	117335944	rs7133290	chr12	117344801	117345000	17_EnhW2	8858
chr12	117337100	117337101	rs12320925	chr12	117344801	117345000	17_EnhW2	7701
chr12	117337102	117337103	rs113844630	chr12	117344801	117345000	17_EnhW2	7699
chr12	117337153	117337154	rs78666825	chr12	117344801	117345000	17_EnhW2	7648
chr12	117337236	117337237	rs113315762	chr12	117344801	117345000	17_EnhW2	7565
chr12	117337253	117337254	rs75337356	chr12	117344801	117345000	17_EnhW2	7548
chr12	117338503	117338504	rs12302173	chr12	117344801	117345000	17_EnhW2	6298
chr12	117347172	117347173	rs11837918	chr12	117344801	117345000	17_EnhW2	2173
chr12	117348967	117348968	rs112339051	chr12	117344801	117345000	17_EnhW2	3968
chr12	117409751	117409752	rs117425351	chr12	117407801	117408800	17_EnhW2	952
chr12	117414789	117414790	rs118117321	chr12	117415401	117416800	17_EnhW2	612
chr12	117440957	117440958	rs117924143	chr12	117438001	117439200	17_EnhW2	1758
chr13	52114813	52114814	rs2764603	chr13	52116401	52116600	17_EnhW2	1588
chr13	52127211	52127212	rs483879	chr13	52122801	52124000	17_EnhW2	3212
chr13	52137420	52137421	rs488261	chr13	52122801	52124000	17_EnhW2	13421
chr13	52140459	52140460	rs2780461	chr13	52122801	52124000	17_EnhW2	16460
chr13	52143786	52143787	rs9535712	chr13	52157201	52157400	17_EnhW2	13415
chr13	52145803	52145804	rs2477604	chr13	52157201	52157400	17_EnhW2	11398
chr13	52146541	52146542	rs666551	chr13	52157201	52157400	17_EnhW2	10660
chr13	52149352	52149353	rs491103	chr13	52157201	52157400	17_EnhW2	7849
chr13	52178165	52178166	rs9535714	chr13	52157401	52157600	16_EnhW1	20566
chr13	52178944	52178945	rs9535715	chr13	52157401	52157600	16_EnhW1	21345
chr13	52180567	52180568	rs3908968	chr13	52157401	52157600	16_EnhW1	22968
chr13	52185854	52185855	rs4555048	chr13	52211401	52212000	17_EnhW2	25547
chr13	52185937	52185938	rs9535717	chr13	52211401	52212000	17_EnhW2	25464
chr13	52188459	52188460	rs17597215	chr13	52211401	52212000	17_EnhW2	22942
chr13	52192079	52192080	rs9526783	chr13	52211401	52212000	17_EnhW2	19322
chr13	52203294	52203295	rs1475195	chr13	52211401	52212000	17_EnhW2	8107
chr13	52207487	52207488	rs9535722	chr13	52211401	52212000	17_EnhW2	3914
chr13	52209421	52209422	rs9526786	chr13	52211401	52212000	17_EnhW2	1980
chr13	52222221	52222222	rs17597531	chr13	52218401	52219800	15_EnhAF	2422
chr13	52263833	52263834	rs9526788	chr13	52262401	52264200	17_EnhW2	0
chr13	52264382	52264383	rs9535734	chr13	52262401	52264200	17_EnhW2	183
chr13	52274943	52274944	rs9535737	chr13	52262401	52264200	17_EnhW2	10744
chr13	52277692	52277693	rs9535738	chr13	52262401	52264200	17_EnhW2	13493
chr13	52283299	52283300	rs9535739	chr13	52294401	52294600	17_EnhW2	11102
chr13	52284122	52284123	rs9535741	chr13	52294401	52294600	17_EnhW2	10279
chr13	52300383	52300384	rs67393631	chr13	52303001	52304200	17_EnhW2	2618
chr13	52304836	52304837	rs60757273	chr13	52304201	52304800	15_EnhAF	37
chr13	52305463	52305464	rs17075907	chr13	52304201	52304800	15_EnhAF	664
chr13	52308102	52308103	rs17532412	chr13	52307401	52308000	17_EnhW2	103
chr13	52309075	52309076	rs9535743	chr13	52307401	52308000	17_EnhW2	1076
chr13	52311480	52311481	rs9535744	chr13	52307401	52308000	17_EnhW2	3481
chr13	52311955	52311956	rs73199734	chr13	52307401	52308000	17_EnhW2	3956
chr13	52312173	52312174	rs150916022	chr13	52307401	52308000	17_EnhW2	4174
chr13	52312296	52312297	rs9535745	chr13	52307401	52308000	17_EnhW2	4297
chr13	52313194	52313195	rs1885854	chr13	52307401	52308000	17_EnhW2	5195
chr13	52316598	52316599	rs17532524	chr13	52307401	52308000	17_EnhW2	8599
chr13	52317357	52317358	rs9535746	chr13	52307401	52308000	17_EnhW2	9358
chr13	52319677	52319678	rs1060562	chr13	52307401	52308000	17_EnhW2	11678
chr13	52319939	52319940	rs12427748	chr13	52307401	52308000	17_EnhW2	11940
chr13	52322183	52322184	rs9535747	chr13	52307401	52308000	17_EnhW2	14184
chr13	52323601	52323602	rs73199746	chr13	52307401	52308000	17_EnhW2	15602
chr13	52326476	52326477	rs12146894	chr13	52342601	52343000	17_EnhW2	16125
chr13	52327019	52327020	rs9526793	chr13	52342601	52343000	17_EnhW2	15582
chr13	52328360	52328361	rs9535748	chr13	52342601	52343000	17_EnhW2	14241
chr13	52328843	52328844	rs9535749	chr13	52342601	52343000	17_EnhW2	13758
chr13	52329830	52329831	rs2897944	chr13	52342601	52343000	17_EnhW2	12771
chr13	52330239	52330240	rs9535750	chr13	52342601	52343000	17_EnhW2	12362
chr13	52330267	52330268	rs9526794	chr13	52342601	52343000	17_EnhW2	12334
chr13	52332744	52332745	rs17532936	chr13	52342601	52343000	17_EnhW2	9857
chr13	52333056	52333057	rs9535751	chr13	52342601	52343000	17_EnhW2	9545
chr13	52333282	52333283	rs9535752	chr13	52342601	52343000	17_EnhW2	9319
chr13	52333954	52333955	rs147876825	chr13	52342601	52343000	17_EnhW2	8647
chr13	52335200	52335201	rs9535753	chr13	52342601	52343000	17_EnhW2	7401
chr13	52335764	52335765	rs2296029	chr13	52342601	52343000	17_EnhW2	6837
chr13	52339049	52339050	rs9535754	chr13	52342601	52343000	17_EnhW2	3552
chr13	52339142	52339143	rs9535755	chr13	52342601	52343000	17_EnhW2	3459
chr13	52339749	52339750	rs9535756	chr13	52342601	52343000	17_EnhW2	2852
chr13	52341180	52341181	rs9526795	chr13	52342601	52343000	17_EnhW2	1421
chr13	52342205	52342206	rs1058142	chr13	52342601	52343000	17_EnhW2	396
chr13	52343003	52343004	rs41292776	chr13	52342601	52343000	17_EnhW2	4
chr13	52344003	52344004	rs77733744	chr13	52342601	52343000	17_EnhW2	1004
chr13	52345636	52345637	rs2296028	chr13	52342601	52343000	17_EnhW2	2637
chr13	52349730	52349731	rs376885827	chr13	52342601	52343000	17_EnhW2	6731
chr13	96295235	96295236	rs147347939	chr13	96305801	96306400	17_EnhW2	10566
chr13	96333578	96333579	rs149064544	chr13	96305801	96306400	17_EnhW2	27179
chr13	96408757	96408758	rs188859857	chr13	96408401	96408600	17_EnhW2	158
chr13	99440020	99440021	rs9557071	chr13	99431001	99431200	17_EnhW2	8821
chr13	99448607	99448608	rs9554523	chr13	99459401	99460200	17_EnhW2	10794
chr13	99456191	99456192	rs34751334	chr13	99459401	99460200	17_EnhW2	3210
chr13	99456351	99456352	rs9557075	chr13	99459401	99460200	17_EnhW2	3050
chr13	99458611	99458612	rs9557077	chr13	99459401	99460200	17_EnhW2	790
chr13	99458793	99458794	rs9554528	chr13	99459401	99460200	17_EnhW2	608
chr13	99459161	99459162	rs35437169	chr13	99459401	99460200	17_EnhW2	240
chr13	99468062	99468063	rs9554530	chr13	99473201	99473400	17_EnhW2	5139
chr13	99470989	99470990	rs9557079	chr13	99473201	99473400	17_EnhW2	2212
chr13	99474596	99474597	rs9557081	chr13	99473801	99474400	17_EnhW2	197
chr13	99474762	99474763	rs9557082	chr13	99473801	99474400	17_EnhW2	363
chr13	99483855	99483856	rs2296986	chr13	99486201	99487200	17_EnhW2	2346
chr13	99485217	99485218	rs9300516	chr13	99486201	99487200	17_EnhW2	984
chr13	99488997	99488998	rs34971128	chr13	99486201	99487200	17_EnhW2	1798
chr13	99491350	99491351	rs9554533	chr13	99492201	99492600	17_EnhW2	851
chr13	99494460	99494461	rs9557088	chr13	99493001	99493200	17_EnhW2	1261
chr13	99494888	99494889	rs9554534	chr13	99493001	99493200	17_EnhW2	1689
chr13	99496519	99496520	rs10459306	chr13	99493001	99493200	17_EnhW2	3320
chr13	99496625	99496626	rs10459308	chr13	99500001	99500400	17_EnhW2	3376
chr13	99497139	99497140	rs1571434	chr13	99500001	99500400	17_EnhW2	2862
chr13	99497759	99497760	rs2183093	chr13	99500001	99500400	17_EnhW2	2242
chr13	99507187	99507188	rs147327821	chr13	99500001	99500400	17_EnhW2	6788
chr13	99513454	99513455	rs6491459	chr13	99500001	99500400	17_EnhW2	13055
chr13	99517921	99517922	rs12875139	chr13	99527001	99527200	17_EnhW2	9080
chr13	99518536	99518537	rs16955981	chr13	99527001	99527200	17_EnhW2	8465
chr13	99529055	99529056	rs36087658	chr13	99528401	99529400	17_EnhW2	0
chr13	99532621	99532622	rs6491460	chr13	99528401	99529400	17_EnhW2	3222
chr13	99536030	99536031	rs9517474	chr13	99538001	99539200	17_EnhW2	1971
chr13	99536214	99536215	rs2296996	chr13	99538001	99539200	17_EnhW2	1787
chr13	99536219	99536220	rs2296997	chr13	99538001	99539200	17_EnhW2	1782
chr13	99537201	99537202	rs2274641	chr13	99538001	99539200	17_EnhW2	800
chr13	99537216	99537217	rs2274642	chr13	99538001	99539200	17_EnhW2	785
chr13	99537430	99537431	rs2026024	chr13	99538001	99539200	17_EnhW2	571
chr13	99540394	99540395	rs1928104	chr13	99540401	99541000	17_EnhW2	7
chr13	99541359	99541360	rs2390141	chr13	99540401	99541000	17_EnhW2	360
chr13	99543540	99543541	rs16956013	chr13	99541801	99543600	17_EnhW2	0
chr13	99544132	99544133	rs1324982	chr13	99544401	99545600	17_EnhW2	269
chr13	99547657	99547658	rs7317809	chr13	99544401	99545600	17_EnhW2	2058
chr13	99550696	99550697	rs2297000	chr13	99544401	99545600	17_EnhW2	5097
chr13	99552419	99552420	rs11342118	chr13	99544401	99545600	17_EnhW2	6820
chr13	99555696	99555697	rs9554536	chr13	99562801	99563200	16_EnhW1	7105
chr13	99558031	99558032	rs199696629	chr13	99562801	99563200	16_EnhW1	4770
chr13	99558898	99558899	rs9284181	chr13	99562801	99563200	16_EnhW1	3903
chr13	99560377	99560378	rs9557090	chr13	99562801	99563200	16_EnhW1	2424
chr13	99560395	99560396	rs7331504	chr13	99562801	99563200	16_EnhW1	2406
chr13	99562237	99562238	rs1887855	chr13	99562801	99563200	16_EnhW1	564
chr13	99563152	99563153	rs144026396	chr13	99562801	99563200	16_EnhW1	0
chr13	99563156	99563157	rs117566375	chr13	99562801	99563200	16_EnhW1	0
chr13	99563157	99563158	rs116957092	chr13	99562801	99563200	16_EnhW1	0
chr13	99564044	99564045	rs9513509	chr13	99563201	99563600	17_EnhW2	445
chr13	99564562	99564563	rs1408721	chr13	99563201	99563600	17_EnhW2	963
chr13	99565176	99565177	rs1408719	chr13	99563201	99563600	17_EnhW2	1577
chr13	99565530	99565531	rs9300522	chr13	99563201	99563600	17_EnhW2	1931
chr13	99569887	99569888	rs138080498	chr13	99574201	99574400	17_EnhW2	4314
chr13	99571921	99571922	rs9513510	chr13	99574201	99574400	17_EnhW2	2280
chr13	99571970	99571971	rs4444196	chr13	99574201	99574400	17_EnhW2	2231
chr13	99572711	99572712	rs9517483	chr13	99574201	99574400	17_EnhW2	1490
chr13	99572745	99572746	rs9517484	chr13	99574201	99574400	17_EnhW2	1456
chr13	99573820	99573821	rs4772157	chr13	99574201	99574400	17_EnhW2	381
chr13	99574054	99574055	rs4772158	chr13	99574201	99574400	17_EnhW2	147
chr13	99574523	99574524	rs7983462	chr13	99574201	99574400	17_EnhW2	124
chr13	99574807	99574808	rs36102839	chr13	99574201	99574400	17_EnhW2	408
chr13	99575127	99575128	rs7984548	chr13	99574201	99574400	17_EnhW2	728
chr13	99576445	99576446	rs7995988	chr13	99578001	99579000	17_EnhW2	1556
chr13	99576487	99576488	rs7997044	chr13	99578001	99579000	17_EnhW2	1514
chr13	99576524	99576525	rs7995846	chr13	99578001	99579000	17_EnhW2	1477
chr13	99576850	99576851	rs7996442	chr13	99578001	99579000	17_EnhW2	1151
chr13	99577215	99577216	rs9517485	chr13	99578001	99579000	17_EnhW2	786
chr13	99577453	99577454	rs75953389	chr13	99578001	99579000	17_EnhW2	548
chr13	99577551	99577552	rs7339203	chr13	99578001	99579000	17_EnhW2	450
chr13	99577632	99577633	rs10467260	chr13	99578001	99579000	17_EnhW2	369
chr13	99577633	99577634	rs11369571	chr13	99578001	99579000	17_EnhW2	368
chr13	99578264	99578265	rs7318788	chr13	99578001	99579000	17_EnhW2	0
chr13	99578303	99578304	rs9557092	chr13	99578001	99579000	17_EnhW2	0
chr13	99578412	99578413	rs9554537	chr13	99578001	99579000	17_EnhW2	0
chr13	99579727	99579728	rs1028910	chr13	99580401	99580600	16_EnhW1	674
chr13	99580063	99580064	rs7329819	chr13	99580401	99580600	16_EnhW1	338
chr13	99580227	99580228	rs1324979	chr13	99580401	99580600	16_EnhW1	174
chr13	99580271	99580272	rs5007002	chr13	99580401	99580600	16_EnhW1	130
chr13	99580272	99580273	rs112722135	chr13	99580401	99580600	16_EnhW1	129
chr13	99583001	99583002	rs2004113	chr13	99582401	99582800	17_EnhW2	202
chr13	99583202	99583203	rs2094602	chr13	99582401	99582800	17_EnhW2	403
chr13	99583412	99583413	rs912683	chr13	99582401	99582800	17_EnhW2	613
chr13	99583427	99583428	rs912682	chr13	99582401	99582800	17_EnhW2	628
chr13	99583700	99583701	rs7399669	chr13	99582401	99582800	17_EnhW2	901
chr13	99583735	99583736	rs7399679	chr13	99582401	99582800	17_EnhW2	936
chr13	99584304	99584305	rs9517490	chr13	99582401	99582800	17_EnhW2	1505
chr13	99584643	99584644	rs11069332	chr13	99582401	99582800	17_EnhW2	1844
chr13	99586490	99586491	rs2892933	chr13	99589801	99590000	15_EnhAF	3311
chr13	99586917	99586918	rs5806085	chr13	99589801	99590000	15_EnhAF	2884
chr13	99587928	99587929	rs2008411	chr13	99589801	99590000	15_EnhAF	1873
chr13	99588599	99588600	rs927705	chr13	99589801	99590000	15_EnhAF	1202
chr13	99588693	99588694	rs9557094	chr13	99589801	99590000	15_EnhAF	1108
chr13	99589170	99589171	rs9554539	chr13	99589801	99590000	15_EnhAF	631
chr13	99589669	99589670	rs9554540	chr13	99589801	99590000	15_EnhAF	132
chr13	99589746	99589747	rs6491469	chr13	99589801	99590000	15_EnhAF	55
chr13	99590225	99590226	rs7337984	chr13	99590001	99590400	17_EnhW2	0
chr13	99590963	99590964	rs10711141	chr13	99590801	99591800	17_EnhW2	0
chr13	99591200	99591201	rs10589817	chr13	99590801	99591800	17_EnhW2	0
chr13	99591527	99591528	rs8001655	chr13	99590801	99591800	17_EnhW2	0
chr13	99606693	99606694	rs79524705	chr13	99606201	99607000	17_EnhW2	0
chr13	99626656	99626657	rs76751790	chr13	99626401	99626600	17_EnhW2	57
chr13	99643791	99643792	rs74965953	chr13	99641201	99641400	17_EnhW2	2392
chr13	99660631	99660632	rs11843249	chr13	99654801	99655800	17_EnhW2	4832
chr13	99665693	99665694	rs927707	chr13	99654801	99655800	17_EnhW2	9894
chr13	99668880	99668881	rs11842122	chr13	99654801	99655800	17_EnhW2	13081
chr13	99675146	99675147	rs11839633	chr13	99654801	99655800	17_EnhW2	19347
chr13	99676231	99676232	rs78895284	chr13	99654801	99655800	17_EnhW2	20432
chr13	99676717	99676718	rs79624091	chr13	99654801	99655800	17_EnhW2	20918
chr13	99683340	99683341	rs57874352	chr13	99698401	99698600	17_EnhW2	15061
chr13	99691786	99691787	rs11839305	chr13	99698401	99698600	17_EnhW2	6615
chr13	99696343	99696344	rs60875603	chr13	99698401	99698600	17_EnhW2	2058
chr13	99701270	99701271	rs76278103	chr13	99698401	99698600	17_EnhW2	2671
chr13	99701679	99701680	rs7321224	chr13	99698401	99698600	17_EnhW2	3080
chr13	99703305	99703306	rs11840320	chr13	99706001	99706400	17_EnhW2	2696
chr13	99709186	99709187	rs912686	chr13	99709001	99709400	17_EnhW2	0
chr13	99714509	99714510	rs11069344	chr13	99719001	99719600	17_EnhW2	4492
chr13	99715583	99715584	rs78560913	chr13	99719001	99719600	17_EnhW2	3418
chr13	99716888	99716889	rs927708	chr13	99719001	99719600	17_EnhW2	2113
chr13	99717076	99717077	rs11069345	chr13	99719001	99719600	17_EnhW2	1925
chr13	99720323	99720324	rs77534363	chr13	99719601	99720000	16_EnhW1	324
chr13	99730920	99730921	rs4771322	chr13	99719601	99720000	16_EnhW1	10921
chr13	99732165	99732166	rs56745450	chr13	99719601	99720000	16_EnhW1	12166
chr13	99733714	99733715	rs76804861	chr13	99719601	99720000	16_EnhW1	13715
chr13	99737980	99737981	rs11838818	chr13	99755601	99756200	16_EnhW1	17621
chr13	99740893	99740894	rs7999698	chr13	99755601	99756200	16_EnhW1	14708
chr13	99743144	99743145	rs4771323	chr13	99755601	99756200	16_EnhW1	12457
chr13	99752096	99752097	rs201654441	chr13	99755601	99756200	16_EnhW1	3505
chr13	99753284	99753285	rs7998199	chr13	99755601	99756200	16_EnhW1	2317
chr14	31361741	31361742	rs10148294	chr14	31340001	31340600	17_EnhW2	21142
chr14	31366714	31366715	rs12434740	chr14	31340001	31340600	17_EnhW2	26115
chr14	31366894	31366895	rs17097477	chr14	31340001	31340600	17_EnhW2	26295
chr14	31370482	31370483	rs58894348	chr14	31394401	31395200	17_EnhW2	23919
chr14	31371436	31371437	rs10872846	chr14	31394401	31395200	17_EnhW2	22965
chr14	31375321	31375322	rs766146	chr14	31394401	31395200	17_EnhW2	19080
chr14	31376797	31376798	rs35422372	chr14	31394401	31395200	17_EnhW2	17604
chr14	31381350	31381351	rs2273171	chr14	31394401	31395200	17_EnhW2	13051
chr14	31385143	31385144	rs67648672	chr14	31394401	31395200	17_EnhW2	9258
chr14	31385732	31385733	rs1967699	chr14	31394401	31395200	17_EnhW2	8669
chr14	31386425	31386426	rs9322866	chr14	31394401	31395200	17_EnhW2	7976
chr14	31391069	31391070	rs72668352	chr14	31394401	31395200	17_EnhW2	3332
chr14	31393056	31393057	rs10138011	chr14	31394401	31395200	17_EnhW2	1345
chr14	31394170	31394171	rs10141421	chr14	31394401	31395200	17_EnhW2	231
chr14	31396961	31396962	rs10151219	chr14	31394401	31395200	17_EnhW2	1762
chr14	31402792	31402793	rs1033559	chr14	31394401	31395200	17_EnhW2	7593
chr14	31413052	31413053	rs10145545	chr14	31394401	31395200	17_EnhW2	17853
chr14	31413651	31413652	rs10135412	chr14	31394401	31395200	17_EnhW2	18452
chr14	31418851	31418852	rs111753981	chr14	31394401	31395200	17_EnhW2	23652
chr14	31422130	31422131	rs17448194	chr14	31394401	31395200	17_EnhW2	26931
chr14	31423085	31423086	rs72668364	chr14	31394401	31395200	17_EnhW2	27886
chr14	31424660	31424661	rs2378813	chr14	31394401	31395200	17_EnhW2	29461
chr14	31426475	31426476	rs12436401	chr14	31394401	31395200	17_EnhW2	31276
chr14	31431151	31431152	rs72668370	chr14	31394401	31395200	17_EnhW2	35952
chr14	31431569	31431570	rs12019004	chr14	31394401	31395200	17_EnhW2	36370
chr14	31432294	31432295	rs35403676	chr14	31394401	31395200	17_EnhW2	37095
chr14	31434568	31434569	rs28648046	chr14	31394401	31395200	17_EnhW2	39369
chr14	31437575	31437576	rs67209135	chr14	31394401	31395200	17_EnhW2	42376
chr14	31439193	31439194	rs12590617	chr14	31394401	31395200	17_EnhW2	43994
chr14	31444085	31444086	rs4981812	chr14	31394401	31395200	17_EnhW2	48886
chr14	31444485	31444486	rs10138452	chr14	31394401	31395200	17_EnhW2	49286
chr14	31453526	31453527	rs66463317	chr14	31507601	31508000	15_EnhAF	54075
chr14	31460279	31460280	rs10444696	chr14	31507601	31508000	15_EnhAF	47322
chr14	31462904	31462905	rs146300237	chr14	31507601	31508000	15_EnhAF	44697
chr14	31470047	31470048	rs35776301	chr14	31507601	31508000	15_EnhAF	37554
chr14	31471584	31471585	rs179702	chr14	31507601	31508000	15_EnhAF	36017
chr14	31474220	31474221	rs179705	chr14	31507601	31508000	15_EnhAF	33381
chr14	31476349	31476350	rs179710	chr14	31507601	31508000	15_EnhAF	31252
chr14	31480924	31480925	rs179720	chr14	31507601	31508000	15_EnhAF	26677
chr14	31485950	31485951	rs179726	chr14	31507601	31508000	15_EnhAF	21651
chr14	31490409	31490410	rs2750115	chr14	31507601	31508000	15_EnhAF	17192
chr14	31490641	31490642	rs179733	chr14	31507601	31508000	15_EnhAF	16960
chr14	31491821	31491822	rs179736	chr14	31507601	31508000	15_EnhAF	15780
chr14	31493921	31493922	rs179737	chr14	31507601	31508000	15_EnhAF	13680
chr14	31496211	31496212	rs179744	chr14	31507601	31508000	15_EnhAF	11390
chr14	31497388	31497389	rs56698419	chr14	31507601	31508000	15_EnhAF	10213
chr14	31501504	31501505	rs7150642	chr14	31507601	31508000	15_EnhAF	6097
chr14	31504600	31504601	rs10686522	chr14	31507601	31508000	15_EnhAF	3001
chr14	31505047	31505048	rs4981815	chr14	31507601	31508000	15_EnhAF	2554
chr14	31510336	31510337	rs72670321	chr14	31507601	31508000	15_EnhAF	2337
chr14	31512351	31512352	rs3784160	chr14	31507601	31508000	15_EnhAF	4352
chr14	31513305	31513306	rs55675143	chr14	31507601	31508000	15_EnhAF	5306
chr14	31514056	31514057	rs7153940	chr14	31507601	31508000	15_EnhAF	6057
chr14	31526853	31526854	rs2016125	chr14	31528001	31528200	17_EnhW2	1148
chr14	31530698	31530699	rs12432231	chr14	31529401	31530000	15_EnhAF	699
chr14	31530704	31530705	rs4981819	chr14	31529401	31530000	15_EnhAF	705
chr14	31531057	31531058	rs12435810	chr14	31529401	31530000	15_EnhAF	1058
chr14	31531854	31531855	rs4981820	chr14	31529401	31530000	15_EnhAF	1855
chr14	31532168	31532169	rs4981821	chr14	31529401	31530000	15_EnhAF	2169
chr14	31538938	31538939	rs7150619	chr14	31529401	31530000	15_EnhAF	8939
chr14	31540750	31540751	rs57741265	chr14	31529401	31530000	15_EnhAF	10751
chr14	31541622	31541623	rs4981087	chr14	31529401	31530000	15_EnhAF	11623
chr14	31542509	31542510	rs28649794	chr14	31529401	31530000	15_EnhAF	12510
chr14	31542674	31542675	rs12880057	chr14	31529401	31530000	15_EnhAF	12675
chr14	31542690	31542691	rs12880501	chr14	31529401	31530000	15_EnhAF	12691
chr14	31544031	31544032	rs141148836	chr14	31529401	31530000	15_EnhAF	14032
chr14	91871671	91871672	rs7146002	chr14	91864001	91864600	17_EnhW2	7072
chr14	91877171	91877172	rs8021811	chr14	91879201	91879600	17_EnhW2	2030
chr14	91881386	91881387	rs1285841	chr14	91881201	91881400	18_EnhAc	0
chr14	91881703	91881704	rs55908633	chr14	91881401	91881600	15_EnhAF	104
chr14	91881719	91881720	rs11306458	chr14	91881401	91881600	15_EnhAF	120
chr14	91881750	91881751	rs941760	chr14	91881401	91881600	15_EnhAF	151
chr14	91881907	91881908	rs1815237	chr14	91881401	91881600	15_EnhAF	308
chr14	91883498	91883499	rs1742546	chr14	91885201	91885400	16_EnhW1	1703
chr14	91883966	91883967	rs3742654	chr14	91885201	91885400	16_EnhW1	1235
chr14	91884654	91884655	rs1285847	chr14	91885201	91885400	16_EnhW1	547
chr14	91884722	91884723	rs1285848	chr14	91885201	91885400	16_EnhW1	479
chr14	91885705	91885706	rs1285850	chr14	91885201	91885400	16_EnhW1	306
chr14	91890207	91890208	rs140317882	chr14	91885201	91885400	16_EnhW1	4808
chr14	91890676	91890677	rs11160006	chr14	91885201	91885400	16_EnhW1	5277
chr14	91894791	91894792	rs1961540	chr14	91885201	91885400	16_EnhW1	9392
chr14	91894818	91894819	rs1961541	chr14	91885201	91885400	16_EnhW1	9419
chr14	91903032	91903033	rs4528500	chr14	91885201	91885400	16_EnhW1	17633
chr14	91903070	91903071	rs11160008	chr14	91885201	91885400	16_EnhW1	17671
chr14	91903525	91903526	rs1951245	chr14	91885201	91885400	16_EnhW1	18126
chr14	91903661	91903662	rs1951246	chr14	91885201	91885400	16_EnhW1	18262
chr14	91903706	91903707	rs1951247	chr14	91885201	91885400	16_EnhW1	18307
chr14	91904736	91904737	rs57218362	chr14	91885201	91885400	16_EnhW1	19337
chr14	91905079	91905080	rs2402021	chr14	91885201	91885400	16_EnhW1	19680
chr14	91906185	91906186	rs11621425	chr14	91885201	91885400	16_EnhW1	20786
chr14	91906955	91906956	rs57478372	chr14	91885201	91885400	16_EnhW1	21556
chr14	91908727	91908728	rs146137097	chr14	91885201	91885400	16_EnhW1	23328
chr14	91909916	91909917	rs11625515	chr14	91885201	91885400	16_EnhW1	24517
chr14	91910048	91910049	rs11628654	chr14	91885201	91885400	16_EnhW1	24649
chr14	91910619	91910620	rs7158542	chr14	91885201	91885400	16_EnhW1	25220
chr14	91910810	91910811	rs7160265	chr14	91885201	91885400	16_EnhW1	25411
chr14	91910839	91910840	rs7158758	chr14	91885201	91885400	16_EnhW1	25440
chr14	91910994	91910995	rs7142211	chr14	91885201	91885400	16_EnhW1	25595
chr14	91911211	91911212	rs56365640	chr14	91885201	91885400	16_EnhW1	25812
chr14	91911282	91911283	rs55707454	chr14	91885201	91885400	16_EnhW1	25883
chr14	91911723	91911724	rs34775827	chr14	91885201	91885400	16_EnhW1	26324
chr14	91911941	91911942	rs55939783	chr14	91885201	91885400	16_EnhW1	26542
chr14	91912252	91912253	rs11622318	chr14	91885201	91885400	16_EnhW1	26853
chr14	91912311	91912312	rs144058088	chr14	91885201	91885400	16_EnhW1	26912
chr14	91912603	91912604	rs11622497	chr14	91885201	91885400	16_EnhW1	27204
chr14	91912804	91912805	rs11622572	chr14	91885201	91885400	16_EnhW1	27405
chr14	91912939	91912940	rs11622676	chr14	91885201	91885400	16_EnhW1	27540
chr14	91913015	91913016	rs10136550	chr14	91885201	91885400	16_EnhW1	27616
chr14	91913082	91913083	rs11623533	chr14	91885201	91885400	16_EnhW1	27683
chr14	91913538	91913539	rs138952694	chr14	91885201	91885400	16_EnhW1	28139
chr14	91913839	91913840	rs58616032	chr14	91885201	91885400	16_EnhW1	28440
chr14	91916125	91916126	rs143656806	chr14	91885201	91885400	16_EnhW1	30726
chr14	91916239	91916240	rs66476176	chr14	91885201	91885400	16_EnhW1	30840
chr14	91919080	91919081	rs1951248	chr14	91885201	91885400	16_EnhW1	33681
chr14	91919972	91919973	rs10142353	chr14	91885201	91885400	16_EnhW1	34573
chr14	91923987	91923988	rs10329	chr14	91885201	91885400	16_EnhW1	38588
chr14	91925026	91925027	rs10135595	chr14	91885201	91885400	16_EnhW1	39627
chr14	91926175	91926176	rs201153926	chr14	91885201	91885400	16_EnhW1	40776
chr14	91927520	91927521	rs8006485	chr14	91885201	91885400	16_EnhW1	42121
chr14	91927716	91927717	rs8006817	chr14	91885201	91885400	16_EnhW1	42317
chr14	91928811	91928812	rs3818259	chr14	91885201	91885400	16_EnhW1	43412
chr14	91928991	91928992	rs5020186	chr14	91885201	91885400	16_EnhW1	43592
chr14	91929280	91929281	rs61490765	chr14	91885201	91885400	16_EnhW1	43881
chr14	91930151	91930152	rs10134560	chr14	91885201	91885400	16_EnhW1	44752
chr14	91930626	91930627	rs12432947	chr14	91885201	91885400	16_EnhW1	45227
chr14	91931028	91931029	rs2064962	chr14	91885201	91885400	16_EnhW1	45629
chr14	91931138	91931139	rs2064963	chr14	91885201	91885400	16_EnhW1	45739
chr14	91931473	91931474	rs34464175	chr14	91885201	91885400	16_EnhW1	46074
chr14	91933642	91933643	rs72443554	chr14	91885201	91885400	16_EnhW1	48243
chr14	91934302	91934303	rs997169	chr14	91885201	91885400	16_EnhW1	48903
chr14	91934968	91934969	rs12590726	chr14	91885201	91885400	16_EnhW1	49569
chr14	91935079	91935080	rs66735873	chr14	91885201	91885400	16_EnhW1	49680
chr14	91935459	91935460	rs34445337	chr14	91885201	91885400	16_EnhW1	50060
chr14	91935586	91935587	rs12437182	chr14	91885201	91885400	16_EnhW1	50187
chr14	91936283	91936284	rs35555942	chr14	91885201	91885400	16_EnhW1	50884
chr14	91936696	91936697	rs10873408	chr14	91885201	91885400	16_EnhW1	51297
chr14	91937142	91937143	rs10873409	chr14	91885201	91885400	16_EnhW1	51743
chr14	91939167	91939168	rs142250966	chr14	91885201	91885400	16_EnhW1	53768
chr14	91940191	91940192	rs34156708	chr14	91885201	91885400	16_EnhW1	54792
chr14	91941908	91941909	rs71989693	chr14	91885201	91885400	16_EnhW1	56509
chr14	91942317	91942318	rs139615837	chr14	91885201	91885400	16_EnhW1	56918
chr14	91944294	91944295	rs3837630	chr14	91885201	91885400	16_EnhW1	58895
chr14	91944910	91944911	rs876561	chr14	91885201	91885400	16_EnhW1	59511
chr14	91945501	91945502	rs11626225	chr14	91885201	91885400	16_EnhW1	60102
chr14	91945677	91945678	rs11626297	chr14	91885201	91885400	16_EnhW1	60278
chr14	91946131	91946132	rs10146333	chr14	91885201	91885400	16_EnhW1	60732
chr14	91946661	91946662	rs12589936	chr14	91885201	91885400	16_EnhW1	61262
chr14	91946994	91946995	rs11628439	chr14	91885201	91885400	16_EnhW1	61595
chr14	91947139	91947140	rs11628461	chr14	91885201	91885400	16_EnhW1	61740
chr14	91949498	91949499	rs2180885	chr14	91885201	91885400	16_EnhW1	64099
chr14	91949545	91949546	rs2145618	chr14	91885201	91885400	16_EnhW1	64146
chr14	91949985	91949986	rs8006780	chr14	91885201	91885400	16_EnhW1	64586
chr14	91954056	91954057	rs10590794	chr14	91885201	91885400	16_EnhW1	68657
chr14	91954506	91954507	rs8008997	chr14	91885201	91885400	16_EnhW1	69107
chr14	91954888	91954889	rs17799653	chr14	91885201	91885400	16_EnhW1	69489
chr14	91955492	91955493	rs6575197	chr14	91885201	91885400	16_EnhW1	70093
chr14	91955541	91955542	rs6575199	chr14	91885201	91885400	16_EnhW1	70142
chr14	91957384	91957385	rs11625774	chr14	91885201	91885400	16_EnhW1	71985
chr14	91959993	91959994	rs61402235	chr14	91885201	91885400	16_EnhW1	74594
chr14	91960222	91960223	rs67516930	chr14	91885201	91885400	16_EnhW1	74823
chr14	91960783	91960784	rs28378980	chr14	91885201	91885400	16_EnhW1	75384
chr14	91960871	91960872	rs11623076	chr14	91885201	91885400	16_EnhW1	75472
chr14	91961187	91961188	rs11624006	chr14	91885201	91885400	16_EnhW1	75788
chr14	91962036	91962037	rs8003256	chr14	91885201	91885400	16_EnhW1	76637
chr14	91962525	91962526	rs11621158	chr14	91885201	91885400	16_EnhW1	77126
chr14	91963721	91963722	rs8010382	chr14	91885201	91885400	16_EnhW1	78322
chr14	91964682	91964683	rs7153849	chr14	91885201	91885400	16_EnhW1	79283
chr14	91964873	91964874	rs7154224	chr14	91885201	91885400	16_EnhW1	79474
chr14	91966163	91966164	rs3993928	chr14	92046601	92049200	17_EnhW2	80438
chr14	91966630	91966631	rs9707275	chr14	92046601	92049200	17_EnhW2	79971
chr14	91967665	91967666	rs8014321	chr14	92046601	92049200	17_EnhW2	78936
chr14	91967709	91967710	rs8014353	chr14	92046601	92049200	17_EnhW2	78892
chr14	91968051	91968052	rs11382091	chr14	92046601	92049200	17_EnhW2	78550
chr14	91968126	91968127	rs8017764	chr14	92046601	92049200	17_EnhW2	78475
chr14	91968267	91968268	rs55747382	chr14	92046601	92049200	17_EnhW2	78334
chr14	91968312	91968313	rs2896177	chr14	92046601	92049200	17_EnhW2	78289
chr14	91969636	91969637	rs11333893	chr14	92046601	92049200	17_EnhW2	76965
chr14	91970472	91970473	rs56129603	chr14	92046601	92049200	17_EnhW2	76129
chr14	91970513	91970514	rs74926061	chr14	92046601	92049200	17_EnhW2	76088
chr14	91971264	91971265	rs7143394	chr14	92046601	92049200	17_EnhW2	75337
chr14	91971582	91971583	rs7143962	chr14	92046601	92049200	17_EnhW2	75019
chr14	91971786	91971787	rs34550383	chr14	92046601	92049200	17_EnhW2	74815
chr14	91972118	91972119	rs10498627	chr14	92046601	92049200	17_EnhW2	74483
chr14	91972627	91972628	rs11627113	chr14	92046601	92049200	17_EnhW2	73974
chr14	91972751	91972752	rs2025067	chr14	92046601	92049200	17_EnhW2	73850
chr14	91973701	91973702	rs141733799	chr14	92046601	92049200	17_EnhW2	72900
chr14	91973738	91973739	rs10137283	chr14	92046601	92049200	17_EnhW2	72863
chr14	91973848	91973849	rs117185639	chr14	92046601	92049200	17_EnhW2	72753
chr14	91973983	91973984	rs201065747	chr14	92046601	92049200	17_EnhW2	72618
chr14	91979399	91979400	rs35144173	chr14	92046601	92049200	17_EnhW2	67202
chr14	91981410	91981411	rs34255419	chr14	92046601	92049200	17_EnhW2	65191
chr14	91984537	91984538	rs11160010	chr14	92046601	92049200	17_EnhW2	62064
chr14	91988575	91988576	rs11625512	chr14	92046601	92049200	17_EnhW2	58026
chr14	91989551	91989552	rs201897724	chr14	92046601	92049200	17_EnhW2	57050
chr14	91991952	91991953	rs10145371	chr14	92046601	92049200	17_EnhW2	54649
chr14	91999790	91999791	rs28651318	chr14	92046601	92049200	17_EnhW2	46811
chr14	92006237	92006238	rs58191304	chr14	92046601	92049200	17_EnhW2	40364
chr14	92006745	92006746	rs72701492	chr14	92046601	92049200	17_EnhW2	39856
chr14	92008219	92008220	rs1285625	chr14	92046601	92049200	17_EnhW2	38382
chr14	92012671	92012672	rs1743083	chr14	92046601	92049200	17_EnhW2	33930
chr14	92012672	92012673	rs1704668	chr14	92046601	92049200	17_EnhW2	33929
chr14	92013262	92013263	rs11627901	chr14	92046601	92049200	17_EnhW2	33339
chr14	92013397	92013398	rs11623252	chr14	92046601	92049200	17_EnhW2	33204
chr14	92014802	92014803	rs8021380	chr14	92046601	92049200	17_EnhW2	31799
chr14	92015200	92015201	rs8005897	chr14	92046601	92049200	17_EnhW2	31401
chr14	92015733	92015734	rs67434038	chr14	92046601	92049200	17_EnhW2	30868
chr14	92016547	92016548	rs34990965	chr14	92046601	92049200	17_EnhW2	30054
chr14	92021631	92021632	rs1704700	chr14	92046601	92049200	17_EnhW2	24970
chr14	92026326	92026327	rs1704704	chr14	92046601	92049200	17_EnhW2	20275
chr14	92026453	92026454	rs1743075	chr14	92046601	92049200	17_EnhW2	20148
chr14	92027058	92027059	rs2145876	chr14	92046601	92049200	17_EnhW2	19543
chr14	92030035	92030036	rs9743848	chr14	92046601	92049200	17_EnhW2	16566
chr14	92030361	92030362	rs2984147	chr14	92046601	92049200	17_EnhW2	16240
chr14	92030788	92030789	rs12432728	chr14	92046601	92049200	17_EnhW2	15813
chr14	92032743	92032744	rs1743073	chr14	92046601	92049200	17_EnhW2	13858
chr14	92034210	92034211	rs1743071	chr14	92046601	92049200	17_EnhW2	12391
chr14	92034930	92034931	rs1704695	chr14	92046601	92049200	17_EnhW2	11671
chr14	92035885	92035886	rs5024583	chr14	92046601	92049200	17_EnhW2	10716
chr14	92035937	92035938	rs12437011	chr14	92046601	92049200	17_EnhW2	10664
chr14	92038016	92038017	rs11382676	chr14	92046601	92049200	17_EnhW2	8585
chr14	92038154	92038155	rs10873411	chr14	92046601	92049200	17_EnhW2	8447
chr14	92040588	92040589	rs34650717	chr14	92046601	92049200	17_EnhW2	6013
chr14	92042363	92042364	rs1704611	chr14	92046601	92049200	17_EnhW2	4238
chr14	92042418	92042419	rs1631925	chr14	92046601	92049200	17_EnhW2	4183
chr14	92042471	92042472	rs57498440	chr14	92046601	92049200	17_EnhW2	4130
chr14	92044408	92044409	rs1704606	chr14	92046601	92049200	17_EnhW2	2193
chr14	92045325	92045326	rs2756170	chr14	92046601	92049200	17_EnhW2	1276
chr14	92047108	92047109	rs1743181	chr14	92046601	92049200	17_EnhW2	0
chr14	92048097	92048098	rs1743180	chr14	92046601	92049200	17_EnhW2	0
chr14	92049822	92049823	rs1743176	chr14	92046601	92049200	17_EnhW2	623
chr14	92050612	92050613	rs1704599	chr14	92046601	92049200	17_EnhW2	1413
chr14	92052456	92052457	rs1743173	chr14	92046601	92049200	17_EnhW2	3257
chr14	92054069	92054070	rs941845	chr14	92046601	92049200	17_EnhW2	4870
chr14	92056485	92056486	rs1951431	chr14	92046601	92049200	17_EnhW2	7286
chr14	92057959	92057960	rs1704680	chr14	92046601	92049200	17_EnhW2	8760
chr14	94449896	94449897	rs111450466	chr14	94450201	94451800	17_EnhW2	305
chr15	58201340	58201341	rs4080	chr15	58224601	58225200	17_EnhW2	23261
chr15	58202493	58202494	rs28379349	chr15	58224601	58225200	17_EnhW2	22108
chr15	58208164	58208165	rs4775005	chr15	58224601	58225200	17_EnhW2	16437
chr15	58210397	58210398	rs1530293	chr15	58224601	58225200	17_EnhW2	14204
chr15	58210430	58210431	rs143896067	chr15	58224601	58225200	17_EnhW2	14171
chr15	58213367	58213368	rs1550574	chr15	58224601	58225200	17_EnhW2	11234
chr15	58216379	58216380	rs56362772	chr15	58224601	58225200	17_EnhW2	8222
chr15	58217788	58217789	rs8033270	chr15	58224601	58225200	17_EnhW2	6813
chr15	58221726	58221727	rs8025493	chr15	58224601	58225200	17_EnhW2	2875
chr15	58228598	58228599	rs11852835	chr15	58224601	58225200	17_EnhW2	3399
chr15	58229522	58229523	rs1579744	chr15	58224601	58225200	17_EnhW2	4323
chr15	58239357	58239358	rs17820823	chr15	58224601	58225200	17_EnhW2	14158
chr15	58240332	58240333	rs7178497	chr15	58224601	58225200	17_EnhW2	15133
chr15	58240517	58240518	rs11071356	chr15	58224601	58225200	17_EnhW2	15318
chr15	58241856	58241857	rs12915231	chr15	58224601	58225200	17_EnhW2	16657
chr15	58242147	58242148	rs10851630	chr15	58224601	58225200	17_EnhW2	16948
chr15	58242192	58242193	rs10851631	chr15	58224601	58225200	17_EnhW2	16993
chr15	58244031	58244032	rs12907038	chr15	58224601	58225200	17_EnhW2	18832
chr15	58244102	58244103	rs7495968	chr15	58224601	58225200	17_EnhW2	18903
chr15	58245985	58245986	rs9325	chr15	58224601	58225200	17_EnhW2	20786
chr15	58246801	58246802	rs3204689	chr15	58224601	58225200	17_EnhW2	21602
chr15	58247562	58247563	rs4646640	chr15	58224601	58225200	17_EnhW2	22363
chr15	58248372	58248373	rs12910113	chr15	58224601	58225200	17_EnhW2	23173
chr15	58248782	58248783	rs4646638	chr15	58224601	58225200	17_EnhW2	23583
chr15	58249376	58249377	rs11855259	chr15	58224601	58225200	17_EnhW2	24177
chr15	58251033	58251034	rs4646636	chr15	58224601	58225200	17_EnhW2	25834
chr15	58251785	58251786	rs7165247	chr15	58224601	58225200	17_EnhW2	26586
chr15	58252392	58252393	rs7170896	chr15	58224601	58225200	17_EnhW2	27193
chr15	58253061	58253062	rs3784263	chr15	58224601	58225200	17_EnhW2	27862
chr15	58253105	58253106	rs3784262	chr15	58224601	58225200	17_EnhW2	27906
chr15	58253268	58253269	rs3784260	chr15	58224601	58225200	17_EnhW2	28069
chr15	58255214	58255215	rs4646629	chr15	58224601	58225200	17_EnhW2	30015
chr15	58255281	58255282	rs4646628	chr15	58224601	58225200	17_EnhW2	30082
chr15	58255304	58255305	rs4646627	chr15	58224601	58225200	17_EnhW2	30105
chr15	58257198	58257199	rs4646622	chr15	58224601	58225200	17_EnhW2	31999
chr15	58258240	58258241	rs4646620	chr15	58224601	58225200	17_EnhW2	33041
chr15	58258341	58258342	rs4646619	chr15	58224601	58225200	17_EnhW2	33142
chr15	58259335	58259336	rs7164408	chr15	58224601	58225200	17_EnhW2	34136
chr15	58259938	58259939	rs8031133	chr15	58224601	58225200	17_EnhW2	34739
chr15	58261198	58261199	rs4646617	chr15	58224601	58225200	17_EnhW2	35999
chr15	58261279	58261280	rs12903792	chr15	58224601	58225200	17_EnhW2	36080
chr15	58261348	58261349	rs4646616	chr15	58224601	58225200	17_EnhW2	36149
chr15	58265076	58265077	rs4646612	chr15	58303201	58303600	17_EnhW2	38125
chr15	58265082	58265083	rs4646611	chr15	58303201	58303600	17_EnhW2	38119
chr15	58266977	58266978	rs35511675	chr15	58303201	58303600	17_EnhW2	36224
chr15	58267415	58267416	rs66725070	chr15	58303201	58303600	17_EnhW2	35786
chr15	58268371	58268372	rs12903551	chr15	58303201	58303600	17_EnhW2	34830
chr15	58269461	58269462	rs11630835	chr15	58303201	58303600	17_EnhW2	33740
chr15	58276746	58276747	rs12903474	chr15	58303201	58303600	17_EnhW2	26455
chr15	58277811	58277812	rs12908953	chr15	58303201	58303600	17_EnhW2	25390
chr15	58279431	58279432	rs12915901	chr15	58303201	58303600	17_EnhW2	23770
chr15	58279873	58279874	rs34871384	chr15	58303201	58303600	17_EnhW2	23328
chr15	58296449	58296450	rs12148907	chr15	58303201	58303600	17_EnhW2	6752
chr15	58297362	58297363	rs1372368	chr15	58303201	58303600	17_EnhW2	5839
chr15	58302466	58302467	rs4646593	chr15	58303201	58303600	17_EnhW2	735
chr15	58305343	58305344	rs4646586	chr15	58303201	58303600	17_EnhW2	1744
chr15	58314678	58314679	rs12910752	chr15	58303201	58303600	17_EnhW2	11079
chr15	58314847	58314848	rs12911071	chr15	58303201	58303600	17_EnhW2	11248
chr15	58316365	58316366	rs113890824	chr15	58303201	58303600	17_EnhW2	12766
chr15	58316486	58316487	rs12901462	chr15	58303201	58303600	17_EnhW2	12887
chr15	58318602	58318603	rs4369598	chr15	58330801	58331000	17_EnhW2	12199
chr15	58319689	58319690	rs11857461	chr15	58330801	58331000	17_EnhW2	11112
chr15	58320779	58320780	rs12914590	chr15	58330801	58331000	17_EnhW2	10022
chr15	58320807	58320808	rs12915693	chr15	58330801	58331000	17_EnhW2	9994
chr15	58321463	58321464	rs11852540	chr15	58330801	58331000	17_EnhW2	9338
chr15	58321780	58321781	rs143344406	chr15	58330801	58331000	17_EnhW2	9021
chr15	58323064	58323065	rs10851633	chr15	58330801	58331000	17_EnhW2	7737
chr15	58325511	58325512	rs74655564	chr15	58330801	58331000	17_EnhW2	5290
chr15	58330093	58330094	rs4144005	chr15	58330801	58331000	17_EnhW2	708
chr15	58333768	58333769	rs34556514	chr15	58332001	58332600	17_EnhW2	1169
chr15	58333960	58333961	rs11071363	chr15	58332001	58332600	17_EnhW2	1361
chr15	58334112	58334113	rs11071364	chr15	58332001	58332600	17_EnhW2	1513
chr15	58334125	58334126	rs11071365	chr15	58332001	58332600	17_EnhW2	1526
chr15	58334243	58334244	rs11071366	chr15	58332001	58332600	17_EnhW2	1644
chr15	58334344	58334345	rs10518961	chr15	58332001	58332600	17_EnhW2	1745
chr15	58334586	58334587	rs1994926	chr15	58332001	58332600	17_EnhW2	1987
chr15	58334798	58334799	rs8027188	chr15	58332001	58332600	17_EnhW2	2199
chr15	58335271	58335272	rs8027964	chr15	58332001	58332600	17_EnhW2	2672
chr15	58335866	58335867	rs2899612	chr15	58332001	58332600	17_EnhW2	3267
chr15	58335999	58336000	rs4238326	chr15	58332001	58332600	17_EnhW2	3400
chr15	58336217	58336218	rs4238327	chr15	58332001	58332600	17_EnhW2	3618
chr15	58336318	58336319	rs4553566	chr15	58332001	58332600	17_EnhW2	3719
chr15	58336425	58336426	rs35246600	chr15	58332001	58332600	17_EnhW2	3826
chr15	58336661	58336662	rs17820966	chr15	58332001	58332600	17_EnhW2	4062
chr15	58337458	58337459	rs8023769	chr15	58342001	58343800	17_EnhW2	4543
chr15	58338051	58338052	rs6493979	chr15	58342001	58343800	17_EnhW2	3950
chr15	58338997	58338998	rs4646576	chr15	58342001	58343800	17_EnhW2	3004
chr15	58343020	58343021	rs4646572	chr15	58342001	58343800	17_EnhW2	0
chr15	58343136	58343137	rs4646571	chr15	58342001	58343800	17_EnhW2	0
chr15	58344289	58344290	rs4646568	chr15	58342001	58343800	17_EnhW2	490
chr15	58353334	58353335	rs4646563	chr15	58342001	58343800	17_EnhW2	9535
chr15	87910145	87910146	rs1451647	chr15	87912201	87913400	18_EnhAc	2056
chr15	87911206	87911207	rs8026739	chr15	87912201	87913400	18_EnhAc	995
chr15	87912580	87912581	rs1116409	chr15	87912201	87913400	18_EnhAc	0
chr15	87912681	87912682	rs73443782	chr15	87912201	87913400	18_EnhAc	0
chr15	87913124	87913125	rs8037532	chr15	87912201	87913400	18_EnhAc	0
chr15	87913588	87913589	rs62034293	chr15	87912201	87913400	18_EnhAc	189
chr15	87915709	87915710	rs2084772	chr15	87912201	87913400	18_EnhAc	2310
chr15	87916088	87916089	rs1115708	chr15	87912201	87913400	18_EnhAc	2689
chr15	87917658	87917659	rs10220882	chr15	87912201	87913400	18_EnhAc	4259
chr15	87917943	87917944	rs11073713	chr15	87912201	87913400	18_EnhAc	4544
chr15	87918795	87918796	rs11633906	chr15	87912201	87913400	18_EnhAc	5396
chr15	87920465	87920466	rs2348368	chr15	87912201	87913400	18_EnhAc	7066
chr15	87920562	87920563	rs2348369	chr15	87912201	87913400	18_EnhAc	7163
chr15	87920888	87920889	rs2100302	chr15	87912201	87913400	18_EnhAc	7489
chr15	87921976	87921977	rs11854838	chr15	87912201	87913400	18_EnhAc	8577
chr15	87922026	87922027	rs11854841	chr15	87912201	87913400	18_EnhAc	8627
chr15	87922259	87922260	rs62034294	chr15	87912201	87913400	18_EnhAc	8860
chr15	87922529	87922530	rs8023472	chr15	87912201	87913400	18_EnhAc	9130
chr15	87922557	87922558	rs8041962	chr15	87912201	87913400	18_EnhAc	9158
chr15	87922673	87922674	rs8023779	chr15	87912201	87913400	18_EnhAc	9274
chr15	87924615	87924616	rs144099649	chr15	87912201	87913400	18_EnhAc	11216
chr15	87925440	87925441	rs79044820	chr15	87912201	87913400	18_EnhAc	12041
chr15	87925500	87925501	rs141128551	chr15	87912201	87913400	18_EnhAc	12101
chr15	87925513	87925514	rs116727304	chr15	87912201	87913400	18_EnhAc	12114
chr15	87925668	87925669	rs145119333	chr15	87912201	87913400	18_EnhAc	12269
chr15	87927743	87927744	rs141464105	chr15	87912201	87913400	18_EnhAc	14344
chr15	87928096	87928097	rs17706505	chr15	87912201	87913400	18_EnhAc	14697
chr15	87928820	87928821	rs2348370	chr15	87912201	87913400	18_EnhAc	15421
chr15	87928822	87928823	rs2348371	chr15	87912201	87913400	18_EnhAc	15423
chr15	87930016	87930017	rs62034296	chr15	87945201	87945400	17_EnhW2	15185
chr15	87930141	87930142	rs58477668	chr15	87945201	87945400	17_EnhW2	15060
chr15	87931631	87931632	rs17706613	chr15	87945201	87945400	17_EnhW2	13570
chr15	87931882	87931883	rs79735505	chr15	87945201	87945400	17_EnhW2	13319
chr15	87932312	87932313	rs1156940	chr15	87945201	87945400	17_EnhW2	12889
chr15	87932771	87932772	rs4887178	chr15	87945201	87945400	17_EnhW2	12430
chr15	87934169	87934170	rs17706668	chr15	87945201	87945400	17_EnhW2	11032
chr15	87934436	87934437	rs1867036	chr15	87945201	87945400	17_EnhW2	10765
chr15	87934967	87934968	rs10083718	chr15	87945201	87945400	17_EnhW2	10234
chr15	87936272	87936273	rs8030059	chr15	87945201	87945400	17_EnhW2	8929
chr15	87937739	87937740	rs1442309	chr15	87945201	87945400	17_EnhW2	7462
chr15	87938182	87938183	rs11638634	chr15	87945201	87945400	17_EnhW2	7019
chr15	87939757	87939758	rs8030511	chr15	87945201	87945400	17_EnhW2	5444
chr15	87940016	87940017	rs8037186	chr15	87945201	87945400	17_EnhW2	5185
chr15	87940816	87940817	rs62034300	chr15	87945201	87945400	17_EnhW2	4385
chr15	87941184	87941185	rs34178004	chr15	87945201	87945400	17_EnhW2	4017
chr15	87942450	87942451	rs11073714	chr15	87945201	87945400	17_EnhW2	2751
chr15	87942831	87942832	rs2881894	chr15	87945201	87945400	17_EnhW2	2370
chr15	87943284	87943285	rs2881895	chr15	87945201	87945400	17_EnhW2	1917
chr15	87943332	87943333	rs2348372	chr15	87945201	87945400	17_EnhW2	1869
chr15	87943956	87943957	rs35368389	chr15	87945201	87945400	17_EnhW2	1245
chr15	87944095	87944096	rs12593019	chr15	87945201	87945400	17_EnhW2	1106
chr15	87944243	87944244	rs12594864	chr15	87945201	87945400	17_EnhW2	958
chr15	87945082	87945083	rs7169957	chr15	87945201	87945400	17_EnhW2	119
chr15	87945273	87945274	rs2028549	chr15	87945201	87945400	17_EnhW2	0
chr15	87946856	87946857	rs1561809	chr15	87945201	87945400	17_EnhW2	1457
chr15	87948778	87948779	rs1372610	chr15	87945201	87945400	17_EnhW2	3379
chr15	87950630	87950631	rs202069403	chr15	87945201	87945400	17_EnhW2	5231
chr15	87952226	87952227	rs2348377	chr15	87957401	87958400	17_EnhW2	5175
chr15	87952675	87952676	rs875594	chr15	87957401	87958400	17_EnhW2	4726
chr15	87954254	87954255	rs2679090	chr15	87957401	87958400	17_EnhW2	3147
chr15	87954757	87954758	rs1372605	chr15	87957401	87958400	17_EnhW2	2644
chr15	87956889	87956890	rs34418195	chr15	87957401	87958400	17_EnhW2	512
chr15	87958791	87958792	rs17656007	chr15	87957401	87958400	17_EnhW2	392
chr15	87959110	87959111	rs8040657	chr15	87957401	87958400	17_EnhW2	711
chr15	87959241	87959242	rs17656065	chr15	87957401	87958400	17_EnhW2	842
chr15	87959601	87959602	rs2584119	chr15	87957401	87958400	17_EnhW2	1202
chr15	87959736	87959737	rs5814286	chr15	87957401	87958400	17_EnhW2	1337
chr15	87959741	87959742	rs4991699	chr15	87957401	87958400	17_EnhW2	1342
chr15	87960213	87960214	rs2584120	chr15	87957401	87958400	17_EnhW2	1814
chr15	87960549	87960550	rs1442294	chr15	87957401	87958400	17_EnhW2	2150
chr15	87960984	87960985	rs2679089	chr15	87957401	87958400	17_EnhW2	2585
chr15	87961076	87961077	rs17656245	chr15	87957401	87958400	17_EnhW2	2677
chr15	87961332	87961333	rs62019688	chr15	87957401	87958400	17_EnhW2	2933
chr15	87961834	87961835	rs2348381	chr15	87957401	87958400	17_EnhW2	3435
chr15	87961836	87961837	rs117976820	chr15	87957401	87958400	17_EnhW2	3437
chr15	87961844	87961845	rs2348382	chr15	87957401	87958400	17_EnhW2	3445
chr15	87962985	87962986	rs2679086	chr15	87957401	87958400	17_EnhW2	4586
chr15	87964236	87964237	rs34981324	chr15	87957401	87958400	17_EnhW2	5837
chr15	87964526	87964527	rs1837915	chr15	87957401	87958400	17_EnhW2	6127
chr15	87965941	87965942	rs147969355	chr15	87957401	87958400	17_EnhW2	7542
chr15	87967473	87967474	rs35276031	chr15	87957401	87958400	17_EnhW2	9074
chr15	87967885	87967886	rs2584123	chr15	87957401	87958400	17_EnhW2	9486
chr15	87967886	87967887	rs2679082	chr15	87957401	87958400	17_EnhW2	9487
chr15	87969447	87969448	rs2584124	chr15	87977401	87977800	17_EnhW2	7954
chr15	87972050	87972051	rs2679079	chr15	87977401	87977800	17_EnhW2	5351
chr15	87972700	87972701	rs5814288	chr15	87977401	87977800	17_EnhW2	4701
chr15	87972771	87972772	rs2016982	chr15	87977401	87977800	17_EnhW2	4630
chr15	87973742	87973743	rs935116	chr15	87977401	87977800	17_EnhW2	3659
chr15	87975194	87975195	rs1822237	chr15	87977401	87977800	17_EnhW2	2207
chr15	87976205	87976206	rs1036807	chr15	87977401	87977800	17_EnhW2	1196
chr15	87976805	87976806	rs2261616	chr15	87977401	87977800	17_EnhW2	596
chr15	87976994	87976995	rs11630254	chr15	87977401	87977800	17_EnhW2	407
chr15	87977352	87977353	rs1442312	chr15	87977401	87977800	17_EnhW2	49
chr15	87977377	87977378	rs1442313	chr15	87977401	87977800	17_EnhW2	24
chr15	87977531	87977532	rs1372611	chr15	87977401	87977800	17_EnhW2	0
chr15	87977812	87977813	rs1372604	chr15	87977401	87977800	17_EnhW2	13
chr15	87978833	87978834	rs7172830	chr15	87977401	87977800	17_EnhW2	1034
chr15	87979603	87979604	rs2584128	chr15	87977401	87977800	17_EnhW2	1804
chr15	87980069	87980070	rs1348258	chr15	87977401	87977800	17_EnhW2	2270
chr15	87980685	87980686	rs111235541	chr15	87977401	87977800	17_EnhW2	2886
chr15	87982324	87982325	rs2584133	chr15	87977401	87977800	17_EnhW2	4525
chr15	87983729	87983730	rs2679070	chr15	87977401	87977800	17_EnhW2	5930
chr15	87984322	87984323	rs1822235	chr15	87977401	87977800	17_EnhW2	6523
chr15	87984358	87984359	rs1822236	chr15	87977401	87977800	17_EnhW2	6559
chr15	87986541	87986542	rs1036808	chr15	87977401	87977800	17_EnhW2	8742
chr15	87987039	87987040	rs2584135	chr15	87977401	87977800	17_EnhW2	9240
chr15	87987516	87987517	rs1036809	chr15	87977401	87977800	17_EnhW2	9717
chr15	87987850	87987851	rs1036810	chr15	87977401	87977800	17_EnhW2	10051
chr15	87987939	87987940	rs1036811	chr15	87977401	87977800	17_EnhW2	10140
chr15	87988268	87988269	rs2679068	chr15	87977401	87977800	17_EnhW2	10469
chr15	87988419	87988420	rs57884340	chr15	87977401	87977800	17_EnhW2	10620
chr15	87988619	87988620	rs2584137	chr15	87977401	87977800	17_EnhW2	10820
chr15	87988662	87988663	rs17657348	chr15	87977401	87977800	17_EnhW2	10863
chr15	87990412	87990413	rs62019690	chr15	87977401	87977800	17_EnhW2	12613
chr15	87991121	87991122	rs144432690	chr15	87977401	87977800	17_EnhW2	13322
chr15	87991756	87991757	rs56395531	chr15	87977401	87977800	17_EnhW2	13957
chr15	87992740	87992741	rs2606151	chr15	87977401	87977800	17_EnhW2	14941
chr15	87992877	87992878	rs2584142	chr15	87977401	87977800	17_EnhW2	15078
chr15	87993290	87993291	rs5814289	chr15	87977401	87977800	17_EnhW2	15491
chr15	87994967	87994968	rs5814290	chr15	87977401	87977800	17_EnhW2	17168
chr15	87996338	87996339	rs62019692	chr15	87977401	87977800	17_EnhW2	18539
chr15	87996774	87996775	rs11633518	chr15	87977401	87977800	17_EnhW2	18975
chr15	87997424	87997425	rs2584145	chr15	87977401	87977800	17_EnhW2	19625
chr15	87998373	87998374	rs62019693	chr15	87977401	87977800	17_EnhW2	20574
chr15	87999234	87999235	rs2606177	chr15	87977401	87977800	17_EnhW2	21435
chr15	87999807	87999808	rs2679065	chr15	88020801	88021400	17_EnhW2	20994
chr15	88001806	88001807	rs2606149	chr15	88020801	88021400	17_EnhW2	18995
chr15	88003862	88003863	rs976546	chr15	88020801	88021400	17_EnhW2	16939
chr15	88004960	88004961	rs2679063	chr15	88020801	88021400	17_EnhW2	15841
chr15	88006663	88006664	rs1442310	chr15	88020801	88021400	17_EnhW2	14138
chr15	88006717	88006718	rs11633937	chr15	88020801	88021400	17_EnhW2	14084
chr15	88006760	88006761	rs11630098	chr15	88020801	88021400	17_EnhW2	14041
chr15	88006877	88006878	rs35400418	chr15	88020801	88021400	17_EnhW2	13924
chr15	88006969	88006970	rs2584148	chr15	88020801	88021400	17_EnhW2	13832
chr15	88007071	88007072	rs12440158	chr15	88020801	88021400	17_EnhW2	13730
chr15	88007728	88007729	rs9672259	chr15	88020801	88021400	17_EnhW2	13073
chr15	88008162	88008163	rs199548494	chr15	88020801	88021400	17_EnhW2	12639
chr15	88008656	88008657	rs200619002	chr15	88020801	88021400	17_EnhW2	12145
chr15	88009754	88009755	rs8038075	chr15	88020801	88021400	17_EnhW2	11047
chr15	88012409	88012410	rs62019731	chr15	88020801	88021400	17_EnhW2	8392
chr15	88012981	88012982	rs34382963	chr15	88020801	88021400	17_EnhW2	7820
chr15	88012984	88012985	rs35077680	chr15	88020801	88021400	17_EnhW2	7817
chr15	88013139	88013140	rs2606152	chr15	88020801	88021400	17_EnhW2	7662
chr15	88013297	88013298	rs6496419	chr15	88020801	88021400	17_EnhW2	7504
chr15	88014683	88014684	rs139988856	chr15	88020801	88021400	17_EnhW2	6118
chr15	88015021	88015022	rs28435441	chr15	88020801	88021400	17_EnhW2	5780
chr15	88015708	88015709	rs6496420	chr15	88020801	88021400	17_EnhW2	5093
chr15	88017054	88017055	rs189646742	chr15	88020801	88021400	17_EnhW2	3747
chr15	88017318	88017319	rs17714837	chr15	88020801	88021400	17_EnhW2	3483
chr15	88018319	88018320	rs62019734	chr15	88020801	88021400	17_EnhW2	2482
chr15	88018555	88018556	rs7178837	chr15	88020801	88021400	17_EnhW2	2246
chr15	88020974	88020975	rs41419445	chr15	88020801	88021400	17_EnhW2	0
chr15	88021245	88021246	rs62019736	chr15	88020801	88021400	17_EnhW2	0
chr15	88021405	88021406	rs146934871	chr15	88021401	88021600	16_EnhW1	0
chr15	88023244	88023245	rs1442297	chr15	88021401	88021600	16_EnhW1	1645
chr15	88026166	88026167	rs139307350	chr15	88021401	88021600	16_EnhW1	4567
chr15	88026583	88026584	rs1372608	chr15	88021401	88021600	16_EnhW1	4984
chr15	88026892	88026893	rs62019737	chr15	88021401	88021600	16_EnhW1	5293
chr15	88031464	88031465	rs1561808	chr15	88021401	88021600	16_EnhW1	9865
chr15	89889683	89889684	rs176640	chr15	89987401	89988200	17_EnhW2	97718
chr15	89890181	89890182	rs176641	chr15	89987401	89988200	17_EnhW2	97220
chr15	89891797	89891798	rs113559874	chr15	89987401	89988200	17_EnhW2	95604
chr15	89896578	89896579	rs740425	chr15	89987401	89988200	17_EnhW2	90823
chr15	89897020	89897021	rs2077098	chr15	89987401	89988200	17_EnhW2	90381
chr15	89899155	89899156	rs7495737	chr15	89987401	89988200	17_EnhW2	88246
chr15	89905151	89905152	rs961288	chr15	89987401	89988200	17_EnhW2	82250
chr15	89917869	89917870	rs176645	chr15	89987401	89988200	17_EnhW2	69532
chr15	89919944	89919945	rs976560	chr15	89987401	89988200	17_EnhW2	67457
chr15	89921968	89921969	rs176647	chr15	89987401	89988200	17_EnhW2	65433
chr15	89927559	89927560	rs208824	chr15	89987401	89988200	17_EnhW2	59842
chr15	89928188	89928189	rs150353	chr15	89987401	89988200	17_EnhW2	59213
chr15	89930587	89930588	rs150351	chr15	89987401	89988200	17_EnhW2	56814
chr15	89931147	89931148	rs150294	chr15	89987401	89988200	17_EnhW2	56254
chr15	89934816	89934817	rs150293	chr15	89987401	89988200	17_EnhW2	52585
chr15	89935539	89935540	rs150292	chr15	89987401	89988200	17_EnhW2	51862
chr15	89939527	89939528	rs176648	chr15	89987401	89988200	17_EnhW2	47874
chr15	89942330	89942331	rs208827	chr15	89987401	89988200	17_EnhW2	45071
chr15	89943039	89943040	rs150298	chr15	89987401	89988200	17_EnhW2	44362
chr15	89943336	89943337	rs150299	chr15	89987401	89988200	17_EnhW2	44065
chr15	89943600	89943601	rs182317	chr15	89987401	89988200	17_EnhW2	43801
chr15	89944189	89944190	rs150300	chr15	89987401	89988200	17_EnhW2	43212
chr15	89945578	89945579	rs150354	chr15	89987401	89988200	17_EnhW2	41823
chr15	89945960	89945961	rs150301	chr15	89987401	89988200	17_EnhW2	41441
chr15	89946788	89946789	rs150302	chr15	89987401	89988200	17_EnhW2	40613
chr15	89947041	89947042	rs208829	chr15	89987401	89988200	17_EnhW2	40360
chr15	89949209	89949210	rs150304	chr15	89987401	89988200	17_EnhW2	38192
chr15	89950991	89950992	rs143329057	chr15	89987401	89988200	17_EnhW2	36410
chr15	89955361	89955362	rs150311	chr15	89987401	89988200	17_EnhW2	32040
chr15	89956267	89956268	rs176649	chr15	89987401	89988200	17_EnhW2	31134
chr15	89958134	89958135	rs5814380	chr15	89987401	89988200	17_EnhW2	29267
chr15	89958152	89958153	rs176650	chr15	89987401	89988200	17_EnhW2	29249
chr15	89958962	89958963	rs176398	chr15	89987401	89988200	17_EnhW2	28439
chr15	89960600	89960601	rs150313	chr15	89987401	89988200	17_EnhW2	26801
chr16	26335799	26335800	rs8048706	chr16	26293801	26294000	17_EnhW2	41800
chr16	26335818	26335819	rs8048431	chr16	26293801	26294000	17_EnhW2	41819
chr16	26343603	26343604	rs12448316	chr16	26293801	26294000	17_EnhW2	49604
chr16	26383350	26383351	rs11074775	chr16	26396801	26397800	17_EnhW2	13451
chr16	26451442	26451443	rs11074779	chr16	26430601	26431200	17_EnhW2	20243
chr16	26454550	26454551	rs8049649	chr16	26430601	26431200	17_EnhW2	23351
chr16	26489528	26489529	rs12599680	chr16	26488801	26489200	17_EnhW2	329
chr16	29924421	29924422	rs12444978	chr16	29923401	29923600	17_EnhW2	822
chr16	29924904	29924905	rs7201384	chr16	29923401	29923600	17_EnhW2	1305
chr16	29925444	29925445	rs8059619	chr16	29923401	29923600	17_EnhW2	1845
chr16	29927701	29927702	rs10083738	chr16	29923401	29923600	17_EnhW2	4102
chr16	29929727	29929728	rs8052502	chr16	29923401	29923600	17_EnhW2	6128
chr16	29931898	29931899	rs4407079	chr16	29938601	29938800	16_EnhW1	6703
chr16	29932063	29932064	rs4609871	chr16	29938601	29938800	16_EnhW1	6538
chr16	29932690	29932691	rs9936474	chr16	29938601	29938800	16_EnhW1	5911
chr16	29934753	29934754	rs12596042	chr16	29938601	29938800	16_EnhW1	3848
chr16	29934818	29934819	rs11150574	chr16	29938601	29938800	16_EnhW1	3783
chr16	29935065	29935066	rs11150575	chr16	29938601	29938800	16_EnhW1	3536
chr16	29936653	29936654	rs12716972	chr16	29938601	29938800	16_EnhW1	1948
chr16	29937080	29937081	rs5816505	chr16	29938601	29938800	16_EnhW1	1521
chr16	29937651	29937652	rs12716973	chr16	29938601	29938800	16_EnhW1	950
chr16	29938819	29938820	rs4420550	chr16	29938801	29939000	17_EnhW2	0
chr16	29939292	29939293	rs4424923	chr16	29938801	29939000	17_EnhW2	293
chr16	29939876	29939877	rs12691307	chr16	29938801	29939000	17_EnhW2	877
chr16	29943366	29943367	rs12919683	chr16	29938801	29939000	17_EnhW2	4367
chr16	29943458	29943459	rs12933498	chr16	29938801	29939000	17_EnhW2	4459
chr16	29944831	29944832	rs12716974	chr16	29938801	29939000	17_EnhW2	5832
chr16	29946669	29946670	rs11649612	chr16	29938801	29939000	17_EnhW2	7670
chr16	29946707	29946708	rs11642933	chr16	29938801	29939000	17_EnhW2	7708
chr16	29946944	29946945	rs4527039	chr16	29938801	29939000	17_EnhW2	7945
chr16	29948400	29948401	rs4788190	chr16	29955001	29955400	15_EnhAF	6601
chr16	29950828	29950829	rs12716975	chr16	29955001	29955400	15_EnhAF	4173
chr16	29954653	29954654	rs4402589	chr16	29955001	29955400	15_EnhAF	348
chr16	29954954	29954955	rs3924855	chr16	29955001	29955400	15_EnhAF	47
chr16	30125839	30125840	rs7542	chr16	30125001	30125200	17_EnhW2	640
chr16	30130492	30130493	rs11865086	chr16	30133201	30133400	17_EnhW2	2709
chr16	30134655	30134656	rs28529403	chr16	30133401	30133600	16_EnhW1	1056
chr16	30134678	30134679	rs61764202	chr16	30133401	30133600	16_EnhW1	1079
chr16	30137206	30137207	rs58405293	chr16	30133401	30133600	16_EnhW1	3607
chr16	30139899	30139900	rs4787493	chr16	30133401	30133600	16_EnhW1	6300
chr16	30140291	30140292	rs9921544	chr16	30133401	30133600	16_EnhW1	6692
chr16	30141257	30141258	rs2005219	chr16	30133401	30133600	16_EnhW1	7658
chr16	30141846	30141847	rs9932466	chr16	30133401	30133600	16_EnhW1	8247
chr16	30141912	30141913	rs9931927	chr16	30133401	30133600	16_EnhW1	8313
chr16	30141984	30141985	rs55732507	chr16	30133401	30133600	16_EnhW1	8385
chr16	30142020	30142021	rs57149692	chr16	30133401	30133600	16_EnhW1	8421
chr16	30144378	30144379	rs6565175	chr16	30133401	30133600	16_EnhW1	10779
chr16	30145784	30145785	rs58797067	chr16	30133401	30133600	16_EnhW1	12185
chr16	30145799	30145800	rs112399781	chr16	30133401	30133600	16_EnhW1	12200
chr16	30147264	30147265	rs7201780	chr16	30133401	30133600	16_EnhW1	13665
chr16	51442678	51442679	rs1948948	chr16	51442201	51443600	17_EnhW2	0
chr16	51446383	51446384	rs11641011	chr16	51442201	51443600	17_EnhW2	2784
chr16	51449759	51449760	rs7196814	chr16	51442201	51443600	17_EnhW2	6160
chr16	51449977	51449978	rs7197215	chr16	51442201	51443600	17_EnhW2	6378
chr16	51451682	51451683	rs17616633	chr16	51442201	51443600	17_EnhW2	8083
chr16	87211962	87211963	rs12934042	chr16	87212001	87213000	16_EnhW1	39
chr16	87214028	87214029	rs4843223	chr16	87213001	87213200	17_EnhW2	829
chr16	87214942	87214943	rs11641115	chr16	87213001	87213200	17_EnhW2	1743
chr16	87217381	87217382	rs9783773	chr16	87219201	87219400	17_EnhW2	1820
chr16	87218510	87218511	rs9783786	chr16	87219201	87219400	17_EnhW2	691
chr16	87220973	87220974	rs201743303	chr16	87220401	87220600	17_EnhW2	374
chr16	87221645	87221646	rs148588773	chr16	87220401	87220600	17_EnhW2	1046
chr16	87221840	87221841	rs146235123	chr16	87220401	87220600	17_EnhW2	1241
chr16	87222152	87222153	rs9888792	chr16	87220401	87220600	17_EnhW2	1553
chr16	87223722	87223723	rs36034304	chr16	87220401	87220600	17_EnhW2	3123
chr16	87224131	87224132	rs12711472	chr16	87220401	87220600	17_EnhW2	3532
chr16	87224292	87224293	rs12711473	chr16	87220401	87220600	17_EnhW2	3693
chr16	87224641	87224642	rs9308341	chr16	87220401	87220600	17_EnhW2	4042
chr16	87224854	87224855	rs9308342	chr16	87220401	87220600	17_EnhW2	4255
chr16	87224856	87224857	rs9308343	chr16	87220401	87220600	17_EnhW2	4257
chr16	87224929	87224930	rs9308344	chr16	87220401	87220600	17_EnhW2	4330
chr16	87225100	87225101	rs9937293	chr16	87220401	87220600	17_EnhW2	4501
chr16	87225138	87225139	rs4843227	chr16	87220401	87220600	17_EnhW2	4539
chr16	87225142	87225143	rs4843560	chr16	87220401	87220600	17_EnhW2	4543
chr16	87225263	87225264	rs4843226	chr16	87220401	87220600	17_EnhW2	4664
chr16	87225430	87225431	rs4843559	chr16	87220401	87220600	17_EnhW2	4831
chr16	87225472	87225473	rs4843558	chr16	87220401	87220600	17_EnhW2	4873
chr16	87225689	87225690	rs4843557	chr16	87220401	87220600	17_EnhW2	5090
chr16	87225823	87225824	rs7205039	chr16	87220401	87220600	17_EnhW2	5224
chr16	87226205	87226206	rs9933149	chr16	87220401	87220600	17_EnhW2	5606
chr16	87226716	87226717	rs12921714	chr16	87232001	87232800	17_EnhW2	5285
chr16	87226842	87226843	rs12921347	chr16	87232001	87232800	17_EnhW2	5159
chr16	87226946	87226947	rs12921510	chr16	87232001	87232800	17_EnhW2	5055
chr16	87227045	87227046	rs12920553	chr16	87232001	87232800	17_EnhW2	4956
chr16	87227155	87227156	rs12922411	chr16	87232001	87232800	17_EnhW2	4846
chr16	87227396	87227397	rs12921170	chr16	87232001	87232800	17_EnhW2	4605
chr16	87228163	87228164	rs4843556	chr16	87232001	87232800	17_EnhW2	3838
chr16	87228221	87228222	rs7196520	chr16	87232001	87232800	17_EnhW2	3780
chr16	87229317	87229318	rs7203251	chr16	87232001	87232800	17_EnhW2	2684
chr16	87229343	87229344	rs56023709	chr16	87232001	87232800	17_EnhW2	2658
chr16	87229434	87229435	rs6540016	chr16	87232001	87232800	17_EnhW2	2567
chr16	87229738	87229739	rs7185688	chr16	87232001	87232800	17_EnhW2	2263
chr16	87230169	87230170	rs11644651	chr16	87232001	87232800	17_EnhW2	1832
chr16	87230223	87230224	rs7191546	chr16	87232001	87232800	17_EnhW2	1778
chr16	87230387	87230388	rs6540017	chr16	87232001	87232800	17_EnhW2	1614
chr16	87230536	87230537	rs11860417	chr16	87232001	87232800	17_EnhW2	1465
chr16	87231159	87231160	rs4843555	chr16	87232001	87232800	17_EnhW2	842
chr16	87231498	87231499	rs12149643	chr16	87232001	87232800	17_EnhW2	503
chr16	87232382	87232383	rs4843554	chr16	87232001	87232800	17_EnhW2	0
chr16	87233184	87233185	rs4843553	chr16	87232001	87232800	17_EnhW2	385
chr16	87233515	87233516	rs4843552	chr16	87232001	87232800	17_EnhW2	716
chr16	87233937	87233938	rs8047567	chr16	87232001	87232800	17_EnhW2	1138
chr16	87234711	87234712	rs12711474	chr16	87232001	87232800	17_EnhW2	1912
chr16	87235030	87235031	rs5818623	chr16	87232001	87232800	17_EnhW2	2231
chr16	87235866	87235867	rs4240792	chr16	87232001	87232800	17_EnhW2	3067
chr16	87235915	87235916	rs4240791	chr16	87232001	87232800	17_EnhW2	3116
chr16	87235965	87235966	rs4240790	chr16	87232001	87232800	17_EnhW2	3166
chr16	87236011	87236012	rs4240789	chr16	87232001	87232800	17_EnhW2	3212
chr16	87236081	87236082	rs4240788	chr16	87232001	87232800	17_EnhW2	3282
chr16	87236117	87236118	rs11278661	chr16	87232001	87232800	17_EnhW2	3318
chr16	87236330	87236331	rs4240787	chr16	87232001	87232800	17_EnhW2	3531
chr16	87236363	87236364	rs4240786	chr16	87232001	87232800	17_EnhW2	3564
chr16	87236382	87236383	rs4843550	chr16	87232001	87232800	17_EnhW2	3583
chr16	87236946	87236947	rs11647053	chr16	87241001	87241600	16_EnhW1	4055
chr16	87237096	87237097	rs8055080	chr16	87241001	87241600	16_EnhW1	3905
chr16	87237567	87237568	rs12928520	chr16	87241001	87241600	16_EnhW1	3434
chr16	87237862	87237863	rs4843549	chr16	87241001	87241600	16_EnhW1	3139
chr16	87238609	87238610	rs55807115	chr16	87241001	87241600	16_EnhW1	2392
chr16	87239742	87239743	rs4843548	chr16	87241001	87241600	16_EnhW1	1259
chr16	87240147	87240148	rs4843547	chr16	87241001	87241600	16_EnhW1	854
chr16	87240710	87240711	rs60586550	chr16	87241001	87241600	16_EnhW1	291
chr16	87241202	87241203	rs35555768	chr16	87241001	87241600	16_EnhW1	0
chr16	87243778	87243779	rs117237977	chr16	87241601	87241800	17_EnhW2	1979
chr16	87244356	87244357	rs149701730	chr16	87241601	87241800	17_EnhW2	2557
chr16	87244656	87244657	rs35408318	chr16	87241601	87241800	17_EnhW2	2857
chr16	87245730	87245731	rs1108048	chr16	87241601	87241800	17_EnhW2	3931
chr16	87246607	87246608	rs7500241	chr16	87241601	87241800	17_EnhW2	4808
chr16	87247744	87247745	rs35427507	chr16	87241601	87241800	17_EnhW2	5945
chr16	87248133	87248134	rs4843569	chr16	87241601	87241800	17_EnhW2	6334
chr16	87248505	87248506	rs11645614	chr16	87241601	87241800	17_EnhW2	6706
chr16	87248689	87248690	rs4843229	chr16	87241601	87241800	17_EnhW2	6890
chr16	87249065	87249066	rs4843572	chr16	87241601	87241800	17_EnhW2	7266
chr16	87249304	87249305	rs10863183	chr16	87241601	87241800	17_EnhW2	7505
chr16	87250018	87250019	rs1110339	chr16	87241601	87241800	17_EnhW2	8219
chr16	87250518	87250519	rs28655023	chr16	87241601	87241800	17_EnhW2	8719
chr16	87251150	87251151	rs72491928	chr16	87241601	87241800	17_EnhW2	9351
chr16	87254372	87254373	rs62056161	chr16	87261001	87261200	17_EnhW2	6629
chr16	87254491	87254492	rs113080312	chr16	87261001	87261200	17_EnhW2	6510
chr16	87254648	87254649	rs62056162	chr16	87261001	87261200	17_EnhW2	6353
chr16	87255294	87255295	rs72334901	chr16	87261001	87261200	17_EnhW2	5707
chr16	87255309	87255310	rs62056163	chr16	87261001	87261200	17_EnhW2	5692
chr16	87255525	87255526	rs200830288	chr16	87261001	87261200	17_EnhW2	5476
chr16	87255829	87255830	rs139712859	chr16	87261001	87261200	17_EnhW2	5172
chr16	87257819	87257820	rs12919133	chr16	87261001	87261200	17_EnhW2	3182
chr16	87258087	87258088	rs11640181	chr16	87261001	87261200	17_EnhW2	2914
chr16	87258928	87258929	rs62056165	chr16	87261001	87261200	17_EnhW2	2073
chr16	87259653	87259654	rs62056166	chr16	87261001	87261200	17_EnhW2	1348
chr16	87259798	87259799	rs11643993	chr16	87261001	87261200	17_EnhW2	1203
chr16	87259855	87259856	rs12597370	chr16	87261001	87261200	17_EnhW2	1146
chr16	87259919	87259920	rs12599611	chr16	87261001	87261200	17_EnhW2	1082
chr16	87259938	87259939	rs12599613	chr16	87261001	87261200	17_EnhW2	1063
chr16	87260357	87260358	rs9938189	chr16	87261001	87261200	17_EnhW2	644
chr16	87260434	87260435	rs9938275	chr16	87261001	87261200	17_EnhW2	567
chr16	87260745	87260746	rs35583073	chr16	87261001	87261200	17_EnhW2	256
chr16	87261182	87261183	rs9940970	chr16	87261001	87261200	17_EnhW2	0
chr16	87261198	87261199	rs9940975	chr16	87261001	87261200	17_EnhW2	0
chr16	87261643	87261644	rs4843576	chr16	87261001	87261200	17_EnhW2	444
chr16	87261803	87261804	rs35219603	chr16	87261001	87261200	17_EnhW2	604
chr16	87262641	87262642	rs8054379	chr16	87261001	87261200	17_EnhW2	1442
chr16	87264320	87264321	rs62056167	chr16	87261001	87261200	17_EnhW2	3121
chr16	87264384	87264385	rs4843578	chr16	87261001	87261200	17_EnhW2	3185
chr16	87264533	87264534	rs4843231	chr16	87261001	87261200	17_EnhW2	3334
chr16	87272835	87272836	rs74470796	chr16	87276201	87276800	17_EnhW2	3366
chr16	87272968	87272969	rs8061521	chr16	87276201	87276800	17_EnhW2	3233
chr16	87273376	87273377	rs76429408	chr16	87276201	87276800	17_EnhW2	2825
chr16	87273382	87273383	rs144109569	chr16	87276201	87276800	17_EnhW2	2819
chr16	87274926	87274927	rs1966575	chr16	87276201	87276800	17_EnhW2	1275
chr16	87281341	87281342	rs4843581	chr16	87278801	87279400	17_EnhW2	1942
chr16	87283438	87283439	rs62056198	chr16	87278801	87279400	17_EnhW2	4039
chr16	87285561	87285562	rs4843583	chr16	87278801	87279400	17_EnhW2	6162
chr16	87287522	87287523	rs17770675	chr16	87278801	87279400	17_EnhW2	8123
chr16	87290965	87290966	rs72804011	chr16	87298201	87298800	17_EnhW2	7236
chr16	87302353	87302354	rs4060100	chr16	87298201	87298800	17_EnhW2	3554
chr16	87315174	87315175	rs28758462	chr16	87329201	87329400	17_EnhW2	14027
chr16	87317373	87317374	rs8059480	chr16	87329201	87329400	17_EnhW2	11828
chr16	87318562	87318563	rs11378972	chr16	87329201	87329400	17_EnhW2	10639
chr16	87318830	87318831	rs6540032	chr16	87329201	87329400	17_EnhW2	10371
chr16	87322168	87322169	rs7194688	chr16	87329201	87329400	17_EnhW2	7033
chr16	87322985	87322986	rs3748392	chr16	87329201	87329400	17_EnhW2	6216
chr16	89641623	89641624	rs145590108	chr16	89631801	89632600	13_EnhA1	9024
chr16	89676787	89676788	rs725332	chr16	89679401	89679800	17_EnhW2	2614
chr16	89693056	89693057	rs116885385	chr16	89686601	89686800	17_EnhW2	6257
chr16	89698985	89698986	rs78961851	chr16	89707401	89707600	16_EnhW1	8416
chr16	89708266	89708267	rs77651727	chr16	89707401	89707600	16_EnhW1	667
chr16	89715154	89715155	rs62068737	chr16	89707401	89707600	16_EnhW1	7555
chr16	89717743	89717744	rs139835877	chr16	89707401	89707600	16_EnhW1	10144
chr16	89735070	89735071	rs117418297	chr16	89707401	89707600	16_EnhW1	27471
chr16	89736351	89736352	rs2434871	chr16	89707401	89707600	16_EnhW1	28752
chr16	89741150	89741151	rs12596604	chr16	89766201	89766400	16_EnhW1	25051
chr16	89741284	89741285	rs59839010	chr16	89766201	89766400	16_EnhW1	24917
chr16	89741495	89741496	rs12443954	chr16	89766201	89766400	16_EnhW1	24706
chr16	89741526	89741527	rs12446791	chr16	89766201	89766400	16_EnhW1	24675
chr16	89741789	89741790	rs12445225	chr16	89766201	89766400	16_EnhW1	24412
chr16	89741908	89741909	rs12444609	chr16	89766201	89766400	16_EnhW1	24293
chr16	89742429	89742430	rs60990680	chr16	89766201	89766400	16_EnhW1	23772
chr16	89742623	89742624	rs56990447	chr16	89766201	89766400	16_EnhW1	23578
chr16	89742999	89743000	rs57364768	chr16	89766201	89766400	16_EnhW1	23202
chr16	89744299	89744300	rs146222044	chr16	89766201	89766400	16_EnhW1	21902
chr16	89744755	89744756	rs9673945	chr16	89766201	89766400	16_EnhW1	21446
chr16	89753066	89753067	rs148588932	chr16	89766201	89766400	16_EnhW1	13135
chr16	89759299	89759300	rs35503556	chr16	89766201	89766400	16_EnhW1	6902
chr16	89760711	89760712	rs2115400	chr16	89766201	89766400	16_EnhW1	5490
chr16	89762646	89762647	rs8404	chr16	89766201	89766400	16_EnhW1	3555
chr16	89762914	89762915	rs1045814	chr16	89766201	89766400	16_EnhW1	3287
chr16	89763213	89763214	rs4247353	chr16	89766201	89766400	16_EnhW1	2988
chr16	89763262	89763263	rs462769	chr16	89766201	89766400	16_EnhW1	2939
chr16	89763358	89763359	rs3803690	chr16	89766201	89766400	16_EnhW1	2843
chr16	89763618	89763619	rs3751696	chr16	89766201	89766400	16_EnhW1	2583
chr16	89766062	89766063	rs8047204	chr16	89766201	89766400	16_EnhW1	139
chr16	89786760	89786761	rs56283750	chr16	89775601	89776400	17_EnhW2	10361
chr16	89787339	89787340	rs117990130	chr16	89775601	89776400	17_EnhW2	10940
chr16	89787961	89787962	rs115025067	chr16	89775601	89776400	17_EnhW2	11562
chr16	89788767	89788768	rs116853582	chr16	89775601	89776400	17_EnhW2	12368
chr16	89789310	89789311	rs8056353	chr16	89775601	89776400	17_EnhW2	12911
chr16	89789897	89789898	rs6500437	chr16	89775601	89776400	17_EnhW2	13498
chr16	89790296	89790297	rs56048434	chr16	89775601	89776400	17_EnhW2	13897
chr16	89791019	89791020	rs7189711	chr16	89775601	89776400	17_EnhW2	14620
chr16	89791596	89791597	rs137971708	chr16	89775601	89776400	17_EnhW2	15197
chr16	89792826	89792827	rs8049197	chr16	89775601	89776400	17_EnhW2	16427
chr16	89794050	89794051	rs72807539	chr16	89775601	89776400	17_EnhW2	17651
chr16	89794051	89794052	rs72807540	chr16	89775601	89776400	17_EnhW2	17652
chr16	89794931	89794932	rs9941108	chr16	89775601	89776400	17_EnhW2	18532
chr16	89795143	89795144	rs55729849	chr16	89775601	89776400	17_EnhW2	18744
chr16	89801568	89801569	rs72807546	chr16	89775601	89776400	17_EnhW2	25169
chr16	89802964	89802965	rs75207004	chr16	89775601	89776400	17_EnhW2	26565
chr16	89803285	89803286	rs2003522	chr16	89775601	89776400	17_EnhW2	26886
chr16	89803761	89803762	rs1961556	chr16	89775601	89776400	17_EnhW2	27362
chr16	89805976	89805977	rs1061646	chr16	89775601	89776400	17_EnhW2	29577
chr16	89808793	89808794	rs67898229	chr16	89775601	89776400	17_EnhW2	32394
chr16	89810185	89810186	rs12445480	chr16	89775601	89776400	17_EnhW2	33786
chr16	89810336	89810337	rs12445695	chr16	89775601	89776400	17_EnhW2	33937
chr16	89811795	89811796	rs4785718	chr16	89775601	89776400	17_EnhW2	35396
chr16	89812298	89812299	rs72807553	chr16	89775601	89776400	17_EnhW2	35899
chr16	89812777	89812778	rs45524337	chr16	89775601	89776400	17_EnhW2	36378
chr16	89812929	89812930	rs34019730	chr16	89775601	89776400	17_EnhW2	36530
chr16	89814806	89814807	rs8058895	chr16	89775601	89776400	17_EnhW2	38407
chr16	89815216	89815217	rs1800345	chr16	89775601	89776400	17_EnhW2	38817
chr16	89815798	89815799	rs8044026	chr16	89775601	89776400	17_EnhW2	39399
chr16	89816895	89816896	rs141863747	chr16	89775601	89776400	17_EnhW2	40496
chr16	89817776	89817777	rs2377043	chr16	89775601	89776400	17_EnhW2	41377
chr16	89819577	89819578	rs7200403	chr16	89775601	89776400	17_EnhW2	43178
chr16	89819615	89819616	rs7205518	chr16	89775601	89776400	17_EnhW2	43216
chr16	89819701	89819702	rs7203255	chr16	89775601	89776400	17_EnhW2	43302
chr16	89819736	89819737	rs7203281	chr16	89775601	89776400	17_EnhW2	43337
chr16	89819815	89819816	rs7205519	chr16	89775601	89776400	17_EnhW2	43416
chr16	89820148	89820149	rs7206120	chr16	89775601	89776400	17_EnhW2	43749
chr16	89820184	89820185	rs7206308	chr16	89775601	89776400	17_EnhW2	43785
chr16	89820201	89820202	rs7205604	chr16	89775601	89776400	17_EnhW2	43802
chr16	89820415	89820416	rs7206721	chr16	89775601	89776400	17_EnhW2	44016
chr16	89820440	89820441	rs7205993	chr16	89775601	89776400	17_EnhW2	44041
chr16	89821959	89821960	rs7195752	chr16	89775601	89776400	17_EnhW2	45560
chr16	89822117	89822118	rs7201028	chr16	89775601	89776400	17_EnhW2	45718
chr16	89822756	89822757	rs11646229	chr16	89775601	89776400	17_EnhW2	46357
chr16	89823950	89823951	rs56126256	chr16	89775601	89776400	17_EnhW2	47551
chr16	89824071	89824072	rs55862934	chr16	89775601	89776400	17_EnhW2	47672
chr16	89824347	89824348	rs4490003	chr16	89775601	89776400	17_EnhW2	47948
chr16	89825463	89825464	rs17233364	chr16	89775601	89776400	17_EnhW2	49064
chr16	89825856	89825857	rs3819567	chr16	89775601	89776400	17_EnhW2	49457
chr16	89825969	89825970	rs3819568	chr16	89775601	89776400	17_EnhW2	49570
chr16	89826891	89826892	rs4785720	chr16	89775601	89776400	17_EnhW2	50492
chr16	89826900	89826901	rs2376885	chr16	89775601	89776400	17_EnhW2	50501
chr16	89829200	89829201	rs9806894	chr16	89775601	89776400	17_EnhW2	52801
chr16	89830461	89830462	rs12925427	chr16	89775601	89776400	17_EnhW2	54062
chr16	89830492	89830493	rs12929831	chr16	89775601	89776400	17_EnhW2	54093
chr16	89831509	89831510	rs2159116	chr16	89775601	89776400	17_EnhW2	55110
chr16	89831939	89831940	rs72807569	chr16	89775601	89776400	17_EnhW2	55540
chr16	89832082	89832083	rs2159113	chr16	89775601	89776400	17_EnhW2	55683
chr16	89832363	89832364	rs2376880	chr16	89775601	89776400	17_EnhW2	55964
chr16	89834024	89834025	rs6500444	chr16	89889001	89890400	17_EnhW2	54977
chr16	89834660	89834661	rs11860203	chr16	89889001	89890400	17_EnhW2	54341
chr16	89834970	89834971	rs1974583	chr16	89889001	89890400	17_EnhW2	54031
chr16	89835096	89835097	rs1010356	chr16	89889001	89890400	17_EnhW2	53905
chr16	89835320	89835321	rs199574329	chr16	89889001	89890400	17_EnhW2	53681
chr16	89836898	89836899	rs1800341	chr16	89889001	89890400	17_EnhW2	52103
chr16	89838077	89838078	rs1800340	chr16	89889001	89890400	17_EnhW2	50924
chr16	89838684	89838685	rs7190403	chr16	89889001	89890400	17_EnhW2	50317
chr16	89841792	89841793	rs3785276	chr16	89889001	89890400	17_EnhW2	47209
chr16	89842028	89842029	rs3785275	chr16	89889001	89890400	17_EnhW2	46973
chr16	89842748	89842749	rs1974572	chr16	89889001	89890400	17_EnhW2	46253
chr16	89842823	89842824	rs1974571	chr16	89889001	89890400	17_EnhW2	46178
chr16	89844228	89844229	rs1006547	chr16	89889001	89890400	17_EnhW2	44773
chr16	89844275	89844276	rs2016571	chr16	89889001	89890400	17_EnhW2	44726
chr16	89847501	89847502	rs7198982	chr16	89889001	89890400	17_EnhW2	41500
chr16	89848202	89848203	rs7206317	chr16	89889001	89890400	17_EnhW2	40799
chr16	89848308	89848309	rs10628873	chr16	89889001	89890400	17_EnhW2	40693
chr16	89849582	89849583	rs2239360	chr16	89889001	89890400	17_EnhW2	39419
chr16	89849734	89849735	rs12928089	chr16	89889001	89890400	17_EnhW2	39267
chr16	89849739	89849740	rs12929129	chr16	89889001	89890400	17_EnhW2	39262
chr16	89850676	89850677	rs60828994	chr16	89889001	89890400	17_EnhW2	38325
chr16	89850775	89850776	rs58907559	chr16	89889001	89890400	17_EnhW2	38226
chr16	89851573	89851574	rs17226232	chr16	89889001	89890400	17_EnhW2	37428
chr16	89853064	89853065	rs55798234	chr16	89889001	89890400	17_EnhW2	35937
chr16	89853116	89853117	rs2238529	chr16	89889001	89890400	17_EnhW2	35885
chr16	89853832	89853833	rs4785596	chr16	89889001	89890400	17_EnhW2	35169
chr16	89854500	89854501	rs12709095	chr16	89889001	89890400	17_EnhW2	34501
chr16	89854761	89854762	rs141850725	chr16	89889001	89890400	17_EnhW2	34240
chr16	89854828	89854829	rs1968109	chr16	89889001	89890400	17_EnhW2	34173
chr16	89854976	89854977	rs1476761	chr16	89889001	89890400	17_EnhW2	34025
chr16	89855168	89855169	rs6500447	chr16	89889001	89890400	17_EnhW2	33833
chr16	89855191	89855192	rs6500448	chr16	89889001	89890400	17_EnhW2	33810
chr16	89855716	89855717	rs34488586	chr16	89889001	89890400	17_EnhW2	33285
chr16	89856480	89856481	rs17746039	chr16	89889001	89890400	17_EnhW2	32521
chr16	89856538	89856539	rs7200111	chr16	89889001	89890400	17_EnhW2	32463
chr16	89856778	89856779	rs72807596	chr16	89889001	89890400	17_EnhW2	32223
chr16	89856796	89856797	rs11076625	chr16	89889001	89890400	17_EnhW2	32205
chr16	89857211	89857212	rs34665267	chr16	89889001	89890400	17_EnhW2	31790
chr16	89857368	89857369	rs8044210	chr16	89889001	89890400	17_EnhW2	31633
chr16	89857621	89857622	rs1057042	chr16	89889001	89890400	17_EnhW2	31380
chr16	89857699	89857700	rs8049660	chr16	89889001	89890400	17_EnhW2	31302
chr16	89857963	89857964	rs1800330	chr16	89889001	89890400	17_EnhW2	31038
chr16	89858504	89858505	rs6500452	chr16	89889001	89890400	17_EnhW2	30497
chr16	89858758	89858759	rs17226159	chr16	89889001	89890400	17_EnhW2	30243
chr16	89859007	89859008	rs3856	chr16	89889001	89890400	17_EnhW2	29994
chr16	89859383	89859384	rs9928681	chr16	89889001	89890400	17_EnhW2	29618
chr16	89859952	89859953	rs2159227	chr16	89889001	89890400	17_EnhW2	29049
chr16	89860181	89860182	rs2108839	chr16	89889001	89890400	17_EnhW2	28820
chr16	89860182	89860183	rs1987271	chr16	89889001	89890400	17_EnhW2	28819
chr16	89861569	89861570	rs17232491	chr16	89889001	89890400	17_EnhW2	27432
chr16	89862131	89862132	rs8051231	chr16	89889001	89890400	17_EnhW2	26870
chr16	89862154	89862155	rs17226082	chr16	89889001	89890400	17_EnhW2	26847
chr16	89862201	89862202	rs17226075	chr16	89889001	89890400	17_EnhW2	26800
chr16	89862960	89862961	rs12709096	chr16	89889001	89890400	17_EnhW2	26041
chr16	89862981	89862982	rs9933901	chr16	89889001	89890400	17_EnhW2	26020
chr16	89863109	89863110	rs4785722	chr16	89889001	89890400	17_EnhW2	25892
chr16	89863585	89863586	rs117653913	chr16	89889001	89890400	17_EnhW2	25416
chr16	89870142	89870143	rs17232330	chr16	89889001	89890400	17_EnhW2	18859
chr16	89880248	89880249	rs17225775	chr16	89889001	89890400	17_EnhW2	8753
chr16	89880633	89880634	rs17225747	chr16	89889001	89890400	17_EnhW2	8368
chr16	89883006	89883007	rs1800282	chr16	89889001	89890400	17_EnhW2	5995
chr16	89884309	89884310	rs76888998	chr16	89889001	89890400	17_EnhW2	4692
chr16	89904383	89904384	rs1558183	chr16	89905801	89906600	17_EnhW2	1418
chr16	89906893	89906894	rs8055746	chr16	89905801	89906600	17_EnhW2	294
chr16	89907525	89907526	rs7205642	chr16	89905801	89906600	17_EnhW2	926
chr16	89907946	89907947	rs56362600	chr16	89905801	89906600	17_EnhW2	1347
chr16	89908002	89908003	rs1079558	chr16	89905801	89906600	17_EnhW2	1403
chr16	89908643	89908644	rs12922448	chr16	89905801	89906600	17_EnhW2	2044
chr16	89910832	89910833	rs72813407	chr16	89905801	89906600	17_EnhW2	4233
chr16	89911680	89911681	rs17719345	chr16	89905801	89906600	17_EnhW2	5081
chr16	89912062	89912063	rs13331995	chr16	89905801	89906600	17_EnhW2	5463
chr16	89912398	89912399	rs11076639	chr16	89905801	89906600	17_EnhW2	5799
chr16	89912456	89912457	rs9745545	chr16	89905801	89906600	17_EnhW2	5857
chr16	89912461	89912462	rs11076640	chr16	89905801	89906600	17_EnhW2	5862
chr16	89914507	89914508	rs10775347	chr16	89905801	89906600	17_EnhW2	7908
chr16	89916235	89916236	rs72813413	chr16	89905801	89906600	17_EnhW2	9636
chr16	89917257	89917258	rs57027421	chr16	89905801	89906600	17_EnhW2	10658
chr16	89926869	89926870	rs72813420	chr16	89939001	89939400	16_EnhW1	12132
chr16	89932045	89932046	rs75131517	chr16	89939001	89939400	16_EnhW1	6956
chr16	89937644	89937645	rs45609834	chr16	89939001	89939400	16_EnhW1	1357
chr16	89942109	89942110	rs144219656	chr16	89939001	89939400	16_EnhW1	2710
chr16	89943017	89943018	rs138044899	chr16	89939001	89939400	16_EnhW1	3618
chr16	89945712	89945713	rs115440213	chr16	89939001	89939400	16_EnhW1	6313
chr16	89945732	89945733	rs192777211	chr16	89939001	89939400	16_EnhW1	6333
chr16	89951459	89951460	rs112730611	chr16	89939001	89939400	16_EnhW1	12060
chr16	89951526	89951527	rs147484236	chr16	89939001	89939400	16_EnhW1	12127
chr16	89964226	89964227	rs376793780	chr16	89976401	89976800	15_EnhAF	12175
chr16	89964951	89964952	rs72813432	chr16	89976401	89976800	15_EnhAF	11450
chr16	89967513	89967514	rs78498439	chr16	89976401	89976800	15_EnhAF	8888
chr16	89977744	89977745	rs11538871	chr16	89976801	89977000	18_EnhAc	745
chr16	89986143	89986144	rs1805008	chr16	89986801	89987800	17_EnhW2	658
chr16	89990842	89990843	rs74415461	chr16	89988001	89988400	13_EnhA1	2443
chr16	89991541	89991542	rs4625719	chr16	89988001	89988400	13_EnhA1	3142
chr16	89991598	89991599	rs4550447	chr16	89988001	89988400	13_EnhA1	3199
chr16	89992612	89992613	rs111398992	chr16	89988001	89988400	13_EnhA1	4213
chr16	90000043	90000044	rs77681059	chr16	89988001	89988400	13_EnhA1	11644
chr16	90003942	90003943	rs145053134	chr16	89988001	89988400	13_EnhA1	15543
chr16	90009062	90009063	rs74465604	chr16	89988001	89988400	13_EnhA1	20663
chr16	90010171	90010172	rs140954946	chr16	89988001	89988400	13_EnhA1	21772
chr16	90011738	90011739	rs139810560	chr16	89988001	89988400	13_EnhA1	23339
chr16	90015959	90015960	rs6500462	chr16	89988001	89988400	13_EnhA1	27560
chr16	90023271	90023272	rs79029793	chr16	89988001	89988400	13_EnhA1	34872
chr16	90024412	90024413	rs75852094	chr16	89988001	89988400	13_EnhA1	36013
chr16	90027837	90027838	rs8062311	chr16	89988001	89988400	13_EnhA1	39438
chr16	90027943	90027944	rs8062511	chr16	89988001	89988400	13_EnhA1	39544
chr16	90028105	90028106	rs8048449	chr16	89988001	89988400	13_EnhA1	39706
chr16	90029401	90029402	rs74837667	chr16	89988001	89988400	13_EnhA1	41002
chr16	90033437	90033438	rs4785606	chr16	90078001	90078800	17_EnhW2	44564
chr16	90035944	90035945	rs9929773	chr16	90078001	90078800	17_EnhW2	42057
chr16	90036121	90036122	rs7201264	chr16	90078001	90078800	17_EnhW2	41880
chr16	90038785	90038786	rs4424910	chr16	90078001	90078800	17_EnhW2	39216
chr16	90039331	90039332	rs34239467	chr16	90078001	90078800	17_EnhW2	38670
chr16	90039967	90039968	rs7203948	chr16	90078001	90078800	17_EnhW2	38034
chr16	90047768	90047769	rs4785756	chr16	90078001	90078800	17_EnhW2	30233
chr16	90047785	90047786	rs4785757	chr16	90078001	90078800	17_EnhW2	30216
chr16	90049306	90049307	rs8182200	chr16	90078001	90078800	17_EnhW2	28695
chr16	90049748	90049749	rs78418891	chr16	90078001	90078800	17_EnhW2	28253
chr16	90051268	90051269	rs76839250	chr16	90078001	90078800	17_EnhW2	26733
chr16	90051306	90051307	rs11076645	chr16	90078001	90078800	17_EnhW2	26695
chr16	90054045	90054046	rs9931888	chr16	90078001	90078800	17_EnhW2	23956
chr16	90054049	90054050	rs9931889	chr16	90078001	90078800	17_EnhW2	23952
chr16	90058745	90058746	rs7201721	chr16	90078001	90078800	17_EnhW2	19256
chr16	90062008	90062009	rs62054567	chr16	90078001	90078800	17_EnhW2	15993
chr16	90063599	90063600	rs117306165	chr16	90078001	90078800	17_EnhW2	14402
chr16	90066439	90066440	rs117078447	chr16	90078001	90078800	17_EnhW2	11562
chr16	90078723	90078724	rs77576048	chr16	90078001	90078800	17_EnhW2	0
chr16	90080746	90080747	rs112579477	chr16	90078001	90078800	17_EnhW2	1947
chr16	90094496	90094497	rs4620955	chr16	90089801	90090000	17_EnhW2	4497
chr16	90099477	90099478	rs10083802	chr16	90089801	90090000	17_EnhW2	9478
chr16	90123492	90123493	rs8046635	chr16	90113001	90113400	16_EnhW1	10093
chr16	90126992	90126993	rs150196149	chr16	90113001	90113400	16_EnhW1	13593
chr16	90130734	90130735	rs4785621	chr16	90113001	90113400	16_EnhW1	17335
chr16	90131023	90131024	rs8063877	chr16	90113001	90113400	16_EnhW1	17624
chr16	90133136	90133137	rs16966444	chr16	90113001	90113400	16_EnhW1	19737
chr16	90136462	90136463	rs60701633	chr16	90113001	90113400	16_EnhW1	23063
chr16	90138018	90138019	rs35121058	chr16	90113001	90113400	16_EnhW1	24619
chr16	90138739	90138740	rs4785624	chr16	90113001	90113400	16_EnhW1	25340
chr16	90141476	90141477	rs7196459	chr16	90113001	90113400	16_EnhW1	28077
chr16	90143566	90143567	rs118174802	chr16	90113001	90113400	16_EnhW1	30167
chr16	90148978	90148979	rs4785781	chr16	90113001	90113400	16_EnhW1	35579
chr16	90149732	90149733	rs11643796	chr16	90113001	90113400	16_EnhW1	36333
chr16	90158004	90158005	rs117417690	chr16	90113001	90113400	16_EnhW1	44605
chr16	90176289	90176290	rs201934739	chr16	90113001	90113400	16_EnhW1	62890
chr17	9137152	9137153	rs3786003	chr17	9130001	9130600	17_EnhW2	6553
chr17	9137687	9137688	rs9902594	chr17	9144001	9144200	13_EnhA1	6314
chr17	9137689	9137690	rs9903440	chr17	9144001	9144200	13_EnhA1	6312
chr17	9138317	9138318	rs77152265	chr17	9144001	9144200	13_EnhA1	5684
chr17	9138789	9138790	rs36100842	chr17	9144001	9144200	13_EnhA1	5212
chr17	9139679	9139680	rs75557587	chr17	9144001	9144200	13_EnhA1	4322
chr17	9140090	9140091	rs9909240	chr17	9144001	9144200	13_EnhA1	3911
chr17	9140946	9140947	rs56223768	chr17	9144001	9144200	13_EnhA1	3055
chr17	9141322	9141323	rs3744656	chr17	9144001	9144200	13_EnhA1	2679
chr17	9142205	9142206	rs7219272	chr17	9144001	9144200	13_EnhA1	1796
chr17	9142845	9142846	rs56235417	chr17	9144001	9144200	13_EnhA1	1156
chr17	9143457	9143458	rs113122856	chr17	9144001	9144200	13_EnhA1	544
chr17	9143475	9143476	rs184106895	chr17	9144001	9144200	13_EnhA1	526
chr17	9143863	9143864	rs1107361	chr17	9144001	9144200	13_EnhA1	138
chr17	9146751	9146752	rs61409174	chr17	9144601	9144800	17_EnhW2	1952
chr17	9148261	9148262	rs58290864	chr17	9149401	9149600	17_EnhW2	1140
chr17	9148619	9148620	rs16958098	chr17	9149401	9149600	17_EnhW2	782
chr17	9149471	9149472	rs56167133	chr17	9149401	9149600	17_EnhW2	0
chr17	9149785	9149786	rs56281058	chr17	9149401	9149600	17_EnhW2	186
chr17	9150244	9150245	rs17743570	chr17	9149401	9149600	17_EnhW2	645
chr17	9151561	9151562	rs76653948	chr17	9149401	9149600	17_EnhW2	1962
chr17	9151753	9151754	rs80100171	chr17	9149401	9149600	17_EnhW2	2154
chr17	9152643	9152644	rs4791824	chr17	9149401	9149600	17_EnhW2	3044
chr17	9153098	9153099	rs9914374	chr17	9149401	9149600	17_EnhW2	3499
chr17	9153399	9153400	rs74717634	chr17	9149401	9149600	17_EnhW2	3800
chr17	9153545	9153546	rs4791345	chr17	9149401	9149600	17_EnhW2	3946
chr17	9153860	9153861	rs8974	chr17	9149401	9149600	17_EnhW2	4261
chr17	9154077	9154078	rs17743659	chr17	9149401	9149600	17_EnhW2	4478
chr17	9154102	9154103	rs2072322	chr17	9149401	9149600	17_EnhW2	4503
chr17	9154117	9154118	rs17675967	chr17	9149401	9149600	17_EnhW2	4518
chr17	9154316	9154317	rs78627041	chr17	9149401	9149600	17_EnhW2	4717
chr17	9154326	9154327	rs2072323	chr17	9149401	9149600	17_EnhW2	4727
chr17	9154330	9154331	rs7223435	chr17	9149401	9149600	17_EnhW2	4731
chr17	9154854	9154855	rs78068712	chr17	9149401	9149600	17_EnhW2	5255
chr17	9155066	9155067	rs11870775	chr17	9160401	9162600	17_EnhW2	5335
chr17	9155270	9155271	rs75860636	chr17	9160401	9162600	17_EnhW2	5131
chr17	9155329	9155330	rs11869111	chr17	9160401	9162600	17_EnhW2	5072
chr17	9155478	9155479	rs75111163	chr17	9160401	9162600	17_EnhW2	4923
chr17	9155701	9155702	rs56088438	chr17	9160401	9162600	17_EnhW2	4700
chr17	9155925	9155926	rs201916086	chr17	9160401	9162600	17_EnhW2	4476
chr17	9156245	9156246	rs80053356	chr17	9160401	9162600	17_EnhW2	4156
chr17	9156248	9156249	rs11369628	chr17	9160401	9162600	17_EnhW2	4153
chr17	9263365	9263366	rs12942769	chr17	9273601	9275000	17_EnhW2	10236
chr17	9264070	9264071	rs12936502	chr17	9273601	9275000	17_EnhW2	9531
chr17	9264654	9264655	rs12600880	chr17	9273601	9275000	17_EnhW2	8947
chr17	9264727	9264728	rs8070753	chr17	9273601	9275000	17_EnhW2	8874
chr17	9264915	9264916	rs12940148	chr17	9273601	9275000	17_EnhW2	8686
chr17	9265258	9265259	rs12944805	chr17	9273601	9275000	17_EnhW2	8343
chr17	27925811	27925812	rs3098944	chr17	27925001	27925200	17_EnhW2	612
chr17	27935545	27935546	rs9911167	chr17	27925001	27925200	17_EnhW2	10346
chr17	27935687	27935688	rs7220401	chr17	27925001	27925200	17_EnhW2	10488
chr17	27938423	27938424	rs11080107	chr17	27925001	27925200	17_EnhW2	13224
chr17	27941885	27941886	rs13723	chr17	27952201	27952600	17_EnhW2	10316
chr17	27945338	27945339	rs871014	chr17	27952201	27952600	17_EnhW2	6863
chr17	27948048	27948049	rs8075441	chr17	27952201	27952600	17_EnhW2	4153
chr17	27948843	27948844	rs3760456	chr17	27952201	27952600	17_EnhW2	3358
chr17	27953389	27953390	rs3833159	chr17	27952201	27952600	17_EnhW2	790
chr17	27955096	27955097	rs3840872	chr17	27952201	27952600	17_EnhW2	2497
chr17	27955539	27955540	rs3809790	chr17	27952201	27952600	17_EnhW2	2940
chr17	27955760	27955761	rs3809789	chr17	27952201	27952600	17_EnhW2	3161
chr17	27961560	27961561	rs138491296	chr17	27961001	27961200	17_EnhW2	361
chr17	27962392	27962393	rs4794859	chr17	27961001	27961200	17_EnhW2	1193
chr17	27962565	27962566	rs3029568	chr17	27961001	27961200	17_EnhW2	1366
chr17	27967373	27967374	rs35953210	chr17	27966801	27967800	17_EnhW2	0
chr17	27970430	27970431	rs34985622	chr17	27969201	27969400	17_EnhW2	1031
chr17	27970521	27970522	rs3098948	chr17	27969201	27969400	17_EnhW2	1122
chr17	27971684	27971685	rs3098947	chr17	27969201	27969400	17_EnhW2	2285
chr17	27976596	27976597	rs3110494	chr17	27969201	27969400	17_EnhW2	7197
chr17	27978454	27978455	rs3110495	chr17	27969201	27969400	17_EnhW2	9055
chr17	27978465	27978466	rs3097118	chr17	27969201	27969400	17_EnhW2	9066
chr17	27978693	27978694	rs3098949	chr17	27969201	27969400	17_EnhW2	9294
chr17	27980884	27980885	rs1808923	chr17	27989801	27990000	17_EnhW2	8917
chr17	27997608	27997609	rs9915626	chr17	27995201	27995400	17_EnhW2	2209
chr17	27998186	27998187	rs6505141	chr17	27995201	27995400	17_EnhW2	2787
chr17	27998384	27998385	rs3098950	chr17	27995201	27995400	17_EnhW2	2985
chr17	28001481	28001482	rs62068583	chr17	27995201	27995400	17_EnhW2	6082
chr17	28007441	28007442	rs9890747	chr17	28009601	28010800	17_EnhW2	2160
chr17	28008594	28008595	rs72823935	chr17	28009601	28010800	17_EnhW2	1007
chr17	28010627	28010628	rs7501472	chr17	28009601	28010800	17_EnhW2	0
chr17	28014447	28014448	rs1986555	chr17	28009601	28010800	17_EnhW2	3648
chr17	28015025	28015026	rs201740279	chr17	28009601	28010800	17_EnhW2	4226
chr17	28019090	28019091	rs8077464	chr17	28009601	28010800	17_EnhW2	8291
chr17	28019151	28019152	rs8064665	chr17	28009601	28010800	17_EnhW2	8352
chr17	28019183	28019184	rs11346647	chr17	28009601	28010800	17_EnhW2	8384
chr17	28019292	28019293	rs3115099	chr17	28009601	28010800	17_EnhW2	8493
chr17	28020378	28020379	rs58606097	chr17	28009601	28010800	17_EnhW2	9579
chr17	28023141	28023142	rs3102558	chr17	28033401	28033600	17_EnhW2	10260
chr17	28025527	28025528	rs2321331	chr17	28033401	28033600	17_EnhW2	7874
chr17	28025948	28025949	rs3115086	chr17	28033401	28033600	17_EnhW2	7453
chr17	28029722	28029723	rs3102559	chr17	28033401	28033600	17_EnhW2	3679
chr17	28029937	28029938	rs3102560	chr17	28033401	28033600	17_EnhW2	3464
chr17	28030266	28030267	rs3115087	chr17	28033401	28033600	17_EnhW2	3135
chr17	28030670	28030671	rs34704864	chr17	28033401	28033600	17_EnhW2	2731
chr17	28031274	28031275	rs3115088	chr17	28033401	28033600	17_EnhW2	2127
chr17	28031880	28031881	rs3115089	chr17	28033401	28033600	17_EnhW2	1521
chr17	28034169	28034170	rs11370020	chr17	28033601	28033800	16_EnhW1	370
chr17	28035013	28035014	rs3115090	chr17	28033601	28033800	16_EnhW1	1214
chr17	28036349	28036350	rs3115092	chr17	28038201	28039000	17_EnhW2	1852
chr17	28037922	28037923	rs2874505	chr17	28038201	28039000	17_EnhW2	279
chr17	28039754	28039755	rs3115093	chr17	28039201	28040000	17_EnhW2	0
chr17	28039785	28039786	rs3102561	chr17	28039201	28040000	17_EnhW2	0
chr17	28040402	28040403	rs3102562	chr17	28039201	28040000	17_EnhW2	403
chr17	28041626	28041627	rs3115101	chr17	28039201	28040000	17_EnhW2	1627
chr17	28041665	28041666	rs67015017	chr17	28039201	28040000	17_EnhW2	1666
chr17	28042508	28042509	rs3102557	chr17	28044601	28046200	17_EnhW2	2093
chr17	28042541	28042542	rs3102556	chr17	28044601	28046200	17_EnhW2	2060
chr17	28044100	28044101	rs3102555	chr17	28044601	28046200	17_EnhW2	501
chr17	28045743	28045744	rs3115100	chr17	28044601	28046200	17_EnhW2	0
chr17	28046663	28046664	rs74381245	chr17	28044601	28046200	17_EnhW2	464
chr17	28048339	28048340	rs10627925	chr17	28048201	28048800	17_EnhW2	0
chr17	28049398	28049399	rs2617867	chr17	28048201	28048800	17_EnhW2	599
chr17	28049803	28049804	rs2617865	chr17	28048201	28048800	17_EnhW2	1004
chr17	28051139	28051140	rs2628191	chr17	28053201	28054400	15_EnhAF	2062
chr17	28052296	28052297	rs71138843	chr17	28053201	28054400	15_EnhAF	905
chr17	28055347	28055348	rs2264303	chr17	28053201	28054400	15_EnhAF	948
chr17	28056611	28056612	rs2628170	chr17	28053201	28054400	15_EnhAF	2212
chr17	28057094	28057095	rs2264302	chr17	28053201	28054400	15_EnhAF	2695
chr17	28057523	28057524	rs2447935	chr17	28053201	28054400	15_EnhAF	3124
chr17	28059969	28059970	rs880749	chr17	28053201	28054400	15_EnhAF	5570
chr17	28061129	28061130	rs2254414	chr17	28053201	28054400	15_EnhAF	6730
chr17	28063265	28063266	rs58841564	chr17	28071601	28072200	17_EnhW2	8336
chr17	28063274	28063275	rs2617881	chr17	28071601	28072200	17_EnhW2	8327
chr17	28063602	28063603	rs11080108	chr17	28071601	28072200	17_EnhW2	7999
chr17	28064497	28064498	rs2628167	chr17	28071601	28072200	17_EnhW2	7104
chr17	28064937	28064938	rs151317021	chr17	28071601	28072200	17_EnhW2	6664
chr17	28065278	28065279	rs7210152	chr17	28071601	28072200	17_EnhW2	6323
chr17	28065288	28065289	rs60608695	chr17	28071601	28072200	17_EnhW2	6313
chr17	28065572	28065573	rs2729455	chr17	28071601	28072200	17_EnhW2	6029
chr17	28065576	28065577	rs200528200	chr17	28071601	28072200	17_EnhW2	6025
chr17	28065577	28065578	rs4474742	chr17	28071601	28072200	17_EnhW2	6024
chr17	28066751	28066752	rs1531553	chr17	28071601	28072200	17_EnhW2	4850
chr17	28067465	28067466	rs34076256	chr17	28071601	28072200	17_EnhW2	4136
chr17	28070106	28070107	rs2628185	chr17	28071601	28072200	17_EnhW2	1495
chr17	28070429	28070430	rs11395406	chr17	28071601	28072200	17_EnhW2	1172
chr17	28071795	28071796	rs2628179	chr17	28071601	28072200	17_EnhW2	0
chr17	28072175	28072176	rs2244585	chr17	28071601	28072200	17_EnhW2	0
chr17	28072326	28072327	rs2244592	chr17	28071601	28072200	17_EnhW2	127
chr17	28072847	28072848	rs3214910	chr17	28071601	28072200	17_EnhW2	648
chr17	28073246	28073247	rs2617868	chr17	28071601	28072200	17_EnhW2	1047
chr17	28074562	28074563	rs1038088	chr17	28071601	28072200	17_EnhW2	2363
chr17	28076216	28076217	rs2617866	chr17	28071601	28072200	17_EnhW2	4017
chr17	28077471	28077472	rs2927759	chr17	28071601	28072200	17_EnhW2	5272
chr17	28079857	28079858	rs201345836	chr17	28071601	28072200	17_EnhW2	7658
chr17	28083076	28083077	rs112367099	chr17	28071601	28072200	17_EnhW2	10877
chr17	28083469	28083470	rs56217060	chr17	28071601	28072200	17_EnhW2	11270
chr17	28084744	28084745	rs57511763	chr17	28071601	28072200	17_EnhW2	12545
chr17	28084973	28084974	rs2255489	chr17	28071601	28072200	17_EnhW2	12774
chr17	28085171	28085172	rs2617874	chr17	28071601	28072200	17_EnhW2	12972
chr17	28088458	28088459	rs2729450	chr17	28098801	28099000	17_EnhW2	10343
chr17	28088812	28088813	rs2628189	chr17	28098801	28099000	17_EnhW2	9989
chr17	28088858	28088859	rs2447937	chr17	28098801	28099000	17_EnhW2	9943
chr17	28088860	28088861	rs2447938	chr17	28098801	28099000	17_EnhW2	9941
chr17	28089750	28089751	rs2729449	chr17	28098801	28099000	17_EnhW2	9051
chr17	28090023	28090024	rs2617875	chr17	28098801	28099000	17_EnhW2	8778
chr17	28090963	28090964	rs57261890	chr17	28098801	28099000	17_EnhW2	7838
chr17	28091028	28091029	rs2628186	chr17	28098801	28099000	17_EnhW2	7773
chr17	28091161	28091162	rs2617876	chr17	28098801	28099000	17_EnhW2	7640
chr17	28091952	28091953	rs2729448	chr17	28098801	28099000	17_EnhW2	6849
chr17	28092802	28092803	rs2617877	chr17	28098801	28099000	17_EnhW2	5999
chr17	28093112	28093113	rs145006294	chr17	28098801	28099000	17_EnhW2	5689
chr17	28097779	28097780	rs2259857	chr17	28098801	28099000	17_EnhW2	1022
chr17	28097859	28097860	rs2259855	chr17	28098801	28099000	17_EnhW2	942
chr17	28098218	28098219	rs2127001	chr17	28098801	28099000	17_EnhW2	583
chr17	28099001	28099002	rs2729447	chr17	28098801	28099000	17_EnhW2	2
chr17	28101722	28101723	rs2628180	chr17	28098801	28099000	17_EnhW2	2723
chr17	28102498	28102499	rs2729446	chr17	28098801	28099000	17_EnhW2	3499
chr17	28105759	28105760	rs2628173	chr17	28098801	28099000	17_EnhW2	6760
chr17	28106117	28106118	rs2617880	chr17	28098801	28099000	17_EnhW2	7118
chr17	28106873	28106874	rs2729440	chr17	28113401	28113800	15_EnhAF	6528
chr17	28110173	28110174	rs2244247	chr17	28113401	28113800	15_EnhAF	3228
chr17	28111061	28111062	rs2729439	chr17	28113401	28113800	15_EnhAF	2340
chr17	28111401	28111402	rs71138858	chr17	28113401	28113800	15_EnhAF	2000
chr17	28111985	28111986	rs1382391	chr17	28113401	28113800	15_EnhAF	1416
chr17	28113122	28113123	rs2628166	chr17	28113401	28113800	15_EnhAF	279
chr17	28120429	28120430	rs2617884	chr17	28117001	28117200	17_EnhW2	3230
chr17	28120487	28120488	rs2617883	chr17	28117001	28117200	17_EnhW2	3288
chr17	28120669	28120670	rs2729436	chr17	28117001	28117200	17_EnhW2	3470
chr17	28120850	28120851	rs2617882	chr17	28117001	28117200	17_EnhW2	3651
chr17	28121165	28121166	rs2628165	chr17	28117001	28117200	17_EnhW2	3966
chr17	28121531	28121532	rs2729435	chr17	28117001	28117200	17_EnhW2	4332
chr17	28124142	28124143	rs11412443	chr17	28127401	28127600	17_EnhW2	3259
chr17	28128656	28128657	rs2250320	chr17	28127401	28127600	17_EnhW2	1057
chr17	28131333	28131334	rs2729451	chr17	28127401	28127600	17_EnhW2	3734
chr17	28135507	28135508	rs2467334	chr17	28135601	28136000	17_EnhW2	94
chr17	28137214	28137215	rs10655947	chr17	28135601	28136000	17_EnhW2	1215
chr17	28138588	28138589	rs11411731	chr17	28135601	28136000	17_EnhW2	2589
chr17	28139291	28139292	rs2628176	chr17	28135601	28136000	17_EnhW2	3292
chr17	28140609	28140610	rs12451175	chr17	28135601	28136000	17_EnhW2	4610
chr17	28140856	28140857	rs2321333	chr17	28135601	28136000	17_EnhW2	4857
chr17	28144727	28144728	rs62068617	chr17	28135601	28136000	17_EnhW2	8728
chr17	28146067	28146068	rs9915270	chr17	28154201	28156400	17_EnhW2	8134
chr17	28148116	28148117	rs4474741	chr17	28154201	28156400	17_EnhW2	6085
chr17	28149484	28149485	rs4795521	chr17	28154201	28156400	17_EnhW2	4717
chr17	28150584	28150585	rs6505143	chr17	28154201	28156400	17_EnhW2	3617
chr17	28158756	28158757	rs35415547	chr17	28154201	28156400	17_EnhW2	2357
chr17	28158814	28158815	rs12602426	chr17	28154201	28156400	17_EnhW2	2415
chr17	28161481	28161482	rs9909128	chr17	28162401	28162800	16_EnhW1	920
chr17	28162957	28162958	rs9897330	chr17	28162401	28162800	16_EnhW1	158
chr17	28164056	28164057	rs8078459	chr17	28162401	28162800	16_EnhW1	1257
chr17	28164262	28164263	rs8073217	chr17	28162401	28162800	16_EnhW1	1463
chr17	28164952	28164953	rs12601647	chr17	28166001	28166400	17_EnhW2	1049
chr17	28167673	28167674	rs62068620	chr17	28166001	28166400	17_EnhW2	1274
chr17	28167940	28167941	rs2169810	chr17	28166001	28166400	17_EnhW2	1541
chr17	28168572	28168573	rs17226179	chr17	28166001	28166400	17_EnhW2	2173
chr17	28169156	28169157	rs112916281	chr17	28171401	28172400	17_EnhW2	2245
chr17	28169470	28169471	rs372367860	chr17	28171401	28172400	17_EnhW2	1931
chr17	28169490	28169491	rs76515799	chr17	28171401	28172400	17_EnhW2	1911
chr17	28169492	28169493	rs78154346	chr17	28171401	28172400	17_EnhW2	1909
chr17	28170381	28170382	rs62068621	chr17	28171401	28172400	17_EnhW2	1020
chr17	28173057	28173058	rs34670451	chr17	28171401	28172400	17_EnhW2	658
chr17	28173282	28173283	rs57037139	chr17	28171401	28172400	17_EnhW2	883
chr17	28173658	28173659	rs56088359	chr17	28174401	28174800	17_EnhW2	743
chr17	28173977	28173978	rs55758314	chr17	28174401	28174800	17_EnhW2	424
chr17	28175738	28175739	rs11457166	chr17	28174401	28174800	17_EnhW2	939
chr17	28176313	28176314	rs4795523	chr17	28177201	28177600	15_EnhAF	888
chr17	28176580	28176581	rs62068625	chr17	28177201	28177600	15_EnhAF	621
chr17	28178723	28178724	rs1038089	chr17	28177201	28177600	15_EnhAF	1124
chr17	28179065	28179066	rs9900730	chr17	28177201	28177600	15_EnhAF	1466
chr17	28182603	28182604	rs74276631	chr17	28177201	28177600	15_EnhAF	5004
chr17	28182684	28182685	rs10445384	chr17	28177201	28177600	15_EnhAF	5085
chr17	28183058	28183059	rs10445400	chr17	28177201	28177600	15_EnhAF	5459
chr17	28183173	28183174	rs4794861	chr17	28177201	28177600	15_EnhAF	5574
chr17	28186556	28186557	rs56788338	chr17	28191401	28192400	17_EnhW2	4845
chr17	28186772	28186773	rs8079209	chr17	28191401	28192400	17_EnhW2	4629
chr17	28187595	28187596	rs62068629	chr17	28191401	28192400	17_EnhW2	3806
chr17	28187768	28187769	rs112494908	chr17	28191401	28192400	17_EnhW2	3633
chr17	28188110	28188111	rs1842026	chr17	28191401	28192400	17_EnhW2	3291
chr17	28188553	28188554	rs8071576	chr17	28191401	28192400	17_EnhW2	2848
chr17	28188587	28188588	rs138547768	chr17	28191401	28192400	17_EnhW2	2814
chr17	28188674	28188675	rs10853135	chr17	28191401	28192400	17_EnhW2	2727
chr17	28190095	28190096	rs67206808	chr17	28191401	28192400	17_EnhW2	1306
chr17	28190960	28190961	rs7210991	chr17	28191401	28192400	17_EnhW2	441
chr17	28191714	28191715	rs77325851	chr17	28191401	28192400	17_EnhW2	0
chr17	28192784	28192785	rs12051834	chr17	28191401	28192400	17_EnhW2	385
chr17	28193119	28193120	rs34216701	chr17	28193201	28194800	17_EnhW2	82
chr17	28195754	28195755	rs10670727	chr17	28193201	28194800	17_EnhW2	955
chr17	28195772	28195773	rs8080078	chr17	28193201	28194800	17_EnhW2	973
chr17	28196113	28196114	rs59420007	chr17	28193201	28194800	17_EnhW2	1314
chr17	28197295	28197296	rs34621507	chr17	28193201	28194800	17_EnhW2	2496
chr17	28203172	28203173	rs7216948	chr17	28193201	28194800	17_EnhW2	8373
chr17	28204785	28204786	rs201912837	chr17	28212001	28212200	17_EnhW2	7216
chr17	28205172	28205173	rs7214458	chr17	28212001	28212200	17_EnhW2	6829
chr17	28205735	28205736	rs4294865	chr17	28212001	28212200	17_EnhW2	6266
chr17	28206325	28206326	rs4595850	chr17	28212001	28212200	17_EnhW2	5676
chr17	28208124	28208125	rs7226121	chr17	28212001	28212200	17_EnhW2	3877
chr17	28209058	28209059	rs9646436	chr17	28212001	28212200	17_EnhW2	2943
chr17	28209064	28209065	rs9646437	chr17	28212001	28212200	17_EnhW2	2937
chr17	28209090	28209091	rs9646438	chr17	28212001	28212200	17_EnhW2	2911
chr17	28209181	28209182	rs56216220	chr17	28212001	28212200	17_EnhW2	2820
chr17	28210702	28210703	rs7219163	chr17	28212001	28212200	17_EnhW2	1299
chr17	28212662	28212663	rs62068653	chr17	28212001	28212200	17_EnhW2	463
chr17	28214172	28214173	rs12452201	chr17	28212001	28212200	17_EnhW2	1973
chr17	28215545	28215546	rs55974138	chr17	28212001	28212200	17_EnhW2	3346
chr17	28217052	28217053	rs8064689	chr17	28212001	28212200	17_EnhW2	4853
chr17	28221775	28221776	rs58575982	chr17	28212001	28212200	17_EnhW2	9576
chr17	28222458	28222459	rs568201365	chr17	28212001	28212200	17_EnhW2	10259
chr17	28222757	28222758	rs28715670	chr17	28212001	28212200	17_EnhW2	10558
chr17	28223981	28223982	rs28492945	chr17	28212001	28212200	17_EnhW2	11782
chr17	28224886	28224887	rs80292290	chr17	28212001	28212200	17_EnhW2	12687
chr17	28226831	28226832	rs75204514	chr17	28212001	28212200	17_EnhW2	14632
chr17	28230358	28230359	rs2321493	chr17	28212001	28212200	17_EnhW2	18159
chr17	28231603	28231604	rs150987241	chr17	28212001	28212200	17_EnhW2	19404
chr17	28232048	28232049	rs116840018	chr17	28212001	28212200	17_EnhW2	19849
chr17	28232505	28232506	rs7221516	chr17	28212001	28212200	17_EnhW2	20306
chr17	28233759	28233760	rs76039587	chr17	28212001	28212200	17_EnhW2	21560
chr17	28235219	28235220	rs12452288	chr17	28258001	28258800	16_EnhW1	22782
chr17	28235986	28235987	rs62070266	chr17	28258001	28258800	16_EnhW1	22015
chr17	28236016	28236017	rs12051631	chr17	28258001	28258800	16_EnhW1	21985
chr17	28237088	28237089	rs8077572	chr17	28258001	28258800	16_EnhW1	20913
chr17	28239501	28239502	rs8069669	chr17	28258001	28258800	16_EnhW1	18500
chr17	28241588	28241589	rs200217759	chr17	28258001	28258800	16_EnhW1	16413
chr17	28242924	28242925	rs62070267	chr17	28258001	28258800	16_EnhW1	15077
chr17	28243472	28243473	rs7210288	chr17	28258001	28258800	16_EnhW1	14529
chr17	28244121	28244122	rs9904051	chr17	28258001	28258800	16_EnhW1	13880
chr17	28244285	28244286	rs55655651	chr17	28258001	28258800	16_EnhW1	13716
chr17	28246357	28246358	rs12601963	chr17	28258001	28258800	16_EnhW1	11644
chr17	28246782	28246783	rs11392749	chr17	28258001	28258800	16_EnhW1	11219
chr17	28246942	28246943	rs7222842	chr17	28258001	28258800	16_EnhW1	11059
chr17	28247012	28247013	rs7207292	chr17	28258001	28258800	16_EnhW1	10989
chr17	28249409	28249410	rs367979532	chr17	28258001	28258800	16_EnhW1	8592
chr17	28256806	28256807	rs7209622	chr17	28258001	28258800	16_EnhW1	1195
chr17	28257625	28257626	rs5819876	chr17	28258001	28258800	16_EnhW1	376
chr17	28257659	28257660	rs3936006	chr17	28258001	28258800	16_EnhW1	342
chr17	28261021	28261022	rs9905638	chr17	28258801	28259000	17_EnhW2	2022
chr17	28263066	28263067	rs7208579	chr17	28258801	28259000	17_EnhW2	4067
chr17	28263979	28263980	rs62070270	chr17	28258801	28259000	17_EnhW2	4980
chr17	28267097	28267098	rs35491131	chr17	28258801	28259000	17_EnhW2	8098
chr17	28268357	28268358	rs62070271	chr17	28258801	28259000	17_EnhW2	9358
chr17	28268799	28268800	rs4567782	chr17	28258801	28259000	17_EnhW2	9800
chr17	28270058	28270059	rs139772292	chr17	28258801	28259000	17_EnhW2	11059
chr17	28270349	28270350	rs9894893	chr17	28258801	28259000	17_EnhW2	11350
chr17	28271206	28271207	rs9909093	chr17	28258801	28259000	17_EnhW2	12207
chr17	28271644	28271645	rs9901694	chr17	28258801	28259000	17_EnhW2	12645
chr17	28273051	28273052	rs57411618	chr17	28286401	28287200	17_EnhW2	13350
chr17	28275094	28275095	rs6505147	chr17	28286401	28287200	17_EnhW2	11307
chr17	28277040	28277041	rs7222308	chr17	28286401	28287200	17_EnhW2	9361
chr17	28277950	28277951	rs4533340	chr17	28286401	28287200	17_EnhW2	8451
chr17	28278548	28278549	rs79999613	chr17	28286401	28287200	17_EnhW2	7853
chr17	28279590	28279591	rs12600855	chr17	28286401	28287200	17_EnhW2	6811
chr17	28281436	28281437	rs56382980	chr17	28286401	28287200	17_EnhW2	4965
chr17	28282909	28282910	rs9900112	chr17	28286401	28287200	17_EnhW2	3492
chr17	28289817	28289818	rs6505148	chr17	28286401	28287200	17_EnhW2	2618
chr17	28290357	28290358	rs8078638	chr17	28286401	28287200	17_EnhW2	3158
chr17	28291221	28291222	rs12600993	chr17	28286401	28287200	17_EnhW2	4022
chr17	28291504	28291505	rs7212532	chr17	28286401	28287200	17_EnhW2	4305
chr17	28293947	28293948	rs4598962	chr17	28286401	28287200	17_EnhW2	6748
chr17	28296326	28296327	rs9897794	chr17	28286401	28287200	17_EnhW2	9127
chr17	28298090	28298091	rs57637961	chr17	28286401	28287200	17_EnhW2	10891
chr17	28300143	28300144	rs4077465	chr17	28286401	28287200	17_EnhW2	12944
chr17	28305673	28305674	rs4075014	chr17	28286401	28287200	17_EnhW2	18474
chr17	28312992	28312993	rs55866125	chr17	28286401	28287200	17_EnhW2	25793
chr17	28313193	28313194	rs55657712	chr17	28286401	28287200	17_EnhW2	25994
chr17	28317656	28317657	rs12602258	chr17	28286401	28287200	17_EnhW2	30457
chr17	28320472	28320473	rs12150261	chr17	28286401	28287200	17_EnhW2	33273
chr17	28321225	28321226	rs7225462	chr17	28286401	28287200	17_EnhW2	34026
chr17	28321327	28321328	rs7212162	chr17	28286401	28287200	17_EnhW2	34128
chr17	28322934	28322935	rs7213902	chr17	28286401	28287200	17_EnhW2	35735
chr17	28322940	28322941	rs7212741	chr17	28286401	28287200	17_EnhW2	35741
chr17	28323498	28323499	rs12944395	chr17	28286401	28287200	17_EnhW2	36299
chr17	28328818	28328819	rs12939344	chr17	28286401	28287200	17_EnhW2	41619
chr17	28330279	28330280	rs9900911	chr17	28286401	28287200	17_EnhW2	43080
chr17	28331465	28331466	rs6505152	chr17	28286401	28287200	17_EnhW2	44266
chr17	28332106	28332107	rs7223786	chr17	28286401	28287200	17_EnhW2	44907
chr17	28333384	28333385	rs8072664	chr17	28286401	28287200	17_EnhW2	46185
chr17	28334709	28334710	rs7220151	chr17	28286401	28287200	17_EnhW2	47510
chr17	28335085	28335086	rs11441875	chr17	28286401	28287200	17_EnhW2	47886
chr17	28335087	28335088	rs57719820	chr17	28286401	28287200	17_EnhW2	47888
chr17	28335948	28335949	rs7212497	chr17	28286401	28287200	17_EnhW2	48749
chr17	28336428	28336429	rs34076991	chr17	28286401	28287200	17_EnhW2	49229
chr17	28336431	28336432	rs34585141	chr17	28286401	28287200	17_EnhW2	49232
chr17	28336771	28336772	rs7217638	chr17	28286401	28287200	17_EnhW2	49572
chr17	28338303	28338304	rs4291964	chr17	28286401	28287200	17_EnhW2	51104
chr17	28341084	28341085	rs9910622	chr17	28286401	28287200	17_EnhW2	53885
chr17	28341678	28341679	rs7225483	chr17	28286401	28287200	17_EnhW2	54479
chr17	28341954	28341955	rs4344802	chr17	28286401	28287200	17_EnhW2	54755
chr17	28344275	28344276	rs4328498	chr17	28286401	28287200	17_EnhW2	57076
chr17	28347959	28347960	rs150784212	chr17	28286401	28287200	17_EnhW2	60760
chr17	28349094	28349095	rs9902453	chr17	28286401	28287200	17_EnhW2	61895
chr17	28349465	28349466	rs9911794	chr17	28286401	28287200	17_EnhW2	62266
chr17	28349475	28349476	rs12936302	chr17	28286401	28287200	17_EnhW2	62276
chr17	28350599	28350600	rs139693745	chr17	28286401	28287200	17_EnhW2	63400
chr17	28352118	28352119	rs9747395	chr17	28286401	28287200	17_EnhW2	64919
chr17	28356135	28356136	rs4528633	chr17	28420801	28421000	16_EnhW1	64666
chr17	28356743	28356744	rs7225686	chr17	28420801	28421000	16_EnhW1	64058
chr17	28357046	28357047	rs9896062	chr17	28420801	28421000	16_EnhW1	63755
chr17	28357079	28357080	rs9904336	chr17	28420801	28421000	16_EnhW1	63722
chr17	28359510	28359511	rs9912741	chr17	28420801	28421000	16_EnhW1	61291
chr17	28361668	28361669	rs8071742	chr17	28420801	28421000	16_EnhW1	59133
chr17	28361968	28361969	rs4575590	chr17	28420801	28421000	16_EnhW1	58833
chr17	28363641	28363642	rs4375718	chr17	28420801	28421000	16_EnhW1	57160
chr17	28364455	28364456	rs9900974	chr17	28420801	28421000	16_EnhW1	56346
chr17	28364767	28364768	rs4547389	chr17	28420801	28421000	16_EnhW1	56034
chr17	28368195	28368196	rs55633288	chr17	28420801	28421000	16_EnhW1	52606
chr17	28368227	28368228	rs141935007	chr17	28420801	28421000	16_EnhW1	52574
chr17	28369547	28369548	rs7220004	chr17	28420801	28421000	16_EnhW1	51254
chr17	28370041	28370042	rs11654983	chr17	28420801	28421000	16_EnhW1	50760
chr17	28370190	28370191	rs9891871	chr17	28420801	28421000	16_EnhW1	50611
chr17	28372129	28372130	rs7218113	chr17	28420801	28421000	16_EnhW1	48672
chr17	28372782	28372783	rs6505155	chr17	28420801	28421000	16_EnhW1	48019
chr17	28374111	28374112	rs7219456	chr17	28420801	28421000	16_EnhW1	46690
chr17	28378275	28378276	rs11653805	chr17	28420801	28421000	16_EnhW1	42526
chr17	28381140	28381141	rs4074170	chr17	28420801	28421000	16_EnhW1	39661
chr17	28382703	28382704	rs9890205	chr17	28420801	28421000	16_EnhW1	38098
chr17	28386279	28386280	rs4994353	chr17	28420801	28421000	16_EnhW1	34522
chr17	28386283	28386284	rs4994355	chr17	28420801	28421000	16_EnhW1	34518
chr17	28386525	28386526	rs4075623	chr17	28420801	28421000	16_EnhW1	34276
chr17	28388486	28388487	rs4795525	chr17	28420801	28421000	16_EnhW1	32315
chr17	28389102	28389103	rs4239227	chr17	28420801	28421000	16_EnhW1	31699
chr17	28391075	28391076	rs9890886	chr17	28420801	28421000	16_EnhW1	29726
chr17	28392945	28392946	rs9898424	chr17	28420801	28421000	16_EnhW1	27856
chr17	28393798	28393799	rs56068304	chr17	28420801	28421000	16_EnhW1	27003
chr17	28394746	28394747	rs4465649	chr17	28420801	28421000	16_EnhW1	26055
chr17	28395050	28395051	rs11868763	chr17	28420801	28421000	16_EnhW1	25751
chr17	28396720	28396721	rs4465650	chr17	28420801	28421000	16_EnhW1	24081
chr17	28398976	28398977	rs9906340	chr17	28420801	28421000	16_EnhW1	21825
chr17	28400515	28400516	rs7207021	chr17	28420801	28421000	16_EnhW1	20286
chr17	28401739	28401740	rs7213517	chr17	28420801	28421000	16_EnhW1	19062
chr17	28402736	28402737	rs7218379	chr17	28420801	28421000	16_EnhW1	18065
chr17	28403111	28403112	rs7217961	chr17	28420801	28421000	16_EnhW1	17690
chr17	28403347	28403348	rs6505158	chr17	28420801	28421000	16_EnhW1	17454
chr17	28406017	28406018	rs10853136	chr17	28420801	28421000	16_EnhW1	14784
chr17	28406107	28406108	rs9897206	chr17	28420801	28421000	16_EnhW1	14694
chr17	28407286	28407287	rs11080114	chr17	28420801	28421000	16_EnhW1	13515
chr17	28407578	28407579	rs3924841	chr17	28420801	28421000	16_EnhW1	13223
chr17	28407875	28407876	rs7221743	chr17	28420801	28421000	16_EnhW1	12926
chr17	28408069	28408070	rs11080115	chr17	28420801	28421000	16_EnhW1	12732
chr17	28408216	28408217	rs12103671	chr17	28420801	28421000	16_EnhW1	12585
chr17	28409263	28409264	rs7212292	chr17	28420801	28421000	16_EnhW1	11538
chr17	28410123	28410124	rs12941382	chr17	28420801	28421000	16_EnhW1	10678
chr17	28410276	28410277	rs12951836	chr17	28420801	28421000	16_EnhW1	10525
chr17	28410323	28410324	rs12948898	chr17	28420801	28421000	16_EnhW1	10478
chr17	28412686	28412687	rs12952179	chr17	28420801	28421000	16_EnhW1	8115
chr17	28413608	28413609	rs34720712	chr17	28420801	28421000	16_EnhW1	7193
chr17	28414858	28414859	rs9893169	chr17	28420801	28421000	16_EnhW1	5943
chr17	28417375	28417376	rs8065059	chr17	28420801	28421000	16_EnhW1	3426
chr17	28418040	28418041	rs8065261	chr17	28420801	28421000	16_EnhW1	2761
chr17	28419427	28419428	rs7213076	chr17	28420801	28421000	16_EnhW1	1374
chr17	28421381	28421382	rs56129908	chr17	28420801	28421000	16_EnhW1	382
chr17	28423087	28423088	rs4350617	chr17	28420801	28421000	16_EnhW1	2088
chr17	28423429	28423430	rs4461132	chr17	28420801	28421000	16_EnhW1	2430
chr17	28424077	28424078	rs199614574	chr17	28420801	28421000	16_EnhW1	3078
chr17	28427015	28427016	rs55971458	chr17	28420801	28421000	16_EnhW1	6016
chr17	28427782	28427783	rs36000266	chr17	28420801	28421000	16_EnhW1	6783
chr17	28427897	28427898	rs4581755	chr17	28420801	28421000	16_EnhW1	6898
chr17	28429574	28429575	rs56280226	chr17	28420801	28421000	16_EnhW1	8575
chr17	28430302	28430303	rs8082175	chr17	28420801	28421000	16_EnhW1	9303
chr17	28431197	28431198	rs9905950	chr17	28420801	28421000	16_EnhW1	10198
chr17	28431568	28431569	rs5819879	chr17	28420801	28421000	16_EnhW1	10569
chr17	28433274	28433275	rs4310926	chr17	28420801	28421000	16_EnhW1	12275
chr17	28433763	28433764	rs8075602	chr17	28420801	28421000	16_EnhW1	12764
chr17	28434825	28434826	rs5819880	chr17	28420801	28421000	16_EnhW1	13826
chr17	28437051	28437052	rs60967688	chr17	28420801	28421000	16_EnhW1	16052
chr17	28437178	28437179	rs63467061	chr17	28420801	28421000	16_EnhW1	16179
chr17	28437409	28437410	rs28664971	chr17	28420801	28421000	16_EnhW1	16410
chr17	28437634	28437635	rs59274738	chr17	28420801	28421000	16_EnhW1	16635
chr17	28438269	28438270	rs28576874	chr17	28420801	28421000	16_EnhW1	17270
chr17	28438876	28438877	rs62070312	chr17	28420801	28421000	16_EnhW1	17877
chr17	28440137	28440138	rs4294864	chr17	28420801	28421000	16_EnhW1	19138
chr17	28441589	28441590	rs12453172	chr17	28420801	28421000	16_EnhW1	20590
chr17	28441603	28441604	rs12453308	chr17	28420801	28421000	16_EnhW1	20604
chr17	28443312	28443313	rs57598500	chr17	28420801	28421000	16_EnhW1	22313
chr17	28443548	28443549	rs4795529	chr17	28420801	28421000	16_EnhW1	22549
chr17	28444182	28444183	rs6505162	chr17	28420801	28421000	16_EnhW1	23183
chr17	28444253	28444254	rs8067576	chr17	28420801	28421000	16_EnhW1	23254
chr17	28449034	28449035	rs61240589	chr17	28420801	28421000	16_EnhW1	28035
chr17	28450014	28450015	rs28792710	chr17	28420801	28421000	16_EnhW1	29015
chr17	28451864	28451865	rs9898353	chr17	28420801	28421000	16_EnhW1	30865
chr17	28453752	28453753	rs56195309	chr17	28420801	28421000	16_EnhW1	32753
chr17	28454422	28454423	rs4473252	chr17	28420801	28421000	16_EnhW1	33423
chr17	28455674	28455675	rs10580653	chr17	28420801	28421000	16_EnhW1	34675
chr17	28456757	28456758	rs8080343	chr17	28420801	28421000	16_EnhW1	35758
chr17	28457988	28457989	rs4427857	chr17	28420801	28421000	16_EnhW1	36989
chr17	28458104	28458105	rs4429345	chr17	28420801	28421000	16_EnhW1	37105
chr17	28461686	28461687	rs8074028	chr17	28420801	28421000	16_EnhW1	40687
chr17	28462509	28462510	rs6505163	chr17	28420801	28421000	16_EnhW1	41510
chr17	28464473	28464474	rs4470197	chr17	28420801	28421000	16_EnhW1	43474
chr17	28466256	28466257	rs62070337	chr17	28420801	28421000	16_EnhW1	45257
chr17	28466815	28466816	rs55816036	chr17	28420801	28421000	16_EnhW1	45816
chr17	28466823	28466824	rs4592712	chr17	28420801	28421000	16_EnhW1	45824
chr17	28469712	28469713	rs9908901	chr17	28420801	28421000	16_EnhW1	48713
chr17	28469781	28469782	rs55748380	chr17	28420801	28421000	16_EnhW1	48782
chr17	28470090	28470091	rs9896012	chr17	28420801	28421000	16_EnhW1	49091
chr17	28470463	28470464	rs9890075	chr17	28420801	28421000	16_EnhW1	49464
chr17	28471247	28471248	rs8067580	chr17	28420801	28421000	16_EnhW1	50248
chr17	28471283	28471284	rs56397640	chr17	28420801	28421000	16_EnhW1	50284
chr17	28472339	28472340	rs10582346	chr17	28420801	28421000	16_EnhW1	51340
chr17	28473019	28473020	rs63686461	chr17	28420801	28421000	16_EnhW1	52020
chr17	28473255	28473256	rs60694493	chr17	28420801	28421000	16_EnhW1	52256
chr17	28474149	28474150	rs112865148	chr17	28420801	28421000	16_EnhW1	53150
chr17	28475378	28475379	rs11080118	chr17	28420801	28421000	16_EnhW1	54379
chr17	28475728	28475729	rs55744550	chr17	28420801	28421000	16_EnhW1	54729
chr17	28476457	28476458	rs9902340	chr17	28420801	28421000	16_EnhW1	55458
chr17	28476996	28476997	rs62070344	chr17	28420801	28421000	16_EnhW1	55997
chr17	28477254	28477255	rs62070345	chr17	28420801	28421000	16_EnhW1	56255
chr17	28478328	28478329	rs9910970	chr17	28420801	28421000	16_EnhW1	57329
chr17	28479853	28479854	rs60176674	chr17	28420801	28421000	16_EnhW1	58854
chr17	28481198	28481199	rs9913074	chr17	28420801	28421000	16_EnhW1	60199
chr17	28482487	28482488	rs12602065	chr17	28420801	28421000	16_EnhW1	61488
chr17	28484233	28484234	rs8079028	chr17	28420801	28421000	16_EnhW1	63234
chr17	28485232	28485233	rs61014003	chr17	28420801	28421000	16_EnhW1	64233
chr17	28485325	28485326	rs35919418	chr17	28549601	28549800	17_EnhW2	64276
chr17	28485668	28485669	rs144040066	chr17	28549601	28549800	17_EnhW2	63933
chr17	28485761	28485762	rs7211246	chr17	28549601	28549800	17_EnhW2	63840
chr17	28486375	28486376	rs12451122	chr17	28549601	28549800	17_EnhW2	63226
chr17	28488235	28488236	rs4343336	chr17	28549601	28549800	17_EnhW2	61366
chr17	28489041	28489042	rs200678690	chr17	28549601	28549800	17_EnhW2	60560
chr17	28489669	28489670	rs4356528	chr17	28549601	28549800	17_EnhW2	59932
chr17	28489769	28489770	rs4493117	chr17	28549601	28549800	17_EnhW2	59832
chr17	28491028	28491029	rs7223645	chr17	28549601	28549800	17_EnhW2	58573
chr17	28492804	28492805	rs56326816	chr17	28549601	28549800	17_EnhW2	56797
chr17	28493804	28493805	rs9891999	chr17	28549601	28549800	17_EnhW2	55797
chr17	28495020	28495021	rs12450441	chr17	28549601	28549800	17_EnhW2	54581
chr17	28495111	28495112	rs7216631	chr17	28549601	28549800	17_EnhW2	54490
chr17	28495671	28495672	rs4533341	chr17	28549601	28549800	17_EnhW2	53930
chr17	28496429	28496430	rs7222685	chr17	28549601	28549800	17_EnhW2	53172
chr17	28496779	28496780	rs34433787	chr17	28549601	28549800	17_EnhW2	52822
chr17	28500464	28500465	rs34698290	chr17	28549601	28549800	17_EnhW2	49137
chr17	28502641	28502642	rs7216487	chr17	28549601	28549800	17_EnhW2	46960
chr17	28502650	28502651	rs7216494	chr17	28549601	28549800	17_EnhW2	46951
chr17	28503017	28503018	rs61542606	chr17	28549601	28549800	17_EnhW2	46584
chr17	28503121	28503122	rs149824372	chr17	28549601	28549800	17_EnhW2	46480
chr17	28503635	28503636	rs11397121	chr17	28549601	28549800	17_EnhW2	45966
chr17	28504388	28504389	rs1532042	chr17	28549601	28549800	17_EnhW2	45213
chr17	28504392	28504393	rs35998302	chr17	28549601	28549800	17_EnhW2	45209
chr17	28505023	28505024	rs7221154	chr17	28549601	28549800	17_EnhW2	44578
chr17	28507020	28507021	rs11080120	chr17	28549601	28549800	17_EnhW2	42581
chr17	28507415	28507416	rs35986887	chr17	28549601	28549800	17_EnhW2	42186
chr17	28507692	28507693	rs2054846	chr17	28549601	28549800	17_EnhW2	41909
chr17	28508415	28508416	rs61484398	chr17	28549601	28549800	17_EnhW2	41186
chr17	28508633	28508634	rs1825880	chr17	28549601	28549800	17_EnhW2	40968
chr17	28508907	28508908	rs4795537	chr17	28549601	28549800	17_EnhW2	40694
chr17	28509601	28509602	rs4381649	chr17	28549601	28549800	17_EnhW2	40000
chr17	28510248	28510249	rs35687485	chr17	28549601	28549800	17_EnhW2	39353
chr17	28511977	28511978	rs1979572	chr17	28549601	28549800	17_EnhW2	37624
chr17	28513175	28513176	rs1128156	chr17	28549601	28549800	17_EnhW2	36426
chr17	28515187	28515188	rs17825877	chr17	28549601	28549800	17_EnhW2	34414
chr17	28515478	28515479	rs1906451	chr17	28549601	28549800	17_EnhW2	34123
chr17	28515743	28515744	rs1906450	chr17	28549601	28549800	17_EnhW2	33858
chr17	28516871	28516872	rs4795538	chr17	28549601	28549800	17_EnhW2	32730
chr17	28517366	28517367	rs7221417	chr17	28549601	28549800	17_EnhW2	32235
chr17	28517399	28517400	rs111953878	chr17	28549601	28549800	17_EnhW2	32202
chr17	28517453	28517454	rs34323226	chr17	28549601	28549800	17_EnhW2	32148
chr17	28522835	28522836	rs11367656	chr17	28549601	28549800	17_EnhW2	26766
chr17	28523084	28523085	rs8066602	chr17	28549601	28549800	17_EnhW2	26517
chr17	28523120	28523121	rs8066731	chr17	28549601	28549800	17_EnhW2	26481
chr17	28523725	28523726	rs7224199	chr17	28549601	28549800	17_EnhW2	25876
chr17	28524803	28524804	rs3813034	chr17	28549601	28549800	17_EnhW2	24798
chr17	28525010	28525011	rs1042173	chr17	28549601	28549800	17_EnhW2	24591
chr17	28526474	28526475	rs4325622	chr17	28549601	28549800	17_EnhW2	23127
chr17	28527227	28527228	rs9303628	chr17	28549601	28549800	17_EnhW2	22374
chr17	28527652	28527653	rs12449783	chr17	28549601	28549800	17_EnhW2	21949
chr17	28528841	28528842	rs11080121	chr17	28549601	28549800	17_EnhW2	20760
chr17	28529024	28529025	rs12450956	chr17	28549601	28549800	17_EnhW2	20577
chr17	28531257	28531258	rs3794809	chr17	28549601	28549800	17_EnhW2	18344
chr17	28531792	28531793	rs3794808	chr17	28549601	28549800	17_EnhW2	17809
chr17	28532012	28532013	rs2054847	chr17	28549601	28549800	17_EnhW2	17589
chr17	28533879	28533880	rs1972305	chr17	28549601	28549800	17_EnhW2	15722
chr17	28534468	28534469	rs34388196	chr17	28549601	28549800	17_EnhW2	15133
chr17	28534530	28534531	rs35659820	chr17	28549601	28549800	17_EnhW2	15071
chr17	28538531	28538532	rs140701	chr17	28549601	28549800	17_EnhW2	11070
chr17	28538714	28538715	rs4583306	chr17	28549601	28549800	17_EnhW2	10887
chr17	28550731	28550732	rs2020939	chr17	28551601	28551800	17_EnhW2	870
chr17	30173580	30173581	rs2013184	chr17	30186801	30187000	16_EnhW1	13221
chr17	30178091	30178092	rs7217004	chr17	30186801	30187000	16_EnhW1	8710
chr17	30178792	30178793	rs8074383	chr17	30186801	30187000	16_EnhW1	8009
chr17	30183856	30183857	rs8068049	chr17	30186801	30187000	16_EnhW1	2945
chr17	30185021	30185022	rs12941700	chr17	30186801	30187000	16_EnhW1	1780
chr17	30185891	30185892	rs11542477	chr17	30186801	30187000	16_EnhW1	910
chr17	30191953	30191954	rs9899093	chr17	30186801	30187000	16_EnhW1	4954
chr17	30199536	30199537	rs9900031	chr17	30186801	30187000	16_EnhW1	12537
chr17	30201308	30201309	rs4450460	chr17	30186801	30187000	16_EnhW1	14309
chr17	30201311	30201312	rs34197641	chr17	30186801	30187000	16_EnhW1	14312
chr17	30201773	30201774	rs4795661	chr17	30186801	30187000	16_EnhW1	14774
chr17	30202055	30202056	rs2301765	chr17	30186801	30187000	16_EnhW1	15056
chr17	30203547	30203548	rs11657849	chr17	30186801	30187000	16_EnhW1	16548
chr17	30206392	30206393	rs9906116	chr17	30186801	30187000	16_EnhW1	19393
chr17	30206425	30206426	rs11658469	chr17	30186801	30187000	16_EnhW1	19426
chr17	30208519	30208520	rs11080173	chr17	30186801	30187000	16_EnhW1	21520
chr17	30208520	30208521	rs11080174	chr17	30186801	30187000	16_EnhW1	21521
chr17	30209399	30209400	rs1985824	chr17	30186801	30187000	16_EnhW1	22400
chr17	30210912	30210913	rs35896827	chr17	30186801	30187000	16_EnhW1	23913
chr17	30211877	30211878	rs7213369	chr17	30186801	30187000	16_EnhW1	24878
chr17	30212015	30212016	rs7219239	chr17	30186801	30187000	16_EnhW1	25016
chr17	30215524	30215525	rs7211634	chr17	30242601	30243200	17_EnhW2	27077
chr17	30215668	30215669	rs9906455	chr17	30242601	30243200	17_EnhW2	26933
chr17	30215947	30215948	rs8065309	chr17	30242601	30243200	17_EnhW2	26654
chr17	30216867	30216868	rs8070554	chr17	30242601	30243200	17_EnhW2	25734
chr17	30217595	30217596	rs11867619	chr17	30242601	30243200	17_EnhW2	25006
chr17	30217777	30217778	rs7218801	chr17	30242601	30243200	17_EnhW2	24824
chr17	30217915	30217916	rs12943055	chr17	30242601	30243200	17_EnhW2	24686
chr17	30219499	30219500	rs1034626	chr17	30242601	30243200	17_EnhW2	23102
chr17	30219568	30219569	rs1034627	chr17	30242601	30243200	17_EnhW2	23033
chr17	30220151	30220152	rs7406043	chr17	30242601	30243200	17_EnhW2	22450
chr17	30220223	30220224	rs7406056	chr17	30242601	30243200	17_EnhW2	22378
chr17	30220775	30220776	rs1978115	chr17	30242601	30243200	17_EnhW2	21826
chr17	30220977	30220978	rs1978116	chr17	30242601	30243200	17_EnhW2	21624
chr17	30223251	30223252	rs8067412	chr17	30242601	30243200	17_EnhW2	19350
chr17	30225949	30225950	rs6505267	chr17	30242601	30243200	17_EnhW2	16652
chr17	30227549	30227550	rs12452926	chr17	30242601	30243200	17_EnhW2	15052
chr17	30228883	30228884	rs2074102	chr17	30242601	30243200	17_EnhW2	13718
chr17	30229211	30229212	rs2009067	chr17	30242601	30243200	17_EnhW2	13390
chr17	30229901	30229902	rs886224	chr17	30242601	30243200	17_EnhW2	12700
chr17	30232145	30232146	rs149944967	chr17	30242601	30243200	17_EnhW2	10456
chr17	30232983	30232984	rs11456051	chr17	30242601	30243200	17_EnhW2	9618
chr17	30233466	30233467	rs4795664	chr17	30242601	30243200	17_EnhW2	9135
chr17	30233656	30233657	rs4795665	chr17	30242601	30243200	17_EnhW2	8945
chr17	30233895	30233896	rs115068914	chr17	30242601	30243200	17_EnhW2	8706
chr17	30233897	30233898	rs115807995	chr17	30242601	30243200	17_EnhW2	8704
chr17	30233898	30233899	rs114562703	chr17	30242601	30243200	17_EnhW2	8703
chr17	30234459	30234460	rs72821942	chr17	30242601	30243200	17_EnhW2	8142
chr17	30234847	30234848	rs7209766	chr17	30242601	30243200	17_EnhW2	7754
chr17	30235109	30235110	rs58108993	chr17	30242601	30243200	17_EnhW2	7492
chr17	30235115	30235116	rs56064462	chr17	30242601	30243200	17_EnhW2	7486
chr17	30237283	30237284	rs201233223	chr17	30242601	30243200	17_EnhW2	5318
chr17	30237307	30237308	rs56389115	chr17	30242601	30243200	17_EnhW2	5294
chr17	30237800	30237801	rs12453865	chr17	30242601	30243200	17_EnhW2	4801
chr17	30238001	30238002	rs35498105	chr17	30242601	30243200	17_EnhW2	4600
chr17	30238015	30238016	rs12451440	chr17	30242601	30243200	17_EnhW2	4586
chr17	30239697	30239698	rs2028067	chr17	30242601	30243200	17_EnhW2	2904
chr17	30240597	30240598	rs192266320	chr17	30242601	30243200	17_EnhW2	2004
chr17	30240598	30240599	rs201867259	chr17	30242601	30243200	17_EnhW2	2003
chr17	30241408	30241409	rs4795666	chr17	30242601	30243200	17_EnhW2	1193
chr17	30242795	30242796	rs879945	chr17	30242601	30243200	17_EnhW2	0
chr17	30242802	30242803	rs879944	chr17	30242601	30243200	17_EnhW2	0
chr17	30243582	30243583	rs2344312	chr17	30242601	30243200	17_EnhW2	383
chr17	30243936	30243937	rs757009	chr17	30242601	30243200	17_EnhW2	737
chr17	30244326	30244327	rs113676348	chr17	30242601	30243200	17_EnhW2	1127
chr17	30244442	30244443	rs4795667	chr17	30242601	30243200	17_EnhW2	1243
chr17	30244553	30244554	rs4795668	chr17	30242601	30243200	17_EnhW2	1354
chr17	30244700	30244701	rs4795669	chr17	30242601	30243200	17_EnhW2	1501
chr17	30244838	30244839	rs4795670	chr17	30242601	30243200	17_EnhW2	1639
chr17	30244955	30244956	rs8073186	chr17	30242601	30243200	17_EnhW2	1756
chr17	30245743	30245744	rs8064843	chr17	30242601	30243200	17_EnhW2	2544
chr17	30246123	30246124	rs693116	chr17	30242601	30243200	17_EnhW2	2924
chr17	30246746	30246747	rs112857851	chr17	30242601	30243200	17_EnhW2	3547
chr17	30246887	30246888	rs111904127	chr17	30242601	30243200	17_EnhW2	3688
chr17	30247544	30247545	rs9894053	chr17	30242601	30243200	17_EnhW2	4345
chr17	30248132	30248133	rs72821952	chr17	30242601	30243200	17_EnhW2	4933
chr17	30248963	30248964	rs145149272	chr17	30242601	30243200	17_EnhW2	5764
chr17	30249213	30249214	rs4625780	chr17	30242601	30243200	17_EnhW2	6014
chr17	30251275	30251276	rs112868298	chr17	30242601	30243200	17_EnhW2	8076
chr17	30252052	30252053	rs9807078	chr17	30242601	30243200	17_EnhW2	8853
chr17	30252276	30252277	rs55918558	chr17	30242601	30243200	17_EnhW2	9077
chr17	30252571	30252572	rs61176283	chr17	30242601	30243200	17_EnhW2	9372
chr17	30253084	30253085	rs55925849	chr17	30242601	30243200	17_EnhW2	9885
chr17	30253139	30253140	rs56362439	chr17	30242601	30243200	17_EnhW2	9940
chr17	30254392	30254393	rs56903735	chr17	30242601	30243200	17_EnhW2	11193
chr17	30254770	30254771	rs55959993	chr17	30242601	30243200	17_EnhW2	11571
chr17	30255810	30255811	rs111974428	chr17	30242601	30243200	17_EnhW2	12611
chr17	30257164	30257165	rs112076008	chr17	30242601	30243200	17_EnhW2	13965
chr17	30258026	30258027	rs6505269	chr17	30242601	30243200	17_EnhW2	14827
chr17	30258519	30258520	rs150342198	chr17	30242601	30243200	17_EnhW2	15320
chr17	30259449	30259450	rs7216102	chr17	30242601	30243200	17_EnhW2	16250
chr17	30260368	30260369	rs55962687	chr17	30242601	30243200	17_EnhW2	17169
chr17	30260832	30260833	rs187650728	chr17	30242601	30243200	17_EnhW2	17633
chr17	30261132	30261133	rs8081219	chr17	30242601	30243200	17_EnhW2	17933
chr17	30261453	30261454	rs35588687	chr17	30242601	30243200	17_EnhW2	18254
chr17	30262007	30262008	rs7210776	chr17	30242601	30243200	17_EnhW2	18808
chr17	30262168	30262169	rs7210970	chr17	30242601	30243200	17_EnhW2	18969
chr17	30262466	30262467	rs8070262	chr17	30242601	30243200	17_EnhW2	19267
chr17	30263073	30263074	rs55643307	chr17	30242601	30243200	17_EnhW2	19874
chr17	30263313	30263314	rs7218466	chr17	30242601	30243200	17_EnhW2	20114
chr17	30265030	30265031	rs190912073	chr17	30242601	30243200	17_EnhW2	21831
chr17	30266084	30266085	rs117029332	chr17	30242601	30243200	17_EnhW2	22885
chr17	30266710	30266711	rs7215147	chr17	30242601	30243200	17_EnhW2	23511
chr17	30267028	30267029	rs112075391	chr17	30242601	30243200	17_EnhW2	23829
chr17	30267186	30267187	rs10627852	chr17	30242601	30243200	17_EnhW2	23987
chr17	30269011	30269012	rs57539446	chr17	30242601	30243200	17_EnhW2	25812
chr17	30269342	30269343	rs72821971	chr17	30242601	30243200	17_EnhW2	26143
chr17	30271101	30271102	rs143492043	chr17	30242601	30243200	17_EnhW2	27902
chr17	30271737	30271738	rs112569713	chr17	30242601	30243200	17_EnhW2	28538
chr17	30272865	30272866	rs117979353	chr17	30242601	30243200	17_EnhW2	29666
chr17	30272878	30272879	rs8066558	chr17	30242601	30243200	17_EnhW2	29679
chr17	30273612	30273613	rs146764371	chr17	30242601	30243200	17_EnhW2	30413
chr17	30273783	30273784	rs72823785	chr17	30242601	30243200	17_EnhW2	30584
chr17	30274131	30274132	rs2470267	chr17	30242601	30243200	17_EnhW2	30932
chr17	30275936	30275937	rs55978022	chr17	30242601	30243200	17_EnhW2	32737
chr17	30276035	30276036	rs199634044	chr17	30242601	30243200	17_EnhW2	32836
chr17	30277284	30277285	rs142858976	chr17	30242601	30243200	17_EnhW2	34085
chr17	30277955	30277956	rs8070939	chr17	30242601	30243200	17_EnhW2	34756
chr17	30278793	30278794	rs61047916	chr17	30242601	30243200	17_EnhW2	35594
chr17	30280977	30280978	rs149522237	chr17	30242601	30243200	17_EnhW2	37778
chr17	30281124	30281125	rs113282313	chr17	30242601	30243200	17_EnhW2	37925
chr17	30281844	30281845	rs8069199	chr17	30242601	30243200	17_EnhW2	38645
chr17	30282242	30282243	rs140249544	chr17	30242601	30243200	17_EnhW2	39043
chr17	30282964	30282965	rs55797440	chr17	30242601	30243200	17_EnhW2	39765
chr17	30283326	30283327	rs55684446	chr17	30242601	30243200	17_EnhW2	40127
chr17	30284031	30284032	rs111750626	chr17	30242601	30243200	17_EnhW2	40832
chr17	30284083	30284084	rs72823789	chr17	30242601	30243200	17_EnhW2	40884
chr17	30284163	30284164	rs113115092	chr17	30242601	30243200	17_EnhW2	40964
chr17	30285046	30285047	rs113972244	chr17	30242601	30243200	17_EnhW2	41847
chr17	30285172	30285173	rs193107752	chr17	30242601	30243200	17_EnhW2	41973
chr17	30285494	30285495	rs8080271	chr17	30242601	30243200	17_EnhW2	42295
chr17	30286459	30286460	rs473456	chr17	30242601	30243200	17_EnhW2	43260
chr17	30287473	30287474	rs55671717	chr17	30242601	30243200	17_EnhW2	44274
chr17	30287584	30287585	rs143212950	chr17	30242601	30243200	17_EnhW2	44385
chr17	30287591	30287592	rs201842526	chr17	30242601	30243200	17_EnhW2	44392
chr17	30287700	30287701	rs111484028	chr17	30242601	30243200	17_EnhW2	44501
chr17	30288825	30288826	rs477970	chr17	30242601	30243200	17_EnhW2	45626
chr17	30289658	30289659	rs506766	chr17	30242601	30243200	17_EnhW2	46459
chr17	30289860	30289861	rs508566	chr17	30242601	30243200	17_EnhW2	46661
chr17	30290576	30290577	rs2428336	chr17	30242601	30243200	17_EnhW2	47377
chr17	30290954	30290955	rs2470243	chr17	30242601	30243200	17_EnhW2	47755
chr17	30291109	30291110	rs546545	chr17	30242601	30243200	17_EnhW2	47910
chr17	30291464	30291465	rs543038	chr17	30242601	30243200	17_EnhW2	48265
chr17	30291542	30291543	rs542193	chr17	30242601	30243200	17_EnhW2	48343
chr17	30292506	30292507	rs512698	chr17	30242601	30243200	17_EnhW2	49307
chr17	30293397	30293398	rs483301	chr17	30242601	30243200	17_EnhW2	50198
chr17	30294135	30294136	rs555629	chr17	30242601	30243200	17_EnhW2	50936
chr17	30294526	30294527	rs559228	chr17	30242601	30243200	17_EnhW2	51327
chr17	30295078	30295079	rs474516	chr17	30242601	30243200	17_EnhW2	51879
chr17	30295296	30295297	rs500496	chr17	30242601	30243200	17_EnhW2	52097
chr17	30296193	30296194	rs581237	chr17	30242601	30243200	17_EnhW2	52994
chr17	30296444	30296445	rs1681718	chr17	30242601	30243200	17_EnhW2	53245
chr17	30296466	30296467	rs1681717	chr17	30242601	30243200	17_EnhW2	53267
chr17	30297493	30297494	rs548298	chr17	30242601	30243200	17_EnhW2	54294
chr17	30297559	30297560	rs547473	chr17	30242601	30243200	17_EnhW2	54360
chr17	30297600	30297601	rs561559	chr17	30242601	30243200	17_EnhW2	54401
chr17	30297681	30297682	rs546519	chr17	30242601	30243200	17_EnhW2	54482
chr17	30297751	30297752	rs562645	chr17	30242601	30243200	17_EnhW2	54552
chr17	30298038	30298039	rs521919	chr17	30242601	30243200	17_EnhW2	54839
chr17	30299466	30299467	rs2428337	chr17	30242601	30243200	17_EnhW2	56267
chr17	30299628	30299629	rs2428338	chr17	30242601	30243200	17_EnhW2	56429
chr17	30299753	30299754	rs146647522	chr17	30242601	30243200	17_EnhW2	56554
chr17	30300338	30300339	rs2470247	chr17	30242601	30243200	17_EnhW2	57139
chr17	30300890	30300891	rs56216332	chr17	30242601	30243200	17_EnhW2	57691
chr17	30302046	30302047	rs2521593	chr17	30242601	30243200	17_EnhW2	58847
chr17	30302086	30302087	rs2521594	chr17	30242601	30243200	17_EnhW2	58887
chr17	30302410	30302411	rs548957	chr17	30242601	30243200	17_EnhW2	59211
chr17	30303479	30303480	rs147986570	chr17	30242601	30243200	17_EnhW2	60280
chr17	30304316	30304317	rs75861674	chr17	30242601	30243200	17_EnhW2	61117
chr17	30304319	30304320	rs111760509	chr17	30242601	30243200	17_EnhW2	61120
chr17	30304679	30304680	rs2470237	chr17	30242601	30243200	17_EnhW2	61480
chr17	30304764	30304765	rs2428340	chr17	30242601	30243200	17_EnhW2	61565
chr17	30304939	30304940	rs2470236	chr17	30242601	30243200	17_EnhW2	61740
chr17	30306413	30306414	rs528537	chr17	30242601	30243200	17_EnhW2	63214
chr17	30307241	30307242	rs542244	chr17	30242601	30243200	17_EnhW2	64042
chr17	30307615	30307616	rs560601	chr17	30242601	30243200	17_EnhW2	64416
chr17	30307758	30307759	rs138571091	chr17	30242601	30243200	17_EnhW2	64559
chr17	30307957	30307958	rs563539	chr17	30242601	30243200	17_EnhW2	64758
chr17	30308547	30308548	rs575275	chr17	30242601	30243200	17_EnhW2	65348
chr17	30308644	30308645	rs486842	chr17	30242601	30243200	17_EnhW2	65445
chr17	30309040	30309041	rs484175	chr17	30242601	30243200	17_EnhW2	65841
chr17	30309319	30309320	rs486948	chr17	30242601	30243200	17_EnhW2	66120
chr17	30309449	30309450	rs494272	chr17	30242601	30243200	17_EnhW2	66250
chr17	30310464	30310465	rs200477098	chr17	30242601	30243200	17_EnhW2	67265
chr17	30311432	30311433	rs138884647	chr17	30242601	30243200	17_EnhW2	68233
chr17	30311491	30311492	rs521355	chr17	30242601	30243200	17_EnhW2	68292
chr17	30312364	30312365	rs473535	chr17	30242601	30243200	17_EnhW2	69165
chr17	30312464	30312465	rs474455	chr17	30242601	30243200	17_EnhW2	69265
chr17	30312818	30312819	rs4525554	chr17	30242601	30243200	17_EnhW2	69619
chr17	30312919	30312920	rs111574274	chr17	30242601	30243200	17_EnhW2	69720
chr17	30312950	30312951	rs183126617	chr17	30242601	30243200	17_EnhW2	69751
chr17	30314059	30314060	rs201309841	chr17	30242601	30243200	17_EnhW2	70860
chr17	30314081	30314082	rs139986249	chr17	30242601	30243200	17_EnhW2	70882
chr17	30314434	30314435	rs501773	chr17	30242601	30243200	17_EnhW2	71235
chr17	30314503	30314504	rs501957	chr17	30242601	30243200	17_EnhW2	71304
chr17	30314957	30314958	rs56315304	chr17	30242601	30243200	17_EnhW2	71758
chr17	30315146	30315147	rs508192	chr17	30242601	30243200	17_EnhW2	71947
chr17	30315286	30315287	rs530209	chr17	30242601	30243200	17_EnhW2	72087
chr17	30316118	30316119	rs72825712	chr17	30242601	30243200	17_EnhW2	72919
chr17	30316384	30316385	rs561341	chr17	30242601	30243200	17_EnhW2	73185
chr17	30316611	30316612	rs11343645	chr17	30242601	30243200	17_EnhW2	73412
chr17	30317006	30317007	rs3084095	chr17	30242601	30243200	17_EnhW2	73807
chr17	30317294	30317295	rs2428341	chr17	30242601	30243200	17_EnhW2	74095
chr17	30317349	30317350	rs2428342	chr17	30242601	30243200	17_EnhW2	74150
chr17	30317404	30317405	rs535151	chr17	30242601	30243200	17_EnhW2	74205
chr17	30317517	30317518	rs550213	chr17	30242601	30243200	17_EnhW2	74318
chr17	30317539	30317540	rs550264	chr17	30242601	30243200	17_EnhW2	74340
chr17	30317635	30317636	rs572285	chr17	30242601	30243200	17_EnhW2	74436
chr17	30317664	30317665	rs572386	chr17	30242601	30243200	17_EnhW2	74465
chr17	30318403	30318404	rs564714	chr17	30242601	30243200	17_EnhW2	75204
chr17	30319266	30319267	rs111454793	chr17	30242601	30243200	17_EnhW2	76067
chr17	30319812	30319813	rs113630418	chr17	30242601	30243200	17_EnhW2	76613
chr17	30320018	30320019	rs560132	chr17	30242601	30243200	17_EnhW2	76819
chr17	30320543	30320544	rs530715	chr17	30242601	30243200	17_EnhW2	77344
chr17	30321130	30321131	rs55701061	chr17	30242601	30243200	17_EnhW2	77931
chr17	30321292	30321293	rs527256	chr17	30242601	30243200	17_EnhW2	78093
chr17	30321566	30321567	rs1557731	chr17	30242601	30243200	17_EnhW2	78367
chr17	30321761	30321762	rs473356	chr17	30242601	30243200	17_EnhW2	78562
chr17	30322217	30322218	rs56985939	chr17	30242601	30243200	17_EnhW2	79018
chr17	30322879	30322880	rs504886	chr17	30242601	30243200	17_EnhW2	79680
chr17	30322880	30322881	rs504887	chr17	30242601	30243200	17_EnhW2	79681
chr17	30323322	30323323	rs576985	chr17	30242601	30243200	17_EnhW2	80123
chr17	30323413	30323414	rs510264	chr17	30242601	30243200	17_EnhW2	80214
chr17	30324292	30324293	rs546748	chr17	30242601	30243200	17_EnhW2	81093
chr17	30326359	30326360	rs15654	chr17	30407001	30407200	16_EnhW1	80642
chr17	30326826	30326827	rs537166	chr17	30407001	30407200	16_EnhW1	80175
chr17	30327012	30327013	rs550923	chr17	30407001	30407200	16_EnhW1	79989
chr17	30328604	30328605	rs497479	chr17	30407001	30407200	16_EnhW1	78397
chr17	30328703	30328704	rs498391	chr17	30407001	30407200	16_EnhW1	78298
chr17	30328762	30328763	rs111841813	chr17	30407001	30407200	16_EnhW1	78239
chr17	30329065	30329066	rs501312	chr17	30407001	30407200	16_EnhW1	77936
chr17	30329785	30329786	rs556774	chr17	30407001	30407200	16_EnhW1	77216
chr17	30329950	30329951	rs555718	chr17	30407001	30407200	16_EnhW1	77051
chr17	30330108	30330109	rs554078	chr17	30407001	30407200	16_EnhW1	76893
chr17	30330200	30330201	rs201159092	chr17	30407001	30407200	16_EnhW1	76801
chr17	30330285	30330286	rs72825736	chr17	30407001	30407200	16_EnhW1	76716
chr17	30330699	30330700	rs9903423	chr17	30407001	30407200	16_EnhW1	76302
chr17	30331750	30331751	rs8081016	chr17	30407001	30407200	16_EnhW1	75251
chr17	30332219	30332220	rs7214017	chr17	30407001	30407200	16_EnhW1	74782
chr17	30332286	30332287	rs112716417	chr17	30407001	30407200	16_EnhW1	74715
chr17	30333201	30333202	rs71852697	chr17	30407001	30407200	16_EnhW1	73800
chr17	30333847	30333848	rs55736640	chr17	30407001	30407200	16_EnhW1	73154
chr17	30335466	30335467	rs201969987	chr17	30407001	30407200	16_EnhW1	71535
chr17	30335780	30335781	rs68140514	chr17	30407001	30407200	16_EnhW1	71221
chr17	30338355	30338356	rs72825740	chr17	30407001	30407200	16_EnhW1	68646
chr17	30343145	30343146	rs17780080	chr17	30407001	30407200	16_EnhW1	63856
chr17	30343281	30343282	rs17780086	chr17	30407001	30407200	16_EnhW1	63720
chr17	30344580	30344581	rs6505274	chr17	30407001	30407200	16_EnhW1	62421
chr17	30347336	30347337	rs2076882	chr17	30407001	30407200	16_EnhW1	59665
chr17	30347396	30347397	rs2008368	chr17	30407001	30407200	16_EnhW1	59605
chr17	30347422	30347423	rs736678	chr17	30407001	30407200	16_EnhW1	59579
chr17	30353503	30353504	rs150090108	chr17	30407001	30407200	16_EnhW1	53498
chr17	30353827	30353828	rs8066884	chr17	30407001	30407200	16_EnhW1	53174
chr17	30354142	30354143	rs55729974	chr17	30407001	30407200	16_EnhW1	52859
chr17	30354348	30354349	rs143133717	chr17	30407001	30407200	16_EnhW1	52653
chr17	30361490	30361491	rs10543064	chr17	30407001	30407200	16_EnhW1	45511
chr17	30361628	30361629	rs8066156	chr17	30407001	30407200	16_EnhW1	45373
chr17	30364609	30364610	rs72825746	chr17	30407001	30407200	16_EnhW1	42392
chr17	30365690	30365691	rs112227105	chr17	30407001	30407200	16_EnhW1	41311
chr17	30366244	30366245	rs113930732	chr17	30407001	30407200	16_EnhW1	40757
chr17	30367189	30367190	rs28649357	chr17	30407001	30407200	16_EnhW1	39812
chr17	30367395	30367396	rs72825748	chr17	30407001	30407200	16_EnhW1	39606
chr17	30371089	30371090	rs375078349	chr17	30407001	30407200	16_EnhW1	35912
chr17	30375697	30375698	rs2957920	chr17	30407001	30407200	16_EnhW1	31304
chr17	30376460	30376461	rs373339302	chr17	30407001	30407200	16_EnhW1	30541
chr17	30376931	30376932	rs1843083	chr17	30407001	30407200	16_EnhW1	30070
chr17	30377161	30377162	rs16967101	chr17	30407001	30407200	16_EnhW1	29840
chr17	30379361	30379362	rs61143625	chr17	30407001	30407200	16_EnhW1	27640
chr17	30379664	30379665	rs58138615	chr17	30407001	30407200	16_EnhW1	27337
chr17	30379820	30379821	rs76456186	chr17	30407001	30407200	16_EnhW1	27181
chr17	30379988	30379989	rs11318580	chr17	30407001	30407200	16_EnhW1	27013
chr17	30380039	30380040	rs2627115	chr17	30407001	30407200	16_EnhW1	26962
chr17	30380380	30380381	rs17182434	chr17	30407001	30407200	16_EnhW1	26621
chr17	30381056	30381057	rs145518230	chr17	30407001	30407200	16_EnhW1	25945
chr17	30381171	30381172	rs112949826	chr17	30407001	30407200	16_EnhW1	25830
chr17	30382501	30382502	rs201069130	chr17	30407001	30407200	16_EnhW1	24500
chr17	30383001	30383002	rs9893342	chr17	30407001	30407200	16_EnhW1	24000
chr17	30384093	30384094	rs7225091	chr17	30407001	30407200	16_EnhW1	22908
chr17	30384836	30384837	rs201737886	chr17	30407001	30407200	16_EnhW1	22165
chr17	30385339	30385340	rs199658962	chr17	30407001	30407200	16_EnhW1	21662
chr17	30386844	30386845	rs28708703	chr17	30407001	30407200	16_EnhW1	20157
chr17	30389173	30389174	rs57244957	chr17	30407001	30407200	16_EnhW1	17828
chr17	30389661	30389662	rs9903408	chr17	30407001	30407200	16_EnhW1	17340
chr17	30392615	30392616	rs141452106	chr17	30407001	30407200	16_EnhW1	14386
chr17	30395633	30395634	rs118032208	chr17	30407001	30407200	16_EnhW1	11368
chr17	30396389	30396390	rs41290963	chr17	30407001	30407200	16_EnhW1	10612
chr17	30396696	30396697	rs138328653	chr17	30407001	30407200	16_EnhW1	10305
chr17	30398396	30398397	rs150576872	chr17	30407001	30407200	16_EnhW1	8605
chr17	30399978	30399979	rs41290965	chr17	30407001	30407200	16_EnhW1	7023
chr17	30400698	30400699	rs150081359	chr17	30407001	30407200	16_EnhW1	6303
chr17	30401303	30401304	rs144056477	chr17	30407001	30407200	16_EnhW1	5698
chr17	30401986	30401987	rs56393683	chr17	30407001	30407200	16_EnhW1	5015
chr17	30402095	30402096	rs7212282	chr17	30407001	30407200	16_EnhW1	4906
chr17	30402182	30402183	rs41290967	chr17	30407001	30407200	16_EnhW1	4819
chr17	30403851	30403852	rs141077831	chr17	30407001	30407200	16_EnhW1	3150
chr17	30404580	30404581	rs149300088	chr17	30407001	30407200	16_EnhW1	2421
chr17	30405856	30405857	rs151088031	chr17	30407001	30407200	16_EnhW1	1145
chr17	30406188	30406189	rs2344319	chr17	30407001	30407200	16_EnhW1	813
chr17	30406948	30406949	rs2470269	chr17	30407001	30407200	16_EnhW1	53
chr17	30407219	30407220	rs55886932	chr17	30407001	30407200	16_EnhW1	20
chr17	30407222	30407223	rs55696601	chr17	30407001	30407200	16_EnhW1	23
chr17	30407229	30407230	rs55882182	chr17	30407001	30407200	16_EnhW1	30
chr17	30407482	30407483	rs190720679	chr17	30407001	30407200	16_EnhW1	283
chr17	30408641	30408642	rs4037396	chr17	30407001	30407200	16_EnhW1	1442
chr17	30408986	30408987	rs41290970	chr17	30407001	30407200	16_EnhW1	1787
chr17	30410688	30410689	rs41291021	chr17	30411801	30413000	18_EnhAc	1113
chr17	30411039	30411040	rs41291030	chr17	30411801	30413000	18_EnhAc	762
chr17	30417184	30417185	rs150675721	chr17	30411801	30413000	18_EnhAc	4185
chr17	30419110	30419111	rs143778710	chr17	30411801	30413000	18_EnhAc	6111
chr17	30419959	30419960	rs371624457	chr17	30411801	30413000	18_EnhAc	6960
chr17	30420527	30420528	rs6505277	chr17	30411801	30413000	18_EnhAc	7528
chr17	30420785	30420786	rs147679017	chr17	30411801	30413000	18_EnhAc	7786
chr17	30423340	30423341	rs144556310	chr17	30430801	30431600	17_EnhW2	7461
chr17	42637053	42637054	rs3803869	chr17	42632801	42633200	16_EnhW1	3854
chr17	42637732	42637733	rs11373641	chr17	42632801	42633200	16_EnhW1	4533
chr17	42640670	42640671	rs8072850	chr17	42632801	42633200	16_EnhW1	7471
chr17	42642073	42642074	rs6503380	chr17	42632801	42633200	16_EnhW1	8874
chr17	42645016	42645017	rs4550510	chr17	42632801	42633200	16_EnhW1	11817
chr17	42645674	42645675	rs4371210	chr17	42632801	42633200	16_EnhW1	12475
chr17	42646691	42646692	rs12950500	chr17	42632801	42633200	16_EnhW1	13492
chr17	42647229	42647230	rs4793122	chr17	42632801	42633200	16_EnhW1	14030
chr17	42647426	42647427	rs4793124	chr17	42632801	42633200	16_EnhW1	14227
chr17	42647495	42647496	rs34408627	chr17	42632801	42633200	16_EnhW1	14296
chr17	42649344	42649345	rs35250453	chr17	42664601	42665000	17_EnhW2	15257
chr17	42649781	42649782	rs9897736	chr17	42664601	42665000	17_EnhW2	14820
chr17	42650059	42650060	rs11651286	chr17	42664601	42665000	17_EnhW2	14542
chr17	42650391	42650392	rs11656910	chr17	42664601	42665000	17_EnhW2	14210
chr17	42650483	42650484	rs11652397	chr17	42664601	42665000	17_EnhW2	14118
chr17	42650549	42650550	rs11656995	chr17	42664601	42665000	17_EnhW2	14052
chr17	42650554	42650555	rs11652432	chr17	42664601	42665000	17_EnhW2	14047
chr17	42650568	42650569	rs11657000	chr17	42664601	42665000	17_EnhW2	14033
chr17	42650932	42650933	rs4793125	chr17	42664601	42665000	17_EnhW2	13669
chr17	42651087	42651088	rs4793126	chr17	42664601	42665000	17_EnhW2	13514
chr17	42651186	42651187	rs4793127	chr17	42664601	42665000	17_EnhW2	13415
chr17	42651612	42651613	rs56042110	chr17	42664601	42665000	17_EnhW2	12989
chr17	42651659	42651660	rs7220174	chr17	42664601	42665000	17_EnhW2	12942
chr17	42651750	42651751	rs7220354	chr17	42664601	42665000	17_EnhW2	12851
chr17	42651919	42651920	rs7219468	chr17	42664601	42665000	17_EnhW2	12682
chr17	42651945	42651946	rs7219484	chr17	42664601	42665000	17_EnhW2	12656
chr17	42652037	42652038	rs7220825	chr17	42664601	42665000	17_EnhW2	12564
chr17	42652858	42652859	rs7211318	chr17	42664601	42665000	17_EnhW2	11743
chr17	42653834	42653835	rs9901466	chr17	42664601	42665000	17_EnhW2	10767
chr17	42654385	42654386	rs12453209	chr17	42664601	42665000	17_EnhW2	10216
chr17	42655012	42655013	rs55831631	chr17	42664601	42665000	17_EnhW2	9589
chr17	42655050	42655051	rs4792951	chr17	42664601	42665000	17_EnhW2	9551
chr17	42655742	42655743	rs11654001	chr17	42664601	42665000	17_EnhW2	8859
chr17	42655911	42655912	rs9916469	chr17	42664601	42665000	17_EnhW2	8690
chr17	42655968	42655969	rs9895744	chr17	42664601	42665000	17_EnhW2	8633
chr17	42656171	42656172	rs8079937	chr17	42664601	42665000	17_EnhW2	8430
chr17	42656208	42656209	rs8073530	chr17	42664601	42665000	17_EnhW2	8393
chr17	42656383	42656384	rs8074867	chr17	42664601	42665000	17_EnhW2	8218
chr17	42656760	42656761	rs9910962	chr17	42664601	42665000	17_EnhW2	7841
chr17	42657322	42657323	rs6503386	chr17	42664601	42665000	17_EnhW2	7279
chr17	42657559	42657560	rs4793130	chr17	42664601	42665000	17_EnhW2	7042
chr17	42657652	42657653	rs4793132	chr17	42664601	42665000	17_EnhW2	6949
chr17	42659187	42659188	rs9897509	chr17	42664601	42665000	17_EnhW2	5414
chr17	42659400	42659401	rs9903517	chr17	42664601	42665000	17_EnhW2	5201
chr17	42659497	42659498	rs57805006	chr17	42664601	42665000	17_EnhW2	5104
chr17	42659499	42659500	rs59262535	chr17	42664601	42665000	17_EnhW2	5102
chr17	42659656	42659657	rs9912442	chr17	42664601	42665000	17_EnhW2	4945
chr17	42659876	42659877	rs6503387	chr17	42664601	42665000	17_EnhW2	4725
chr17	42660461	42660462	rs6503388	chr17	42664601	42665000	17_EnhW2	4140
chr17	42660709	42660710	rs9912018	chr17	42664601	42665000	17_EnhW2	3892
chr17	42660953	42660954	rs8082621	chr17	42664601	42665000	17_EnhW2	3648
chr17	42660956	42660957	rs6503389	chr17	42664601	42665000	17_EnhW2	3645
chr17	42661214	42661215	rs8082186	chr17	42664601	42665000	17_EnhW2	3387
chr17	42884956	42884957	rs17683692	chr17	42873601	42873800	17_EnhW2	11157
chr17	42885465	42885466	rs17745948	chr17	42873601	42873800	17_EnhW2	11666
chr17	42886458	42886459	rs368554866	chr17	42873601	42873800	17_EnhW2	12659
chr17	42895708	42895709	rs73307255	chr17	42908401	42908800	13_EnhA1	12693
chr17	42896369	42896370	rs142119207	chr17	42908401	42908800	13_EnhA1	12032
chr17	42901536	42901537	rs147577293	chr17	42908401	42908800	13_EnhA1	6865
chr17	42901883	42901884	rs113882147	chr17	42908401	42908800	13_EnhA1	6518
chr17	42902242	42902243	rs145057247	chr17	42908401	42908800	13_EnhA1	6159
chr17	42903043	42903044	rs113630349	chr17	42908401	42908800	13_EnhA1	5358
chr17	42903794	42903795	rs137912621	chr17	42908401	42908800	13_EnhA1	4607
chr17	42918965	42918966	rs17544947	chr17	42919401	42920000	17_EnhW2	436
chr17	42923806	42923807	rs75042717	chr17	42922001	42922400	17_EnhW2	1407
chr17	42929984	42929985	rs73984100	chr17	42925601	42926000	17_EnhW2	3985
chr17	42932192	42932193	rs8067689	chr17	42925601	42926000	17_EnhW2	6193
chr17	42935320	42935321	rs9898671	chr17	42925601	42926000	17_EnhW2	9321
chr17	42937748	42937749	rs9903106	chr17	42925601	42926000	17_EnhW2	11749
chr17	42939629	42939630	rs113633016	chr17	42925601	42926000	17_EnhW2	13630
chr17	42944339	42944340	rs9908369	chr17	42925601	42926000	17_EnhW2	18340
chr17	42947313	42947314	rs7216587	chr17	42925601	42926000	17_EnhW2	21314
chr17	42947700	42947701	rs11299650	chr17	42925601	42926000	17_EnhW2	21701
chr17	42953757	42953758	rs7226037	chr17	42977601	42978000	16_EnhW1	23844
chr17	42959804	42959805	rs112357792	chr17	42977601	42978000	16_EnhW1	17797
chr17	42968005	42968006	rs201346729	chr17	42977601	42978000	16_EnhW1	9596
chr17	42972489	42972490	rs139046216	chr17	42977601	42978000	16_EnhW1	5112
chr17	42976204	42976205	rs8080642	chr17	42977601	42978000	16_EnhW1	1397
chr17	42976935	42976936	rs17628574	chr17	42977601	42978000	16_EnhW1	666
chr17	42977635	42977636	rs28534461	chr17	42977601	42978000	16_EnhW1	0
chr17	42979025	42979026	rs74349463	chr17	42977601	42978000	16_EnhW1	1026
chr17	42979155	42979156	rs11079382	chr17	42977601	42978000	16_EnhW1	1156
chr17	42985868	42985869	rs28688440	chr17	42983401	42984000	17_EnhW2	1869
chr17	42986285	42986286	rs370961818	chr17	42983401	42984000	17_EnhW2	2286
chr17	42987522	42987523	rs9908084	chr17	42983401	42984000	17_EnhW2	3523
chr17	42989651	42989652	rs112074706	chr17	42983401	42984000	17_EnhW2	5652
chr17	42992193	42992194	rs141641392	chr17	42997601	42997800	16_EnhW1	5408
chr17	42992251	42992252	rs76566528	chr17	42997601	42997800	16_EnhW1	5350
chr17	42994793	42994794	rs72828815	chr17	42997601	42997800	16_EnhW1	2808
chr17	42995094	42995095	rs17546654	chr17	42997601	42997800	16_EnhW1	2507
chr17	42998841	42998842	rs74854014	chr17	42997801	42998800	17_EnhW2	42
chr17	42999701	42999702	rs76238604	chr17	42997801	42998800	17_EnhW2	902
chr17	43002703	43002704	rs111305569	chr17	42997801	42998800	17_EnhW2	3904
chr17	43008118	43008119	rs76771822	chr17	42997801	42998800	17_EnhW2	9319
chr17	43008904	43008905	rs7218001	chr17	42997801	42998800	17_EnhW2	10105
chr17	43011907	43011908	rs755547	chr17	42997801	42998800	17_EnhW2	13108
chr17	43024775	43024776	rs56986638	chr17	43025801	43026000	16_EnhW1	1026
chr17	43025647	43025648	rs7222424	chr17	43025801	43026000	16_EnhW1	154
chr17	43027534	43027535	rs112451491	chr17	43025801	43026000	16_EnhW1	1535
chr17	43027712	43027713	rs9674520	chr17	43025801	43026000	16_EnhW1	1713
chr17	43028618	43028619	rs8068006	chr17	43025801	43026000	16_EnhW1	2619
chr17	43029055	43029056	rs8067539	chr17	43025801	43026000	16_EnhW1	3056
chr17	43029157	43029158	rs8067703	chr17	43025801	43026000	16_EnhW1	3158
chr17	43030143	43030144	rs10675814	chr17	43025801	43026000	16_EnhW1	4144
chr17	43031405	43031406	rs375611290	chr17	43025801	43026000	16_EnhW1	5406
chr17	43032556	43032557	rs75498163	chr17	43025801	43026000	16_EnhW1	6557
chr17	43033224	43033225	rs8073976	chr17	43039601	43039800	17_EnhW2	6377
chr17	43033546	43033547	rs76233903	chr17	43039601	43039800	17_EnhW2	6055
chr17	43036000	43036001	rs112791476	chr17	43039601	43039800	17_EnhW2	3601
chr17	43039644	43039645	rs3024294	chr17	43039601	43039800	17_EnhW2	0
chr17	43101280	43101281	rs7225735	chr17	43099801	43100200	17_EnhW2	1081
chr17	43101381	43101382	rs7225329	chr17	43099801	43100200	17_EnhW2	1182
chr17	43102285	43102286	rs730953	chr17	43099801	43100200	17_EnhW2	2086
chr17	43102587	43102588	rs708381	chr17	43099801	43100200	17_EnhW2	2388
chr17	43104468	43104469	rs62065786	chr17	43099801	43100200	17_EnhW2	4269
chr17	43105630	43105631	rs62065787	chr17	43099801	43100200	17_EnhW2	5431
chr17	43106843	43106844	rs4413004	chr17	43099801	43100200	17_EnhW2	6644
chr17	43108704	43108705	rs7216522	chr17	43099801	43100200	17_EnhW2	8505
chr17	43110124	43110125	rs146184102	chr17	43117801	43118200	17_EnhW2	7677
chr17	43111153	43111154	rs10451271	chr17	43117801	43118200	17_EnhW2	6648
chr17	43112821	43112822	rs10714830	chr17	43117801	43118200	17_EnhW2	4980
chr17	43115600	43115601	rs7220106	chr17	43117801	43118200	17_EnhW2	2201
chr17	43119786	43119787	rs60246838	chr17	43120801	43121400	17_EnhW2	1015
chr17	43120993	43120994	rs8071302	chr17	43120801	43121400	17_EnhW2	0
chr17	43121076	43121077	rs4793179	chr17	43120801	43121400	17_EnhW2	0
chr17	43121489	43121490	rs4792966	chr17	43120801	43121400	17_EnhW2	90
chr17	43121501	43121502	rs4792967	chr17	43120801	43121400	17_EnhW2	102
chr17	43122015	43122016	rs4793181	chr17	43120801	43121400	17_EnhW2	616
chr17	43122163	43122164	rs11650033	chr17	43120801	43121400	17_EnhW2	764
chr17	43122793	43122794	rs55838522	chr17	43120801	43121400	17_EnhW2	1394
chr17	43123624	43123625	rs59246405	chr17	43120801	43121400	17_EnhW2	2225
chr17	43127707	43127708	rs12950988	chr17	43120801	43121400	17_EnhW2	6308
chr17	43127714	43127715	rs4793173	chr17	43120801	43121400	17_EnhW2	6315
chr17	43128905	43128906	rs8071429	chr17	43120801	43121400	17_EnhW2	7506
chr17	43130623	43130624	rs149053776	chr17	43120801	43121400	17_EnhW2	9224
chr17	43131479	43131480	rs4793172	chr17	43120801	43121400	17_EnhW2	10080
chr17	43132718	43132719	rs12602966	chr17	43120801	43121400	17_EnhW2	11319
chr17	43133626	43133627	rs12601574	chr17	43120801	43121400	17_EnhW2	12227
chr17	43133627	43133628	rs12601576	chr17	43120801	43121400	17_EnhW2	12228
chr17	43134623	43134624	rs9748204	chr17	43120801	43121400	17_EnhW2	13224
chr17	43135448	43135449	rs62065829	chr17	43120801	43121400	17_EnhW2	14049
chr17	43136302	43136303	rs55897749	chr17	43120801	43121400	17_EnhW2	14903
chr17	43137769	43137770	rs6503412	chr17	43120801	43121400	17_EnhW2	16370
chr17	43141341	43141342	rs6503413	chr17	43120801	43121400	17_EnhW2	19942
chr17	43141633	43141634	rs6503415	chr17	43120801	43121400	17_EnhW2	20234
chr17	43141965	43141966	rs4525538	chr17	43120801	43121400	17_EnhW2	20566
chr17	43144194	43144195	rs6503416	chr17	43120801	43121400	17_EnhW2	22795
chr17	43144210	43144211	rs71136067	chr17	43120801	43121400	17_EnhW2	22811
chr17	43144217	43144218	rs6503417	chr17	43120801	43121400	17_EnhW2	22818
chr17	43149987	43149988	rs6503419	chr17	43120801	43121400	17_EnhW2	28588
chr17	43150241	43150242	rs7225240	chr17	43120801	43121400	17_EnhW2	28842
chr17	43151399	43151400	rs2157839	chr17	43120801	43121400	17_EnhW2	30000
chr17	43151472	43151473	rs2157840	chr17	43120801	43121400	17_EnhW2	30073
chr17	43152674	43152675	rs7502890	chr17	43120801	43121400	17_EnhW2	31275
chr17	43152718	43152719	rs6503420	chr17	43120801	43121400	17_EnhW2	31319
chr17	43152876	43152877	rs4793169	chr17	43120801	43121400	17_EnhW2	31477
chr17	43153005	43153006	rs8074938	chr17	43120801	43121400	17_EnhW2	31606
chr17	43155913	43155914	rs7213273	chr17	43188401	43188600	15_EnhAF	32488
chr17	43156022	43156023	rs59695806	chr17	43188401	43188600	15_EnhAF	32379
chr17	43156134	43156135	rs56360935	chr17	43188401	43188600	15_EnhAF	32267
chr17	43156715	43156716	rs6503421	chr17	43188401	43188600	15_EnhAF	31686
chr17	43157091	43157092	rs8066411	chr17	43188401	43188600	15_EnhAF	31310
chr17	43157328	43157329	rs7215357	chr17	43188401	43188600	15_EnhAF	31073
chr17	43157708	43157709	rs7214267	chr17	43188401	43188600	15_EnhAF	30693
chr17	43158673	43158674	rs916660	chr17	43188401	43188600	15_EnhAF	29728
chr17	43160547	43160548	rs35173750	chr17	43188401	43188600	15_EnhAF	27854
chr17	43160702	43160703	rs34363198	chr17	43188401	43188600	15_EnhAF	27699
chr17	43161104	43161105	rs2106354	chr17	43188401	43188600	15_EnhAF	27297
chr17	43161113	43161114	rs2027994	chr17	43188401	43188600	15_EnhAF	27288
chr17	43161352	43161353	rs2027995	chr17	43188401	43188600	15_EnhAF	27049
chr17	43162775	43162776	rs17746351	chr17	43188401	43188600	15_EnhAF	25626
chr17	43163755	43163756	rs6416904	chr17	43188401	43188600	15_EnhAF	24646
chr17	43163850	43163851	rs6503422	chr17	43188401	43188600	15_EnhAF	24551
chr17	43164245	43164246	rs1005136	chr17	43188401	43188600	15_EnhAF	24156
chr17	43165184	43165185	rs2239916	chr17	43188401	43188600	15_EnhAF	23217
chr17	43165383	43165384	rs875750	chr17	43188401	43188600	15_EnhAF	23018
chr17	43165886	43165887	rs2239917	chr17	43188401	43188600	15_EnhAF	22515
chr17	43166449	43166450	rs7502512	chr17	43188401	43188600	15_EnhAF	21952
chr17	43167156	43167157	rs28570440	chr17	43188401	43188600	15_EnhAF	21245
chr17	43167765	43167766	rs140393825	chr17	43188401	43188600	15_EnhAF	20636
chr17	43169108	43169109	rs2239918	chr17	43188401	43188600	15_EnhAF	19293
chr17	43169391	43169392	rs2239919	chr17	43188401	43188600	15_EnhAF	19010
chr17	43169764	43169765	rs11355950	chr17	43188401	43188600	15_EnhAF	18637
chr17	43170421	43170422	rs2239920	chr17	43188401	43188600	15_EnhAF	17980
chr17	43172477	43172478	rs199785233	chr17	43188401	43188600	15_EnhAF	15924
chr17	43172848	43172849	rs11871043	chr17	43188401	43188600	15_EnhAF	15553
chr17	43173130	43173131	rs9899380	chr17	43188401	43188600	15_EnhAF	15271
chr17	43173272	43173273	rs2301597	chr17	43188401	43188600	15_EnhAF	15129
chr17	43175161	43175162	rs1468120	chr17	43188401	43188600	15_EnhAF	13240
chr17	43176631	43176632	rs877598	chr17	43188401	43188600	15_EnhAF	11770
chr17	43176803	43176804	rs2239923	chr17	43188401	43188600	15_EnhAF	11598
chr17	43177950	43177951	rs12936234	chr17	43188401	43188600	15_EnhAF	10451
chr17	43183027	43183028	rs1053733	chr17	43188401	43188600	15_EnhAF	5374
chr17	43183107	43183108	rs1053739	chr17	43188401	43188600	15_EnhAF	5294
chr17	43185819	43185820	rs2239925	chr17	43188401	43188600	15_EnhAF	2582
chr17	43187140	43187141	rs17684944	chr17	43188401	43188600	15_EnhAF	1261
chr17	43188116	43188117	rs12948326	chr17	43188401	43188600	15_EnhAF	285
chr17	43191098	43191099	rs2864881	chr17	43192001	43192200	17_EnhW2	903
chr17	43250932	43250933	rs7405669	chr17	43250601	43250800	15_EnhAF	133
chr17	43263773	43263774	rs77045387	chr17	43261401	43261800	17_EnhW2	1974
chr17	43272552	43272553	rs201114344	chr17	43274401	43274800	17_EnhW2	1849
chr17	43273991	43273992	rs62066707	chr17	43274401	43274800	17_EnhW2	410
chr17	43275948	43275949	rs112297877	chr17	43274801	43275000	16_EnhW1	949
chr17	43278575	43278576	rs72832877	chr17	43274801	43275000	16_EnhW1	3576
chr17	43283507	43283508	rs12453617	chr17	43274801	43275000	16_EnhW1	8508
chr17	43460180	43460181	rs62064594	chr17	43462601	43463000	16_EnhW1	2421
chr17	43460373	43460374	rs62064595	chr17	43462601	43463000	16_EnhW1	2228
chr17	43460890	43460891	rs61572747	chr17	43462601	43463000	16_EnhW1	1711
chr17	43463492	43463493	rs79724577	chr17	43462601	43463000	16_EnhW1	493
chr17	43471488	43471489	rs4763	chr17	43472201	43472400	16_EnhW1	713
chr17	43473306	43473307	rs62064597	chr17	43472601	43473000	16_EnhW1	307
chr17	43474667	43474668	rs62064598	chr17	43472601	43473000	16_EnhW1	1668
chr17	43475928	43475929	rs2028078	chr17	43472601	43473000	16_EnhW1	2929
chr17	43476806	43476807	rs56220387	chr17	43472601	43473000	16_EnhW1	3807
chr17	43479747	43479748	rs55793500	chr17	43482001	43482400	17_EnhW2	2254
chr17	43480700	43480701	rs62064600	chr17	43482001	43482400	17_EnhW2	1301
chr17	43483550	43483551	rs56236914	chr17	43483801	43484600	17_EnhW2	251
chr17	43484495	43484496	rs62064603	chr17	43483801	43484600	17_EnhW2	0
chr17	43484597	43484598	rs73984391	chr17	43483801	43484600	17_EnhW2	0
chr17	43484902	43484903	rs1808189	chr17	43483801	43484600	17_EnhW2	303
chr17	43485550	43485551	rs62064637	chr17	43483801	43484600	17_EnhW2	951
chr17	43487216	43487217	rs36078910	chr17	43487601	43488200	16_EnhW1	385
chr17	43487423	43487424	rs35389313	chr17	43487601	43488200	16_EnhW1	178
chr17	43487573	43487574	rs35327136	chr17	43487601	43488200	16_EnhW1	28
chr17	43488381	43488382	rs8071011	chr17	43488201	43488600	17_EnhW2	0
chr17	43488791	43488792	rs62064641	chr17	43488201	43488600	17_EnhW2	192
chr17	43490852	43490853	rs62064643	chr17	43493001	43493200	17_EnhW2	2149
chr17	43491002	43491003	rs34063617	chr17	43493001	43493200	17_EnhW2	1999
chr17	43492356	43492357	rs12940792	chr17	43493001	43493200	17_EnhW2	645
chr17	43493100	43493101	rs12947718	chr17	43493001	43493200	17_EnhW2	0
chr17	43493409	43493410	rs369762169	chr17	43493001	43493200	17_EnhW2	210
chr17	43493503	43493504	rs71373560	chr17	43493001	43493200	17_EnhW2	304
chr17	43493559	43493560	rs34915103	chr17	43493001	43493200	17_EnhW2	360
chr17	43493834	43493835	rs12942951	chr17	43493001	43493200	17_EnhW2	635
chr17	43495118	43495119	rs34796153	chr17	43493001	43493200	17_EnhW2	1919
chr17	43495215	43495216	rs35884427	chr17	43493001	43493200	17_EnhW2	2016
chr17	43495419	43495420	rs12936645	chr17	43493001	43493200	17_EnhW2	2220
chr17	43495851	43495852	rs34286926	chr17	43493001	43493200	17_EnhW2	2652
chr17	43496464	43496465	rs56378631	chr17	43493001	43493200	17_EnhW2	3265
chr17	43496827	43496828	rs12946723	chr17	43493001	43493200	17_EnhW2	3628
chr17	43497209	43497210	rs12952764	chr17	43493001	43493200	17_EnhW2	4010
chr17	43498179	43498180	rs35420583	chr17	43501601	43502000	17_EnhW2	3422
chr17	43498180	43498181	rs34792542	chr17	43501601	43502000	17_EnhW2	3421
chr17	43499327	43499328	rs35519908	chr17	43501601	43502000	17_EnhW2	2274
chr17	43499838	43499839	rs12942666	chr17	43501601	43502000	17_EnhW2	1763
chr17	43500476	43500477	rs62064645	chr17	43501601	43502000	17_EnhW2	1125
chr17	43500586	43500587	rs62064646	chr17	43501601	43502000	17_EnhW2	1015
chr17	43500620	43500621	rs62064647	chr17	43501601	43502000	17_EnhW2	981
chr17	43501441	43501442	rs7222389	chr17	43501601	43502000	17_EnhW2	160
chr17	43501590	43501591	rs55648326	chr17	43501601	43502000	17_EnhW2	11
chr17	43501939	43501940	rs56212100	chr17	43501601	43502000	17_EnhW2	0
chr17	43502043	43502044	rs55874939	chr17	43501601	43502000	17_EnhW2	44
chr17	43502110	43502111	rs62064649	chr17	43501601	43502000	17_EnhW2	111
chr17	43502240	43502241	rs35626715	chr17	43501601	43502000	17_EnhW2	241
chr17	43503283	43503284	rs76344126	chr17	43503201	43503400	16_EnhW1	0
chr17	43503293	43503294	rs7209501	chr17	43503201	43503400	16_EnhW1	0
chr17	43504524	43504525	rs199883901	chr17	43503201	43503400	16_EnhW1	1125
chr17	43507296	43507297	rs12949256	chr17	43503201	43503400	16_EnhW1	3897
chr17	43507402	43507403	rs7220206	chr17	43503201	43503400	16_EnhW1	4003
chr17	43507648	43507649	rs7222444	chr17	43503201	43503400	16_EnhW1	4249
chr17	43508222	43508223	rs12939187	chr17	43503201	43503400	16_EnhW1	4823
chr17	43508302	43508303	rs34018943	chr17	43503201	43503400	16_EnhW1	4903
chr17	43508615	43508616	rs34104358	chr17	43513601	43513800	17_EnhW2	4986
chr17	43509309	43509310	rs62064652	chr17	43513601	43513800	17_EnhW2	4292
chr17	43509315	43509316	rs62064653	chr17	43513601	43513800	17_EnhW2	4286
chr17	43509777	43509778	rs56020833	chr17	43513601	43513800	17_EnhW2	3824
chr17	43510186	43510187	rs55642947	chr17	43513601	43513800	17_EnhW2	3415
chr17	43511434	43511435	rs34465449	chr17	43513601	43513800	17_EnhW2	2167
chr17	43512205	43512206	rs12946900	chr17	43513601	43513800	17_EnhW2	1396
chr17	43512317	43512318	rs56168933	chr17	43513601	43513800	17_EnhW2	1284
chr17	43512438	43512439	rs55790407	chr17	43513601	43513800	17_EnhW2	1163
chr17	43513440	43513441	rs11012	chr17	43513601	43513800	17_EnhW2	161
chr17	43513550	43513551	rs9730	chr17	43513601	43513800	17_EnhW2	51
chr17	43513895	43513896	rs62064654	chr17	43513601	43513800	17_EnhW2	96
chr17	43514953	43514954	rs62064655	chr17	43514601	43515400	17_EnhW2	0
chr17	43515845	43515846	rs34363898	chr17	43514601	43515400	17_EnhW2	446
chr17	43515884	43515885	rs36114997	chr17	43514601	43515400	17_EnhW2	485
chr17	43515926	43515927	rs35354512	chr17	43514601	43515400	17_EnhW2	527
chr17	43516401	43516402	rs17631303	chr17	43517201	43518400	17_EnhW2	800
chr17	43517053	43517054	rs62064657	chr17	43517201	43518400	17_EnhW2	148
chr17	43517251	43517252	rs35489312	chr17	43517201	43518400	17_EnhW2	0
chr17	43519563	43519564	rs34887474	chr17	43517201	43518400	17_EnhW2	1164
chr17	43520117	43520118	rs2684641	chr17	43517201	43518400	17_EnhW2	1718
chr17	43520271	43520272	rs141943637	chr17	43517201	43518400	17_EnhW2	1872
chr17	43520674	43520675	rs370245477	chr17	43517201	43518400	17_EnhW2	2275
chr17	43521160	43521161	rs62065376	chr17	43517201	43518400	17_EnhW2	2761
chr17	43521192	43521193	rs117793085	chr17	43517201	43518400	17_EnhW2	2793
chr17	43522360	43522361	rs62065378	chr17	43517201	43518400	17_EnhW2	3961
chr17	43523384	43523385	rs55668920	chr17	43517201	43518400	17_EnhW2	4985
chr17	43524525	43524526	rs113575082	chr17	43517201	43518400	17_EnhW2	6126
chr17	43525021	43525022	rs71373572	chr17	43517201	43518400	17_EnhW2	6622
chr17	43525165	43525166	rs67636342	chr17	43517201	43518400	17_EnhW2	6766
chr17	43525179	43525180	rs373607110	chr17	43517201	43518400	17_EnhW2	6780
chr17	43525345	43525346	rs67974075	chr17	43517201	43518400	17_EnhW2	6946
chr17	43525364	43525365	rs62065379	chr17	43517201	43518400	17_EnhW2	6965
chr17	43527024	43527025	rs62065380	chr17	43517201	43518400	17_EnhW2	8625
chr17	43527322	43527323	rs112538459	chr17	43517201	43518400	17_EnhW2	8923
chr17	43529292	43529293	rs2077606	chr17	43539401	43539600	17_EnhW2	10109
chr17	43529686	43529687	rs1079434	chr17	43539401	43539600	17_EnhW2	9715
chr17	43529768	43529769	rs1079432	chr17	43539401	43539600	17_EnhW2	9633
chr17	43531925	43531926	rs112257723	chr17	43539401	43539600	17_EnhW2	7476
chr17	43532803	43532804	rs374201867	chr17	43539401	43539600	17_EnhW2	6598
chr17	43534352	43534353	rs2960000	chr17	43539401	43539600	17_EnhW2	5049
chr17	43534693	43534694	rs62065385	chr17	43539401	43539600	17_EnhW2	4708
chr17	43536407	43536408	rs55703888	chr17	43539401	43539600	17_EnhW2	2994
chr17	43536742	43536743	rs56005713	chr17	43539401	43539600	17_EnhW2	2659
chr17	43536969	43536970	rs56314414	chr17	43539401	43539600	17_EnhW2	2432
chr17	43537710	43537711	rs368067814	chr17	43539401	43539600	17_EnhW2	1691
chr17	43538522	43538523	rs111423688	chr17	43539401	43539600	17_EnhW2	879
chr17	43538806	43538807	rs62065389	chr17	43539401	43539600	17_EnhW2	595
chr17	43538990	43538991	rs142488006	chr17	43539401	43539600	17_EnhW2	411
chr17	43538992	43538993	rs145932064	chr17	43539401	43539600	17_EnhW2	409
chr17	43539034	43539035	rs71369809	chr17	43539401	43539600	17_EnhW2	367
chr17	43539436	43539437	rs117169618	chr17	43539401	43539600	17_EnhW2	0
chr17	43539722	43539723	rs148807263	chr17	43539401	43539600	17_EnhW2	123
chr17	43539967	43539968	rs77099723	chr17	43539401	43539600	17_EnhW2	368
chr17	43540272	43540273	rs62065394	chr17	43539401	43539600	17_EnhW2	673
chr17	43540471	43540472	rs148269941	chr17	43539401	43539600	17_EnhW2	872
chr17	43540731	43540732	rs145328646	chr17	43539401	43539600	17_EnhW2	1132
chr17	43541626	43541627	rs2139890	chr17	43539401	43539600	17_EnhW2	2027
chr17	43541655	43541656	rs3946526	chr17	43539401	43539600	17_EnhW2	2056
chr17	43542036	43542037	rs145553563	chr17	43539401	43539600	17_EnhW2	2437
chr17	43543063	43543064	rs4792857	chr17	43539401	43539600	17_EnhW2	3464
chr17	43543082	43543083	rs77319632	chr17	43539401	43539600	17_EnhW2	3483
chr17	43543206	43543207	rs62065396	chr17	43539401	43539600	17_EnhW2	3607
chr17	43544205	43544206	rs56227760	chr17	43539401	43539600	17_EnhW2	4606
chr17	43544378	43544379	rs55663797	chr17	43539401	43539600	17_EnhW2	4779
chr17	43545892	43545893	rs1879581	chr17	43539401	43539600	17_EnhW2	6293
chr17	43546056	43546057	rs62065399	chr17	43539401	43539600	17_EnhW2	6457
chr17	43548320	43548321	rs55930887	chr17	43539401	43539600	17_EnhW2	8721
chr17	43548423	43548424	rs55671319	chr17	43539401	43539600	17_EnhW2	8824
chr17	43548480	43548481	rs55652155	chr17	43539401	43539600	17_EnhW2	8881
chr17	43549525	43549526	rs17631676	chr17	43539401	43539600	17_EnhW2	9926
chr17	43549607	43549608	rs149366495	chr17	43539401	43539600	17_EnhW2	10008
chr17	43550106	43550107	rs2090847	chr17	43539401	43539600	17_EnhW2	10507
chr17	43551082	43551083	rs55746869	chr17	43539401	43539600	17_EnhW2	11483
chr17	43551150	43551151	rs12950965	chr17	43539401	43539600	17_EnhW2	11551
chr17	43551320	43551321	rs56015792	chr17	43539401	43539600	17_EnhW2	11721
chr17	43551522	43551523	rs62065403	chr17	43539401	43539600	17_EnhW2	11923
chr17	43551545	43551546	rs77132763	chr17	43539401	43539600	17_EnhW2	11946
chr17	43551612	43551613	rs62065404	chr17	43539401	43539600	17_EnhW2	12013
chr17	43552536	43552537	rs71238846	chr17	43539401	43539600	17_EnhW2	12937
chr17	43552716	43552717	rs147243132	chr17	43539401	43539600	17_EnhW2	13117
chr17	43552811	43552812	rs71227520	chr17	43539401	43539600	17_EnhW2	13212
chr17	43552920	43552921	rs12452273	chr17	43539401	43539600	17_EnhW2	13321
chr17	43553495	43553496	rs67051615	chr17	43539401	43539600	17_EnhW2	13896
chr17	43553563	43553564	rs370357825	chr17	43539401	43539600	17_EnhW2	13964
chr17	43553580	43553581	rs555123328	chr17	43539401	43539600	17_EnhW2	13981
chr17	43555252	43555253	rs56192752	chr17	43539401	43539600	17_EnhW2	15653
chr17	43556651	43556652	rs62065436	chr17	43539401	43539600	17_EnhW2	17052
chr17	43556806	43556807	rs55925547	chr17	43539401	43539600	17_EnhW2	17207
chr17	43556861	43556862	rs56159231	chr17	43539401	43539600	17_EnhW2	17262
chr17	43556981	43556982	rs55643511	chr17	43539401	43539600	17_EnhW2	17382
chr17	43557611	43557612	rs62065437	chr17	43539401	43539600	17_EnhW2	18012
chr17	43558091	43558092	rs62065438	chr17	43539401	43539600	17_EnhW2	18492
chr17	43563092	43563093	rs62065441	chr17	43585601	43586000	17_EnhW2	22509
chr17	43563303	43563304	rs112275793	chr17	43585601	43586000	17_EnhW2	22298
chr17	43563304	43563305	rs112995489	chr17	43585601	43586000	17_EnhW2	22297
chr17	43563348	43563349	rs111960572	chr17	43585601	43586000	17_EnhW2	22253
chr17	43563605	43563606	rs142925250	chr17	43585601	43586000	17_EnhW2	21996
chr17	43563893	43563894	rs62065442	chr17	43585601	43586000	17_EnhW2	21708
chr17	43564221	43564222	rs144733372	chr17	43585601	43586000	17_EnhW2	21380
chr17	43564356	43564357	rs148532951	chr17	43585601	43586000	17_EnhW2	21245
chr17	43565598	43565599	rs62065444	chr17	43585601	43586000	17_EnhW2	20003
chr17	43565689	43565690	rs10432034	chr17	43585601	43586000	17_EnhW2	19912
chr17	43565839	43565840	rs62065445	chr17	43585601	43586000	17_EnhW2	19762
chr17	43566930	43566931	rs117416586	chr17	43585601	43586000	17_EnhW2	18671
chr17	43567174	43567175	rs1879585	chr17	43585601	43586000	17_EnhW2	18427
chr17	43567336	43567337	rs1879586	chr17	43585601	43586000	17_EnhW2	18265
chr17	43568927	43568928	rs111392251	chr17	43585601	43586000	17_EnhW2	16674
chr17	43569000	43569001	rs67553647	chr17	43585601	43586000	17_EnhW2	16601
chr17	43569082	43569083	rs62065447	chr17	43585601	43586000	17_EnhW2	16519
chr17	43569244	43569245	rs113322852	chr17	43585601	43586000	17_EnhW2	16357
chr17	43569769	43569770	rs147866440	chr17	43585601	43586000	17_EnhW2	15832
chr17	43569908	43569909	rs146746174	chr17	43585601	43586000	17_EnhW2	15693
chr17	43570406	43570407	rs62065450	chr17	43585601	43586000	17_EnhW2	15195
chr17	43570679	43570680	rs1879582	chr17	43585601	43586000	17_EnhW2	14922
chr17	43570892	43570893	rs1879583	chr17	43585601	43586000	17_EnhW2	14709
chr17	43572418	43572419	rs56328224	chr17	43585601	43586000	17_EnhW2	13183
chr17	43572895	43572896	rs5026246	chr17	43585601	43586000	17_EnhW2	12706
chr17	43573060	43573061	rs62065452	chr17	43585601	43586000	17_EnhW2	12541
chr17	43573230	43573231	rs2903705	chr17	43585601	43586000	17_EnhW2	12371
chr17	43573418	43573419	rs62065453	chr17	43585601	43586000	17_EnhW2	12183
chr17	43573648	43573649	rs188710438	chr17	43585601	43586000	17_EnhW2	11953
chr17	43574015	43574016	rs117590192	chr17	43585601	43586000	17_EnhW2	11586
chr17	43574228	43574229	rs189777036	chr17	43585601	43586000	17_EnhW2	11373
chr17	43574610	43574611	rs377004743	chr17	43585601	43586000	17_EnhW2	10991
chr17	43574934	43574935	rs62066460	chr17	43585601	43586000	17_EnhW2	10667
chr17	43575945	43575946	rs112556326	chr17	43585601	43586000	17_EnhW2	9656
chr17	43576045	43576046	rs200133133	chr17	43585601	43586000	17_EnhW2	9556
chr17	43579175	43579176	rs374106232	chr17	43585601	43586000	17_EnhW2	6426
chr17	43654467	43654468	rs62064364	chr17	43585601	43586000	17_EnhW2	68468
chr17	43657392	43657393	rs2693362	chr17	43726201	43727000	17_EnhW2	68809
chr17	43661750	43661751	rs2693359	chr17	43726201	43727000	17_EnhW2	64451
chr17	43663246	43663247	rs1724390	chr17	43726201	43727000	17_EnhW2	62955
chr17	43664230	43664231	rs28428892	chr17	43726201	43727000	17_EnhW2	61971
chr17	43665089	43665090	rs568986330	chr17	43726201	43727000	17_EnhW2	61112
chr17	43666000	43666001	rs369572480	chr17	43726201	43727000	17_EnhW2	60201
chr17	43666001	43666002	rs367637729	chr17	43726201	43727000	17_EnhW2	60200
chr17	43666491	43666492	rs112010353	chr17	43726201	43727000	17_EnhW2	59710
chr17	43667412	43667413	rs376183404	chr17	43726201	43727000	17_EnhW2	58789
chr17	43669490	43669491	rs112327620	chr17	43726201	43727000	17_EnhW2	56711
chr17	43669799	43669800	rs369043198	chr17	43726201	43727000	17_EnhW2	56402
chr17	43670336	43670337	rs144755808	chr17	43726201	43727000	17_EnhW2	55865
chr17	43671470	43671471	rs140012394	chr17	43726201	43727000	17_EnhW2	54731
chr17	43671521	43671522	rs145472926	chr17	43726201	43727000	17_EnhW2	54680
chr17	43672117	43672118	rs376389482	chr17	43726201	43727000	17_EnhW2	54084
chr17	43675430	43675431	rs374316043	chr17	43726201	43727000	17_EnhW2	50771
chr17	43680849	43680850	rs369209138	chr17	43726201	43727000	17_EnhW2	45352
chr17	43681164	43681165	rs537920412	chr17	43726201	43727000	17_EnhW2	45037
chr17	43681737	43681738	rs113311910	chr17	43726201	43727000	17_EnhW2	44464
chr17	43683391	43683392	rs451737	chr17	43726201	43727000	17_EnhW2	42810
chr17	43683596	43683597	rs4528616	chr17	43726201	43727000	17_EnhW2	42605
chr17	43683610	43683611	rs4471725	chr17	43726201	43727000	17_EnhW2	42591
chr17	43683626	43683627	rs4485406	chr17	43726201	43727000	17_EnhW2	42575
chr17	43683791	43683792	rs201658835	chr17	43726201	43727000	17_EnhW2	42410
chr17	43684208	43684209	rs1635285	chr17	43726201	43727000	17_EnhW2	41993
chr17	43684562	43684563	rs2906009	chr17	43726201	43727000	17_EnhW2	41639
chr17	43684919	43684920	rs2906007	chr17	43726201	43727000	17_EnhW2	41282
chr17	43685020	43685021	rs2906006	chr17	43726201	43727000	17_EnhW2	41181
chr17	43685697	43685698	rs444967	chr17	43726201	43727000	17_EnhW2	40504
chr17	43685706	43685707	rs430688	chr17	43726201	43727000	17_EnhW2	40495
chr17	43685825	43685826	rs413519	chr17	43726201	43727000	17_EnhW2	40376
chr17	43686418	43686419	rs385199	chr17	43726201	43727000	17_EnhW2	39783
chr17	43686419	43686420	rs440778	chr17	43726201	43727000	17_EnhW2	39782
chr17	43687071	43687072	rs2949997	chr17	43726201	43727000	17_EnhW2	39130
chr17	43687267	43687268	rs391338	chr17	43726201	43727000	17_EnhW2	38934
chr17	43687392	43687393	rs411305	chr17	43726201	43727000	17_EnhW2	38809
chr17	43687541	43687542	rs378392	chr17	43726201	43727000	17_EnhW2	38660
chr17	43688248	43688249	rs62066085	chr17	43726201	43727000	17_EnhW2	37953
chr17	43688386	43688387	rs62066086	chr17	43726201	43727000	17_EnhW2	37815
chr17	43688904	43688905	rs28795799	chr17	43726201	43727000	17_EnhW2	37297
chr17	43689089	43689090	rs56340658	chr17	43726201	43727000	17_EnhW2	37112
chr17	43690467	43690468	rs148537841	chr17	43726201	43727000	17_EnhW2	35734
chr17	43690636	43690637	rs147670174	chr17	43726201	43727000	17_EnhW2	35565
chr17	43691172	43691173	rs376775643	chr17	43726201	43727000	17_EnhW2	35029
chr17	43692337	43692338	rs2668709	chr17	43726201	43727000	17_EnhW2	33864
chr17	43692934	43692935	rs611351	chr17	43726201	43727000	17_EnhW2	33267
chr17	43695262	43695263	rs112997627	chr17	43726201	43727000	17_EnhW2	30939
chr17	43696836	43696837	rs199505547	chr17	43726201	43727000	17_EnhW2	29365
chr17	43696919	43696920	rs143345034	chr17	43726201	43727000	17_EnhW2	29282
chr17	43698898	43698899	rs184745911	chr17	43726201	43727000	17_EnhW2	27303
chr17	43700575	43700576	rs200392399	chr17	43726201	43727000	17_EnhW2	25626
chr17	43702295	43702296	rs192252295	chr17	43726201	43727000	17_EnhW2	23906
chr17	43702700	43702701	rs62066125	chr17	43726201	43727000	17_EnhW2	23501
chr17	43703554	43703555	rs392116	chr17	43726201	43727000	17_EnhW2	22647
chr17	43704030	43704031	rs385383	chr17	43726201	43727000	17_EnhW2	22171
chr17	43704418	43704419	rs372526058	chr17	43726201	43727000	17_EnhW2	21783
chr17	43704490	43704491	rs375424530	chr17	43726201	43727000	17_EnhW2	21711
chr17	43705355	43705356	rs383241	chr17	43726201	43727000	17_EnhW2	20846
chr17	43705517	43705518	rs376120	chr17	43726201	43727000	17_EnhW2	20684
chr17	43705600	43705601	rs365825	chr17	43726201	43727000	17_EnhW2	20601
chr17	43705755	43705756	rs393838	chr17	43726201	43727000	17_EnhW2	20446
chr17	43707618	43707619	rs681485	chr17	43726201	43727000	17_EnhW2	18583
chr17	43707619	43707620	rs594591	chr17	43726201	43727000	17_EnhW2	18582
chr17	43707847	43707848	rs593720	chr17	43726201	43727000	17_EnhW2	18354
chr17	43707950	43707951	rs444071	chr17	43726201	43727000	17_EnhW2	18251
chr17	43707954	43707955	rs396593	chr17	43726201	43727000	17_EnhW2	18247
chr17	43708414	43708415	rs67379001	chr17	43726201	43727000	17_EnhW2	17787
chr17	43708417	43708418	rs368673667	chr17	43726201	43727000	17_EnhW2	17784
chr17	43709224	43709225	rs450237	chr17	43726201	43727000	17_EnhW2	16977
chr17	43709414	43709415	rs436667	chr17	43726201	43727000	17_EnhW2	16787
chr17	43709866	43709867	rs650927	chr17	43726201	43727000	17_EnhW2	16335
chr17	43709892	43709893	rs671740	chr17	43726201	43727000	17_EnhW2	16309
chr17	43710126	43710127	rs81632	chr17	43726201	43727000	17_EnhW2	16075
chr17	43710370	43710371	rs16940633	chr17	43726201	43727000	17_EnhW2	15831
chr17	43710383	43710384	rs17686610	chr17	43726201	43727000	17_EnhW2	15818
chr17	43710832	43710833	rs1635303	chr17	43726201	43727000	17_EnhW2	15369
chr17	43711311	43711312	rs2942170	chr17	43726201	43727000	17_EnhW2	14890
chr17	43711538	43711539	rs2942169	chr17	43726201	43727000	17_EnhW2	14663
chr17	43712336	43712337	rs241045	chr17	43726201	43727000	17_EnhW2	13865
chr17	43712463	43712464	rs241044	chr17	43726201	43727000	17_EnhW2	13738
chr17	43712656	43712657	rs241042	chr17	43726201	43727000	17_EnhW2	13545
chr17	43713924	43713925	rs241041	chr17	43726201	43727000	17_EnhW2	12277
chr17	43714672	43714673	rs241039	chr17	43726201	43727000	17_EnhW2	11529
chr17	43714849	43714850	rs2942168	chr17	43726201	43727000	17_EnhW2	11352
chr17	43715017	43715018	rs2942167	chr17	43726201	43727000	17_EnhW2	11184
chr17	43715426	43715427	rs2942166	chr17	43726201	43727000	17_EnhW2	10775
chr17	43715618	43715619	rs2942165	chr17	43726201	43727000	17_EnhW2	10583
chr17	43715923	43715924	rs117368197	chr17	43726201	43727000	17_EnhW2	10278
chr17	43716228	43716229	rs372494195	chr17	43726201	43727000	17_EnhW2	9973
chr17	43716233	43716234	rs187569028	chr17	43726201	43727000	17_EnhW2	9968
chr17	43716238	43716239	rs190958065	chr17	43726201	43727000	17_EnhW2	9963
chr17	43716243	43716244	rs182784716	chr17	43726201	43727000	17_EnhW2	9958
chr17	43716884	43716885	rs413778	chr17	43726201	43727000	17_EnhW2	9317
chr17	43717130	43717131	rs389217	chr17	43726201	43727000	17_EnhW2	9071
chr17	43717414	43717415	rs389978	chr17	43726201	43727000	17_EnhW2	8787
chr17	43717802	43717803	rs439558	chr17	43726201	43727000	17_EnhW2	8399
chr17	43718335	43718336	rs434805	chr17	43726201	43727000	17_EnhW2	7866
chr17	43719142	43719143	rs393152	chr17	43726201	43727000	17_EnhW2	7059
chr17	43719828	43719829	rs3108318	chr17	43726201	43727000	17_EnhW2	6373
chr17	43719869	43719870	rs3108317	chr17	43726201	43727000	17_EnhW2	6332
chr17	43721282	43721283	rs2942164	chr17	43726201	43727000	17_EnhW2	4919
chr17	43721456	43721457	rs1706746	chr17	43726201	43727000	17_EnhW2	4745
chr17	43722508	43722509	rs1706748	chr17	43726201	43727000	17_EnhW2	3693
chr17	43723188	43723189	rs413917	chr17	43726201	43727000	17_EnhW2	3013
chr17	43723461	43723462	rs3418	chr17	43726201	43727000	17_EnhW2	2740
chr17	43723604	43723605	rs393675	chr17	43726201	43727000	17_EnhW2	2597
chr17	43724244	43724245	rs669915	chr17	43726201	43727000	17_EnhW2	1957
chr17	43724554	43724555	rs449501	chr17	43726201	43727000	17_EnhW2	1647
chr17	43725211	43725212	rs448830	chr17	43726201	43727000	17_EnhW2	990
chr17	43725683	43725684	rs434428	chr17	43726201	43727000	17_EnhW2	518
chr17	43725761	43725762	rs434598	chr17	43726201	43727000	17_EnhW2	440
chr17	43725991	43725992	rs434971	chr17	43726201	43727000	17_EnhW2	210
chr17	43726124	43726125	rs385691	chr17	43726201	43727000	17_EnhW2	77
chr17	43726573	43726574	rs455028	chr17	43726201	43727000	17_EnhW2	0
chr17	43726587	43726588	rs366858	chr17	43726201	43727000	17_EnhW2	0
chr17	43726658	43726659	rs439945	chr17	43726201	43727000	17_EnhW2	0
chr17	43727060	43727061	rs453997	chr17	43726201	43727000	17_EnhW2	61
chr17	43727886	43727887	rs424243	chr17	43726201	43727000	17_EnhW2	887
chr17	43728136	43728137	rs422112	chr17	43726201	43727000	17_EnhW2	1137
chr17	43728375	43728376	rs417968	chr17	43726201	43727000	17_EnhW2	1376
chr17	43729383	43729384	rs413844	chr17	43726201	43727000	17_EnhW2	2384
chr17	43729431	43729432	rs647483	chr17	43726201	43727000	17_EnhW2	2432
chr17	43730597	43730598	rs241038	chr17	43726201	43727000	17_EnhW2	3598
chr17	43730635	43730636	rs241037	chr17	43726201	43727000	17_EnhW2	3636
chr17	43731718	43731719	rs241036	chr17	43726201	43727000	17_EnhW2	4719
chr17	43731895	43731896	rs241035	chr17	43726201	43727000	17_EnhW2	4896
chr17	43732779	43732780	rs11276875	chr17	43726201	43727000	17_EnhW2	5780
chr17	43733047	43733048	rs241034	chr17	43726201	43727000	17_EnhW2	6048
chr17	43733982	43733983	rs241033	chr17	43726201	43727000	17_EnhW2	6983
chr17	43734144	43734145	rs241032	chr17	43726201	43727000	17_EnhW2	7145
chr17	43734303	43734304	rs241031	chr17	43726201	43727000	17_EnhW2	7304
chr17	43734502	43734503	rs241030	chr17	43726201	43727000	17_EnhW2	7503
chr17	43734642	43734643	rs241029	chr17	43726201	43727000	17_EnhW2	7643
chr17	43735275	43735276	rs241028	chr17	43726201	43727000	17_EnhW2	8276
chr17	43735477	43735478	rs241027	chr17	43726201	43727000	17_EnhW2	8478
chr17	43735554	43735555	rs241026	chr17	43726201	43727000	17_EnhW2	8555
chr17	43736503	43736504	rs241025	chr17	43726201	43727000	17_EnhW2	9504
chr17	43736762	43736763	rs241024	chr17	43726201	43727000	17_EnhW2	9763
chr17	43737039	43737040	rs241023	chr17	43726201	43727000	17_EnhW2	10040
chr17	43737729	43737730	rs241022	chr17	43726201	43727000	17_EnhW2	10730
chr17	43738626	43738627	rs241021	chr17	43726201	43727000	17_EnhW2	11627
chr17	43738675	43738676	rs241020	chr17	43726201	43727000	17_EnhW2	11676
chr17	43740564	43740565	rs1724409	chr17	43726201	43727000	17_EnhW2	13565
chr17	43740855	43740856	rs62053939	chr17	43726201	43727000	17_EnhW2	13856
chr17	43740966	43740967	rs111273167	chr17	43726201	43727000	17_EnhW2	13967
chr17	43741027	43741028	rs62053940	chr17	43726201	43727000	17_EnhW2	14028
chr17	43741135	43741136	rs55688739	chr17	43726201	43727000	17_EnhW2	14136
chr17	43741451	43741452	rs17760577	chr17	43726201	43727000	17_EnhW2	14452
chr17	43743044	43743045	rs17760631	chr17	43726201	43727000	17_EnhW2	16045
chr17	43744202	43744203	rs62053943	chr17	43726201	43727000	17_EnhW2	17203
chr17	43744343	43744344	rs1635298	chr17	43726201	43727000	17_EnhW2	17344
chr17	43744989	43744990	rs17687462	chr17	43726201	43727000	17_EnhW2	17990
chr17	43746275	43746276	rs17760733	chr17	43726201	43727000	17_EnhW2	19276
chr17	43746417	43746418	rs79675109	chr17	43726201	43727000	17_EnhW2	19418
chr17	43746609	43746610	rs142642115	chr17	43726201	43727000	17_EnhW2	19610
chr17	43746720	43746721	rs17687504	chr17	43726201	43727000	17_EnhW2	19721
chr17	43746838	43746839	rs62053945	chr17	43726201	43727000	17_EnhW2	19839
chr17	43747614	43747615	rs1724407	chr17	43726201	43727000	17_EnhW2	20615
chr17	43747676	43747677	rs62053946	chr17	43726201	43727000	17_EnhW2	20677
chr17	43747682	43747683	rs62053947	chr17	43726201	43727000	17_EnhW2	20683
chr17	43748045	43748046	rs62053948	chr17	43726201	43727000	17_EnhW2	21046
chr17	43748100	43748101	rs62053949	chr17	43726201	43727000	17_EnhW2	21101
chr17	43748411	43748412	rs62053950	chr17	43726201	43727000	17_EnhW2	21412
chr17	43749167	43749168	rs62053951	chr17	43726201	43727000	17_EnhW2	22168
chr17	43749260	43749261	rs62053952	chr17	43726201	43727000	17_EnhW2	22261
chr17	43749453	43749454	rs62053953	chr17	43726201	43727000	17_EnhW2	22454
chr17	43749578	43749579	rs17687534	chr17	43726201	43727000	17_EnhW2	22579
chr17	43749941	43749942	rs1631850	chr17	43726201	43727000	17_EnhW2	22942
chr17	43749948	43749949	rs62053954	chr17	43726201	43727000	17_EnhW2	22949
chr17	43749979	43749980	rs62053955	chr17	43726201	43727000	17_EnhW2	22980
chr17	43750009	43750010	rs17687571	chr17	43726201	43727000	17_EnhW2	23010
chr17	43750136	43750137	rs17760817	chr17	43726201	43727000	17_EnhW2	23137
chr17	43750171	43750172	rs1630095	chr17	43726201	43727000	17_EnhW2	23172
chr17	43750237	43750238	rs17687625	chr17	43726201	43727000	17_EnhW2	23238
chr17	43750314	43750315	rs62053956	chr17	43726201	43727000	17_EnhW2	23315
chr17	43750909	43750910	rs4792824	chr17	43726201	43727000	17_EnhW2	23910
chr17	43750920	43750921	rs1635293	chr17	43726201	43727000	17_EnhW2	23921
chr17	43750938	43750939	rs62053957	chr17	43726201	43727000	17_EnhW2	23939
chr17	43751100	43751101	rs112637166	chr17	43726201	43727000	17_EnhW2	24101
chr17	43751222	43751223	rs62053958	chr17	43726201	43727000	17_EnhW2	24223
chr17	43751245	43751246	rs62053959	chr17	43726201	43727000	17_EnhW2	24246
chr17	43751307	43751308	rs62055660	chr17	43726201	43727000	17_EnhW2	24308
chr17	43751426	43751427	rs113486004	chr17	43726201	43727000	17_EnhW2	24427
chr17	43751912	43751913	rs1635291	chr17	43726201	43727000	17_EnhW2	24913
chr17	43752038	43752039	rs62055661	chr17	43726201	43727000	17_EnhW2	25039
chr17	43752077	43752078	rs113155081	chr17	43726201	43727000	17_EnhW2	25078
chr17	43752565	43752566	rs62055662	chr17	43726201	43727000	17_EnhW2	25566
chr17	43753453	43753454	rs62055663	chr17	43726201	43727000	17_EnhW2	26454
chr17	43753641	43753642	rs62055664	chr17	43726201	43727000	17_EnhW2	26642
chr17	43754009	43754010	rs76717812	chr17	43780801	43781000	17_EnhW2	26792
chr17	43754098	43754099	rs17687667	chr17	43780801	43781000	17_EnhW2	26703
chr17	43754208	43754209	rs79073784	chr17	43780801	43781000	17_EnhW2	26593
chr17	43754504	43754505	rs62055665	chr17	43780801	43781000	17_EnhW2	26297
chr17	43754568	43754569	rs62055689	chr17	43780801	43781000	17_EnhW2	26233
chr17	43754575	43754576	rs62055690	chr17	43780801	43781000	17_EnhW2	26226
chr17	43754849	43754850	rs62055691	chr17	43780801	43781000	17_EnhW2	25952
chr17	43754908	43754909	rs62055692	chr17	43780801	43781000	17_EnhW2	25893
chr17	43754913	43754914	rs1724402	chr17	43780801	43781000	17_EnhW2	25888
chr17	43755856	43755857	rs1724401	chr17	43780801	43781000	17_EnhW2	24945
chr17	43755870	43755871	rs1724400	chr17	43780801	43781000	17_EnhW2	24931
chr17	43756339	43756340	rs74398257	chr17	43780801	43781000	17_EnhW2	24462
chr17	43756375	43756376	rs17687740	chr17	43780801	43781000	17_EnhW2	24426
chr17	43756457	43756458	rs872972	chr17	43780801	43781000	17_EnhW2	24344
chr17	43756465	43756466	rs757503	chr17	43780801	43781000	17_EnhW2	24336
chr17	43756505	43756506	rs757502	chr17	43780801	43781000	17_EnhW2	24296
chr17	43756684	43756685	rs757501	chr17	43780801	43781000	17_EnhW2	24117
chr17	43756832	43756833	rs757500	chr17	43780801	43781000	17_EnhW2	23969
chr17	43756909	43756910	rs62055693	chr17	43780801	43781000	17_EnhW2	23892
chr17	43756968	43756969	rs1635288	chr17	43780801	43781000	17_EnhW2	23833
chr17	43757160	43757161	rs78487840	chr17	43780801	43781000	17_EnhW2	23641
chr17	43757449	43757450	rs55974014	chr17	43780801	43781000	17_EnhW2	23352
chr17	43758010	43758011	rs55651627	chr17	43780801	43781000	17_EnhW2	22791
chr17	43758077	43758078	rs112155389	chr17	43780801	43781000	17_EnhW2	22724
chr17	43758124	43758125	rs62055696	chr17	43780801	43781000	17_EnhW2	22677
chr17	43758147	43758148	rs62055697	chr17	43780801	43781000	17_EnhW2	22654
chr17	43758237	43758238	rs62055698	chr17	43780801	43781000	17_EnhW2	22564
chr17	43758381	43758382	rs17761046	chr17	43780801	43781000	17_EnhW2	22420
chr17	43758741	43758742	rs62055700	chr17	43780801	43781000	17_EnhW2	22060
chr17	43758786	43758787	rs62055701	chr17	43780801	43781000	17_EnhW2	22015
chr17	43758789	43758790	rs62055702	chr17	43780801	43781000	17_EnhW2	22012
chr17	43758884	43758885	rs112431991	chr17	43780801	43781000	17_EnhW2	21917
chr17	43758886	43758887	rs76539714	chr17	43780801	43781000	17_EnhW2	21915
chr17	43758897	43758898	rs57222984	chr17	43780801	43781000	17_EnhW2	21904
chr17	43759047	43759048	rs17687838	chr17	43780801	43781000	17_EnhW2	21754
chr17	43759425	43759426	rs76333921	chr17	43780801	43781000	17_EnhW2	21376
chr17	43759430	43759431	rs76453925	chr17	43780801	43781000	17_EnhW2	21371
chr17	43759718	43759719	rs17687849	chr17	43780801	43781000	17_EnhW2	21083
chr17	43760079	43760080	rs56400821	chr17	43780801	43781000	17_EnhW2	20722
chr17	43760191	43760192	rs112169475	chr17	43780801	43781000	17_EnhW2	20610
chr17	43760198	43760199	rs113728380	chr17	43780801	43781000	17_EnhW2	20603
chr17	43760388	43760389	rs17761100	chr17	43780801	43781000	17_EnhW2	20413
chr17	43760515	43760516	rs17761124	chr17	43780801	43781000	17_EnhW2	20286
chr17	43760576	43760577	rs62055704	chr17	43780801	43781000	17_EnhW2	20225
chr17	43760598	43760599	rs62055705	chr17	43780801	43781000	17_EnhW2	20203
chr17	43760684	43760685	rs62055706	chr17	43780801	43781000	17_EnhW2	20117
chr17	43761380	43761381	rs75115093	chr17	43780801	43781000	17_EnhW2	19421
chr17	43761481	43761482	rs62055707	chr17	43780801	43781000	17_EnhW2	19320
chr17	43761518	43761519	rs16941035	chr17	43780801	43781000	17_EnhW2	19283
chr17	43761564	43761565	rs16941038	chr17	43780801	43781000	17_EnhW2	19237
chr17	43761855	43761856	rs2049515	chr17	43780801	43781000	17_EnhW2	18946
chr17	43761938	43761939	rs2158474	chr17	43780801	43781000	17_EnhW2	18863
chr17	43761973	43761974	rs62055708	chr17	43780801	43781000	17_EnhW2	18828
chr17	43762254	43762255	rs17761207	chr17	43780801	43781000	17_EnhW2	18547
chr17	43762428	43762429	rs62055709	chr17	43780801	43781000	17_EnhW2	18373
chr17	43762536	43762537	rs62055710	chr17	43780801	43781000	17_EnhW2	18265
chr17	43762553	43762554	rs62055711	chr17	43780801	43781000	17_EnhW2	18248
chr17	43762593	43762594	rs17688002	chr17	43780801	43781000	17_EnhW2	18208
chr17	43762845	43762846	rs2040846	chr17	43780801	43781000	17_EnhW2	17956
chr17	43763006	43763007	rs4486953	chr17	43780801	43781000	17_EnhW2	17795
chr17	43763201	43763202	rs17688032	chr17	43780801	43781000	17_EnhW2	17600
chr17	43763240	43763241	rs17688056	chr17	43780801	43781000	17_EnhW2	17561
chr17	43763934	43763935	rs17688068	chr17	43780801	43781000	17_EnhW2	16867
chr17	43764026	43764027	rs199798669	chr17	43780801	43781000	17_EnhW2	16775
chr17	43764377	43764378	rs77220413	chr17	43780801	43781000	17_EnhW2	16424
chr17	43764564	43764565	rs62055712	chr17	43780801	43781000	17_EnhW2	16237
chr17	43764684	43764685	rs62055713	chr17	43780801	43781000	17_EnhW2	16117
chr17	43764795	43764796	rs62055714	chr17	43780801	43781000	17_EnhW2	16006
chr17	43764846	43764847	rs62055715	chr17	43780801	43781000	17_EnhW2	15955
chr17	43764986	43764987	rs17688090	chr17	43780801	43781000	17_EnhW2	15815
chr17	43765079	43765080	rs17688126	chr17	43780801	43781000	17_EnhW2	15722
chr17	43765380	43765381	rs77310586	chr17	43780801	43781000	17_EnhW2	15421
chr17	43765449	43765450	rs17761387	chr17	43780801	43781000	17_EnhW2	15352
chr17	43765777	43765778	rs62055716	chr17	43780801	43781000	17_EnhW2	15024
chr17	43765880	43765881	rs6503443	chr17	43780801	43781000	17_EnhW2	14921
chr17	43766351	43766352	rs17688205	chr17	43780801	43781000	17_EnhW2	14450
chr17	43766414	43766415	rs62055717	chr17	43780801	43781000	17_EnhW2	14387
chr17	43766417	43766418	rs62055718	chr17	43780801	43781000	17_EnhW2	14384
chr17	43766753	43766754	rs17688249	chr17	43780801	43781000	17_EnhW2	14048
chr17	43767187	43767188	rs2040845	chr17	43780801	43781000	17_EnhW2	13614
chr17	43767218	43767219	rs2040844	chr17	43780801	43781000	17_EnhW2	13583
chr17	43767537	43767538	rs62055751	chr17	43780801	43781000	17_EnhW2	13264
chr17	43767627	43767628	rs62055752	chr17	43780801	43781000	17_EnhW2	13174
chr17	43767630	43767631	rs62055753	chr17	43780801	43781000	17_EnhW2	13171
chr17	43767772	43767773	rs7215239	chr17	43780801	43781000	17_EnhW2	13029
chr17	43767814	43767815	rs17688296	chr17	43780801	43781000	17_EnhW2	12987
chr17	43768229	43768230	rs62055754	chr17	43780801	43781000	17_EnhW2	12572
chr17	43768345	43768346	rs78471340	chr17	43780801	43781000	17_EnhW2	12456
chr17	43768346	43768347	rs78052495	chr17	43780801	43781000	17_EnhW2	12455
chr17	43768466	43768467	rs56100013	chr17	43780801	43781000	17_EnhW2	12335
chr17	43768495	43768496	rs55980621	chr17	43780801	43781000	17_EnhW2	12306
chr17	43768500	43768501	rs55669046	chr17	43780801	43781000	17_EnhW2	12301
chr17	43768632	43768633	rs56323832	chr17	43780801	43781000	17_EnhW2	12169
chr17	43768702	43768703	rs55972157	chr17	43780801	43781000	17_EnhW2	12099
chr17	43768726	43768727	rs56110538	chr17	43780801	43781000	17_EnhW2	12075
chr17	43769087	43769088	rs17761581	chr17	43780801	43781000	17_EnhW2	11714
chr17	43769276	43769277	rs55840731	chr17	43780801	43781000	17_EnhW2	11525
chr17	43769320	43769321	rs56283089	chr17	43780801	43781000	17_EnhW2	11481
chr17	43769515	43769516	rs56312737	chr17	43780801	43781000	17_EnhW2	11286
chr17	43770415	43770416	rs74765707	chr17	43780801	43781000	17_EnhW2	10386
chr17	43770442	43770443	rs62056861	chr17	43780801	43781000	17_EnhW2	10359
chr17	43770524	43770525	rs62056862	chr17	43780801	43781000	17_EnhW2	10277
chr17	43770594	43770595	rs62056863	chr17	43780801	43781000	17_EnhW2	10207
chr17	43770711	43770712	rs7207373	chr17	43780801	43781000	17_EnhW2	10090
chr17	43770994	43770995	rs62056864	chr17	43780801	43781000	17_EnhW2	9807
chr17	43771192	43771193	rs62056865	chr17	43780801	43781000	17_EnhW2	9609
chr17	43771492	43771493	rs62056866	chr17	43780801	43781000	17_EnhW2	9309
chr17	43771626	43771627	rs62056867	chr17	43780801	43781000	17_EnhW2	9175
chr17	43772017	43772018	rs56200760	chr17	43780801	43781000	17_EnhW2	8784
chr17	43772108	43772109	rs17688391	chr17	43780801	43781000	17_EnhW2	8693
chr17	43772250	43772251	rs17688410	chr17	43780801	43781000	17_EnhW2	8551
chr17	43772406	43772407	rs55927630	chr17	43780801	43781000	17_EnhW2	8395
chr17	43772539	43772540	rs17688434	chr17	43780801	43781000	17_EnhW2	8262
chr17	43773084	43773085	rs17688452	chr17	43780801	43781000	17_EnhW2	7717
chr17	43773123	43773124	rs10491144	chr17	43780801	43781000	17_EnhW2	7678
chr17	43773247	43773248	rs10491143	chr17	43780801	43781000	17_EnhW2	7554
chr17	43773446	43773447	rs62056869	chr17	43780801	43781000	17_EnhW2	7355
chr17	43773524	43773525	rs200714673	chr17	43780801	43781000	17_EnhW2	7277
chr17	43773606	43773607	rs17688511	chr17	43780801	43781000	17_EnhW2	7195
chr17	43773783	43773784	rs62056870	chr17	43780801	43781000	17_EnhW2	7018
chr17	43773876	43773877	rs17688534	chr17	43780801	43781000	17_EnhW2	6925
chr17	43773942	43773943	rs17688558	chr17	43780801	43781000	17_EnhW2	6859
chr17	43774407	43774408	rs201825478	chr17	43780801	43781000	17_EnhW2	6394
chr17	43774496	43774497	rs56162163	chr17	43780801	43781000	17_EnhW2	6305
chr17	43774844	43774845	rs56391096	chr17	43780801	43781000	17_EnhW2	5957
chr17	43774958	43774959	rs17761838	chr17	43780801	43781000	17_EnhW2	5843
chr17	43775014	43775015	rs62056872	chr17	43780801	43781000	17_EnhW2	5787
chr17	43775144	43775145	rs12150141	chr17	43780801	43781000	17_EnhW2	5657
chr17	43775401	43775402	rs12150608	chr17	43780801	43781000	17_EnhW2	5400
chr17	43775478	43775479	rs12150610	chr17	43780801	43781000	17_EnhW2	5323
chr17	43775545	43775546	rs12150547	chr17	43780801	43781000	17_EnhW2	5256
chr17	43775928	43775929	rs17688682	chr17	43780801	43781000	17_EnhW2	4873
chr17	43776060	43776061	rs12150454	chr17	43780801	43781000	17_EnhW2	4741
chr17	43776241	43776242	rs12150091	chr17	43780801	43781000	17_EnhW2	4560
chr17	43776370	43776371	rs12150464	chr17	43780801	43781000	17_EnhW2	4431
chr17	43776390	43776391	rs12150435	chr17	43780801	43781000	17_EnhW2	4411
chr17	43776424	43776425	rs112972619	chr17	43780801	43781000	17_EnhW2	4377
chr17	43776740	43776741	rs76761706	chr17	43780801	43781000	17_EnhW2	4061
chr17	43776741	43776742	rs80143279	chr17	43780801	43781000	17_EnhW2	4060
chr17	43776786	43776787	rs17761985	chr17	43780801	43781000	17_EnhW2	4015
chr17	43776944	43776945	rs62056873	chr17	43780801	43781000	17_EnhW2	3857
chr17	43777541	43777542	rs17688767	chr17	43780801	43781000	17_EnhW2	3260
chr17	43777577	43777578	rs62056874	chr17	43780801	43781000	17_EnhW2	3224
chr17	43777709	43777710	rs17688773	chr17	43780801	43781000	17_EnhW2	3092
chr17	43777956	43777957	rs140500355	chr17	43780801	43781000	17_EnhW2	2845
chr17	43778002	43778003	rs62056875	chr17	43780801	43781000	17_EnhW2	2799
chr17	43778405	43778406	rs17688875	chr17	43780801	43781000	17_EnhW2	2396
chr17	43778601	43778602	rs17762165	chr17	43780801	43781000	17_EnhW2	2200
chr17	43778679	43778680	rs17688916	chr17	43780801	43781000	17_EnhW2	2122
chr17	43778751	43778752	rs62056876	chr17	43780801	43781000	17_EnhW2	2050
chr17	43778827	43778828	rs62056877	chr17	43780801	43781000	17_EnhW2	1974
chr17	43779350	43779351	rs17688922	chr17	43780801	43781000	17_EnhW2	1451
chr17	43779418	43779419	rs17688944	chr17	43780801	43781000	17_EnhW2	1383
chr17	43779623	43779624	rs1526128	chr17	43780801	43781000	17_EnhW2	1178
chr17	43779656	43779657	rs1526129	chr17	43780801	43781000	17_EnhW2	1145
chr17	43780560	43780561	rs62056878	chr17	43780801	43781000	17_EnhW2	241
chr17	43780947	43780948	rs17762308	chr17	43780801	43781000	17_EnhW2	0
chr17	43781104	43781105	rs968028	chr17	43780801	43781000	17_EnhW2	105
chr17	43781249	43781250	rs968027	chr17	43780801	43781000	17_EnhW2	250
chr17	43781425	43781426	rs62056879	chr17	43780801	43781000	17_EnhW2	426
chr17	43781504	43781505	rs79892630	chr17	43780801	43781000	17_EnhW2	505
chr17	43781777	43781778	rs17762361	chr17	43780801	43781000	17_EnhW2	778
chr17	43782303	43782304	rs62056880	chr17	43780801	43781000	17_EnhW2	1304
chr17	43782454	43782455	rs62056881	chr17	43780801	43781000	17_EnhW2	1455
chr17	43782491	43782492	rs17689104	chr17	43780801	43781000	17_EnhW2	1492
chr17	43782557	43782558	rs17689116	chr17	43780801	43781000	17_EnhW2	1558
chr17	43782692	43782693	rs62056905	chr17	43780801	43781000	17_EnhW2	1693
chr17	43782707	43782708	rs62056906	chr17	43780801	43781000	17_EnhW2	1708
chr17	43783572	43783573	rs17689182	chr17	43780801	43781000	17_EnhW2	2573
chr17	43783589	43783590	rs62056908	chr17	43780801	43781000	17_EnhW2	2590
chr17	43783802	43783803	rs62056909	chr17	43780801	43781000	17_EnhW2	2803
chr17	43784221	43784222	rs62056910	chr17	43786801	43787800	17_EnhW2	2580
chr17	43784623	43784624	rs62056911	chr17	43786801	43787800	17_EnhW2	2178
chr17	43784934	43784935	rs78568882	chr17	43786801	43787800	17_EnhW2	1867
chr17	43784947	43784948	rs62056912	chr17	43786801	43787800	17_EnhW2	1854
chr17	43784993	43784994	rs62056913	chr17	43786801	43787800	17_EnhW2	1808
chr17	43785095	43785096	rs78454137	chr17	43786801	43787800	17_EnhW2	1706
chr17	43785097	43785098	rs112123127	chr17	43786801	43787800	17_EnhW2	1704
chr17	43785348	43785349	rs61667602	chr17	43786801	43787800	17_EnhW2	1453
chr17	43785626	43785627	rs62056915	chr17	43786801	43787800	17_EnhW2	1175
chr17	43785807	43785808	rs17689218	chr17	43786801	43787800	17_EnhW2	994
chr17	43785937	43785938	rs62056916	chr17	43786801	43787800	17_EnhW2	864
chr17	43786012	43786013	rs62056917	chr17	43786801	43787800	17_EnhW2	789
chr17	43786675	43786676	rs62056918	chr17	43786801	43787800	17_EnhW2	126
chr17	43786697	43786698	rs62056919	chr17	43786801	43787800	17_EnhW2	104
chr17	43787129	43787130	rs17762535	chr17	43786801	43787800	17_EnhW2	0
chr17	43787225	43787226	rs62056920	chr17	43786801	43787800	17_EnhW2	0
chr17	43787305	43787306	rs62056921	chr17	43786801	43787800	17_EnhW2	0
chr17	43787562	43787563	rs62056922	chr17	43786801	43787800	17_EnhW2	0
chr17	43788370	43788371	rs56290582	chr17	43786801	43787800	17_EnhW2	571
chr17	43788418	43788419	rs56397077	chr17	43786801	43787800	17_EnhW2	619
chr17	43788648	43788649	rs62056925	chr17	43786801	43787800	17_EnhW2	849
chr17	43788665	43788666	rs62056926	chr17	43786801	43787800	17_EnhW2	866
chr17	43788766	43788767	rs62056927	chr17	43786801	43787800	17_EnhW2	967
chr17	43788781	43788782	rs62056928	chr17	43786801	43787800	17_EnhW2	982
chr17	43789143	43789144	rs62056929	chr17	43786801	43787800	17_EnhW2	1344
chr17	43789639	43789640	rs62056930	chr17	43786801	43787800	17_EnhW2	1840
chr17	43789697	43789698	rs62056931	chr17	43786801	43787800	17_EnhW2	1898
chr17	43789970	43789971	rs62056932	chr17	43786801	43787800	17_EnhW2	2171
chr17	43789977	43789978	rs62056933	chr17	43786801	43787800	17_EnhW2	2178
chr17	43790004	43790005	rs62056934	chr17	43786801	43787800	17_EnhW2	2205
chr17	43790400	43790401	rs79322350	chr17	43786801	43787800	17_EnhW2	2601
chr17	43790445	43790446	rs62056935	chr17	43786801	43787800	17_EnhW2	2646
chr17	43790648	43790649	rs75076131	chr17	43793401	43793600	17_EnhW2	2753
chr17	43790769	43790770	rs77727624	chr17	43793401	43793600	17_EnhW2	2632
chr17	43790910	43790911	rs62056936	chr17	43793401	43793600	17_EnhW2	2491
chr17	43791180	43791181	rs62056937	chr17	43793401	43793600	17_EnhW2	2221
chr17	43791331	43791332	rs62056939	chr17	43793401	43793600	17_EnhW2	2070
chr17	43791343	43791344	rs62056940	chr17	43793401	43793600	17_EnhW2	2058
chr17	43791428	43791429	rs77387379	chr17	43793401	43793600	17_EnhW2	1973
chr17	43791467	43791468	rs75990322	chr17	43793401	43793600	17_EnhW2	1934
chr17	43791609	43791610	rs113661667	chr17	43793401	43793600	17_EnhW2	1792
chr17	43791651	43791652	rs74579538	chr17	43793401	43793600	17_EnhW2	1750
chr17	43792098	43792099	rs56406407	chr17	43793401	43793600	17_EnhW2	1303
chr17	43792251	43792252	rs55973918	chr17	43793401	43793600	17_EnhW2	1150
chr17	43792325	43792326	rs56220242	chr17	43793401	43793600	17_EnhW2	1076
chr17	43792357	43792358	rs56160448	chr17	43793401	43793600	17_EnhW2	1044
chr17	43792410	43792411	rs56167560	chr17	43793401	43793600	17_EnhW2	991
chr17	43792417	43792418	rs55849973	chr17	43793401	43793600	17_EnhW2	984
chr17	43792585	43792586	rs1880749	chr17	43793401	43793600	17_EnhW2	816
chr17	43792894	43792895	rs1568951	chr17	43793401	43793600	17_EnhW2	507
chr17	43792895	43792896	rs1568950	chr17	43793401	43793600	17_EnhW2	506
chr17	43792974	43792975	rs1568949	chr17	43793401	43793600	17_EnhW2	427
chr17	43793199	43793200	rs1105571	chr17	43793401	43793600	17_EnhW2	202
chr17	43793341	43793342	rs1105570	chr17	43793401	43793600	17_EnhW2	60
chr17	43793387	43793388	rs1105569	chr17	43793401	43793600	17_EnhW2	14
chr17	43793650	43793651	rs7502718	chr17	43793601	43793800	16_EnhW1	0
chr17	43793664	43793665	rs7502937	chr17	43793601	43793800	16_EnhW1	0
chr17	43793827	43793828	rs4479288	chr17	43793601	43793800	16_EnhW1	28
chr17	43793950	43793951	rs4479289	chr17	43793601	43793800	16_EnhW1	151
chr17	43794181	43794182	rs4609898	chr17	43793601	43793800	16_EnhW1	382
chr17	43794208	43794209	rs4605208	chr17	43793601	43793800	16_EnhW1	409
chr17	43794285	43794286	rs75310534	chr17	43793601	43793800	16_EnhW1	486
chr17	43794827	43794828	rs111511018	chr17	43793601	43793800	16_EnhW1	1028
chr17	43794898	43794899	rs113173628	chr17	43793601	43793800	16_EnhW1	1099
chr17	43795237	43795238	rs76007856	chr17	43793601	43793800	16_EnhW1	1438
chr17	43795432	43795433	rs11655470	chr17	43796801	43797600	17_EnhW2	1369
chr17	43795572	43795573	rs111415173	chr17	43796801	43797600	17_EnhW2	1229
chr17	43795633	43795634	rs113991678	chr17	43796801	43797600	17_EnhW2	1168
chr17	43795767	43795768	rs112995313	chr17	43796801	43797600	17_EnhW2	1034
chr17	43795858	43795859	rs111985258	chr17	43796801	43797600	17_EnhW2	943
chr17	43796540	43796541	rs1880750	chr17	43796801	43797600	17_EnhW2	261
chr17	43797086	43797087	rs56167344	chr17	43796801	43797600	17_EnhW2	0
chr17	43797245	43797246	rs56046792	chr17	43796801	43797600	17_EnhW2	0
chr17	43798014	43798015	rs56323722	chr17	43796801	43797600	17_EnhW2	415
chr17	43798159	43798160	rs55989971	chr17	43796801	43797600	17_EnhW2	560
chr17	43798347	43798348	rs3072094	chr17	43796801	43797600	17_EnhW2	748
chr17	43798359	43798360	rs55938136	chr17	43796801	43797600	17_EnhW2	760
chr17	43798400	43798401	rs62056946	chr17	43796801	43797600	17_EnhW2	801
chr17	43798545	43798546	rs75403953	chr17	43796801	43797600	17_EnhW2	946
chr17	43798583	43798584	rs71917787	chr17	43796801	43797600	17_EnhW2	984
chr17	43798774	43798775	rs62054372	chr17	43796801	43797600	17_EnhW2	1175
chr17	43798786	43798787	rs564681262	chr17	43796801	43797600	17_EnhW2	1187
chr17	43798789	43798790	rs201758601	chr17	43796801	43797600	17_EnhW2	1190
chr17	43798901	43798902	rs55838058	chr17	43796801	43797600	17_EnhW2	1302
chr17	43798902	43798903	rs56062621	chr17	43796801	43797600	17_EnhW2	1303
chr17	43799032	43799033	rs55962674	chr17	43796801	43797600	17_EnhW2	1433
chr17	43799047	43799048	rs55896111	chr17	43796801	43797600	17_EnhW2	1448
chr17	43799051	43799052	rs55787734	chr17	43796801	43797600	17_EnhW2	1452
chr17	43799508	43799509	rs55653963	chr17	43796801	43797600	17_EnhW2	1909
chr17	43799666	43799667	rs62054378	chr17	43796801	43797600	17_EnhW2	2067
chr17	43799803	43799804	rs77819001	chr17	43796801	43797600	17_EnhW2	2204
chr17	43799809	43799810	rs76667867	chr17	43796801	43797600	17_EnhW2	2210
chr17	43800350	43800351	rs17563433	chr17	43796801	43797600	17_EnhW2	2751
chr17	43800403	43800404	rs77370070	chr17	43796801	43797600	17_EnhW2	2804
chr17	43800986	43800987	rs62054380	chr17	43796801	43797600	17_EnhW2	3387
chr17	43801091	43801092	rs112570965	chr17	43796801	43797600	17_EnhW2	3492
chr17	43801184	43801185	rs62054381	chr17	43796801	43797600	17_EnhW2	3585
chr17	43801592	43801593	rs17649019	chr17	43796801	43797600	17_EnhW2	3993
chr17	43801694	43801695	rs17563501	chr17	43796801	43797600	17_EnhW2	4095
chr17	43802524	43802525	rs62054382	chr17	43796801	43797600	17_EnhW2	4925
chr17	43802906	43802907	rs62054383	chr17	43796801	43797600	17_EnhW2	5307
chr17	43802970	43802971	rs10514879	chr17	43796801	43797600	17_EnhW2	5371
chr17	43803188	43803189	rs1358071	chr17	43796801	43797600	17_EnhW2	5589
chr17	43803787	43803788	rs56280222	chr17	43796801	43797600	17_EnhW2	6188
chr17	43804185	43804186	rs35116560	chr17	43796801	43797600	17_EnhW2	6586
chr17	43804305	43804306	rs62054384	chr17	43796801	43797600	17_EnhW2	6706
chr17	43804316	43804317	rs9897399	chr17	43796801	43797600	17_EnhW2	6717
chr17	43804388	43804389	rs56205560	chr17	43796801	43797600	17_EnhW2	6789
chr17	43804618	43804619	rs56380663	chr17	43796801	43797600	17_EnhW2	7019
chr17	43804771	43804772	rs5820592	chr17	43796801	43797600	17_EnhW2	7172
chr17	43805193	43805194	rs9303521	chr17	43796801	43797600	17_EnhW2	7594
chr17	43805524	43805525	rs62054387	chr17	43796801	43797600	17_EnhW2	7925
chr17	43805589	43805590	rs62054388	chr17	43796801	43797600	17_EnhW2	7990
chr17	43806014	43806015	rs4401083	chr17	43796801	43797600	17_EnhW2	8415
chr17	43806263	43806264	rs1880752	chr17	43796801	43797600	17_EnhW2	8664
chr17	43806450	43806451	rs4617909	chr17	43796801	43797600	17_EnhW2	8851
chr17	43806924	43806925	rs2902662	chr17	43796801	43797600	17_EnhW2	9325
chr17	43807062	43807063	rs2864087	chr17	43796801	43797600	17_EnhW2	9463
chr17	43807098	43807099	rs2902661	chr17	43796801	43797600	17_EnhW2	9499
chr17	43807112	43807113	rs4609899	chr17	43796801	43797600	17_EnhW2	9513
chr17	43807133	43807134	rs4471726	chr17	43796801	43797600	17_EnhW2	9534
chr17	43807484	43807485	rs79226879	chr17	43796801	43797600	17_EnhW2	9885
chr17	43807641	43807642	rs76493835	chr17	43817601	43817800	17_EnhW2	9960
chr17	43807910	43807911	rs192006062	chr17	43817601	43817800	17_EnhW2	9691
chr17	43807954	43807955	rs17563599	chr17	43817601	43817800	17_EnhW2	9647
chr17	43808066	43808067	rs17649138	chr17	43817601	43817800	17_EnhW2	9535
chr17	43808320	43808321	rs62054389	chr17	43817601	43817800	17_EnhW2	9281
chr17	43808442	43808443	rs62054390	chr17	43817601	43817800	17_EnhW2	9159
chr17	43808762	43808763	rs55947210	chr17	43817601	43817800	17_EnhW2	8839
chr17	43808944	43808945	rs62054392	chr17	43817601	43817800	17_EnhW2	8657
chr17	43809015	43809016	rs4390635	chr17	43817601	43817800	17_EnhW2	8586
chr17	43809263	43809264	rs62054393	chr17	43817601	43817800	17_EnhW2	8338
chr17	43809327	43809328	rs75986348	chr17	43817601	43817800	17_EnhW2	8274
chr17	43809558	43809559	rs66763181	chr17	43817601	43817800	17_EnhW2	8043
chr17	43810370	43810371	rs17649162	chr17	43817601	43817800	17_EnhW2	7231
chr17	43810607	43810608	rs62054394	chr17	43817601	43817800	17_EnhW2	6994
chr17	43810781	43810782	rs113790915	chr17	43817601	43817800	17_EnhW2	6820
chr17	43810850	43810851	rs77807457	chr17	43817601	43817800	17_EnhW2	6751
chr17	43810872	43810873	rs75022332	chr17	43817601	43817800	17_EnhW2	6729
chr17	43810895	43810896	rs77804065	chr17	43817601	43817800	17_EnhW2	6706
chr17	43810901	43810902	rs77301847	chr17	43817601	43817800	17_EnhW2	6700
chr17	43811059	43811060	rs62054395	chr17	43817601	43817800	17_EnhW2	6542
chr17	43811071	43811072	rs17563683	chr17	43817601	43817800	17_EnhW2	6530
chr17	43811509	43811510	rs62054396	chr17	43817601	43817800	17_EnhW2	6092
chr17	43811672	43811673	rs17563718	chr17	43817601	43817800	17_EnhW2	5929
chr17	43811791	43811792	rs62054397	chr17	43817601	43817800	17_EnhW2	5810
chr17	43811949	43811950	rs4569335	chr17	43817601	43817800	17_EnhW2	5652
chr17	43812176	43812177	rs1526125	chr17	43817601	43817800	17_EnhW2	5425
chr17	43812217	43812218	rs1526126	chr17	43817601	43817800	17_EnhW2	5384
chr17	43812397	43812398	rs1526127	chr17	43817601	43817800	17_EnhW2	5204
chr17	43812598	43812599	rs62054398	chr17	43817601	43817800	17_EnhW2	5003
chr17	43812623	43812624	rs62054399	chr17	43817601	43817800	17_EnhW2	4978
chr17	43812648	43812649	rs62054400	chr17	43817601	43817800	17_EnhW2	4953
chr17	43812683	43812684	rs62054411	chr17	43817601	43817800	17_EnhW2	4918
chr17	43813001	43813002	rs62054412	chr17	43817601	43817800	17_EnhW2	4600
chr17	43813251	43813252	rs17563787	chr17	43817601	43817800	17_EnhW2	4350
chr17	43813369	43813370	rs62054413	chr17	43817601	43817800	17_EnhW2	4232
chr17	43813414	43813415	rs62054414	chr17	43817601	43817800	17_EnhW2	4187
chr17	43814019	43814020	rs10451283	chr17	43817601	43817800	17_EnhW2	3582
chr17	43814369	43814370	rs370719108	chr17	43817601	43817800	17_EnhW2	3232
chr17	43814426	43814427	rs76421814	chr17	43817601	43817800	17_EnhW2	3175
chr17	43815140	43815141	rs56006248	chr17	43817601	43817800	17_EnhW2	2461
chr17	43815335	43815336	rs56298110	chr17	43817601	43817800	17_EnhW2	2266
chr17	43815712	43815713	rs1608955	chr17	43817601	43817800	17_EnhW2	1889
chr17	43815819	43815820	rs1608956	chr17	43817601	43817800	17_EnhW2	1782
chr17	43815858	43815859	rs62054417	chr17	43817601	43817800	17_EnhW2	1743
chr17	43816051	43816052	rs78440279	chr17	43817601	43817800	17_EnhW2	1550
chr17	43816105	43816106	rs75500942	chr17	43817601	43817800	17_EnhW2	1496
chr17	43816305	43816306	rs62054418	chr17	43817601	43817800	17_EnhW2	1296
chr17	43816604	43816605	rs62054419	chr17	43817601	43817800	17_EnhW2	997
chr17	43816654	43816655	rs62054420	chr17	43817601	43817800	17_EnhW2	947
chr17	43816656	43816657	rs62054421	chr17	43817601	43817800	17_EnhW2	945
chr17	43817458	43817459	rs17563800	chr17	43817601	43817800	17_EnhW2	143
chr17	43817556	43817557	rs56295996	chr17	43817601	43817800	17_EnhW2	45
chr17	43817607	43817608	rs56384960	chr17	43817601	43817800	17_EnhW2	0
chr17	43817831	43817832	rs56178230	chr17	43817801	43818200	16_EnhW1	0
chr17	43817897	43817898	rs80157557	chr17	43817801	43818200	16_EnhW1	0
chr17	43818159	43818160	rs76728632	chr17	43817801	43818200	16_EnhW1	0
chr17	43818221	43818222	rs17563827	chr17	43817801	43818200	16_EnhW1	22
chr17	43818610	43818611	rs80072429	chr17	43817801	43818200	16_EnhW1	411
chr17	43818656	43818657	rs77114624	chr17	43817801	43818200	16_EnhW1	457
chr17	43818689	43818690	rs76311426	chr17	43817801	43818200	16_EnhW1	490
chr17	43818905	43818906	rs17563861	chr17	43817801	43818200	16_EnhW1	706
chr17	43818945	43818946	rs17563889	chr17	43817801	43818200	16_EnhW1	746
chr17	43819383	43819384	rs62054424	chr17	43817801	43818200	16_EnhW1	1184
chr17	43819449	43819450	rs17563923	chr17	43817801	43818200	16_EnhW1	1250
chr17	43819479	43819480	rs62054425	chr17	43817801	43818200	16_EnhW1	1280
chr17	43820740	43820741	rs62054426	chr17	43817801	43818200	16_EnhW1	2541
chr17	43821061	43821062	rs62054427	chr17	43817801	43818200	16_EnhW1	2862
chr17	43821684	43821685	rs74464991	chr17	43817801	43818200	16_EnhW1	3485
chr17	43822397	43822398	rs2004260	chr17	43817801	43818200	16_EnhW1	4198
chr17	43822510	43822511	rs62054428	chr17	43817801	43818200	16_EnhW1	4311
chr17	43822768	43822769	rs75788861	chr17	43817801	43818200	16_EnhW1	4569
chr17	43822771	43822772	rs9906974	chr17	43817801	43818200	16_EnhW1	4572
chr17	43823124	43823125	rs62054429	chr17	43817801	43818200	16_EnhW1	4925
chr17	43823228	43823229	rs76171147	chr17	43817801	43818200	16_EnhW1	5029
chr17	43823325	43823326	rs75643244	chr17	43817801	43818200	16_EnhW1	5126
chr17	43823879	43823880	rs62054431	chr17	43817801	43818200	16_EnhW1	5680
chr17	43823888	43823889	rs62054432	chr17	43817801	43818200	16_EnhW1	5689
chr17	43824200	43824201	rs111497072	chr17	43817801	43818200	16_EnhW1	6001
chr17	43824347	43824348	rs62054433	chr17	43817801	43818200	16_EnhW1	6148
chr17	43824359	43824360	rs7207400	chr17	43817801	43818200	16_EnhW1	6160
chr17	43824381	43824382	rs62054434	chr17	43817801	43818200	16_EnhW1	6182
chr17	43824847	43824848	rs12150683	chr17	43817801	43818200	16_EnhW1	6648
chr17	43824907	43824908	rs12150332	chr17	43817801	43818200	16_EnhW1	6708
chr17	43825338	43825339	rs62054435	chr17	43817801	43818200	16_EnhW1	7139
chr17	43825477	43825478	rs75715199	chr17	43817801	43818200	16_EnhW1	7278
chr17	43825567	43825568	rs62054436	chr17	43817801	43818200	16_EnhW1	7368
chr17	43825575	43825576	rs62054437	chr17	43817801	43818200	16_EnhW1	7376
chr17	43825710	43825711	rs62054438	chr17	43817801	43818200	16_EnhW1	7511
chr17	43825724	43825725	rs62054439	chr17	43817801	43818200	16_EnhW1	7525
chr17	43825911	43825912	rs17334797	chr17	43817801	43818200	16_EnhW1	7712
chr17	43826304	43826305	rs12150658	chr17	43817801	43818200	16_EnhW1	8105
chr17	43826350	43826351	rs12150363	chr17	43817801	43818200	16_EnhW1	8151
chr17	43826636	43826637	rs12150672	chr17	43817801	43818200	16_EnhW1	8437
chr17	43827208	43827209	rs17334894	chr17	43817801	43818200	16_EnhW1	9009
chr17	43827243	43827244	rs17334923	chr17	43817801	43818200	16_EnhW1	9044
chr17	43827390	43827391	rs62054440	chr17	43817801	43818200	16_EnhW1	9191
chr17	43827430	43827431	rs12150451	chr17	43817801	43818200	16_EnhW1	9231
chr17	43827470	43827471	rs12150048	chr17	43817801	43818200	16_EnhW1	9271
chr17	43827507	43827508	rs12150455	chr17	43817801	43818200	16_EnhW1	9308
chr17	43828220	43828221	rs12150604	chr17	43817801	43818200	16_EnhW1	10021
chr17	43828616	43828617	rs17334944	chr17	43817801	43818200	16_EnhW1	10417
chr17	43828697	43828698	rs17426064	chr17	43817801	43818200	16_EnhW1	10498
chr17	43828763	43828764	rs79172804	chr17	43817801	43818200	16_EnhW1	10564
chr17	43828934	43828935	rs17426106	chr17	43817801	43818200	16_EnhW1	10735
chr17	43829352	43829353	rs62054442	chr17	43817801	43818200	16_EnhW1	11153
chr17	43830381	43830382	rs35879086	chr17	43817801	43818200	16_EnhW1	12182
chr17	43830639	43830640	rs62055868	chr17	43817801	43818200	16_EnhW1	12440
chr17	43830684	43830685	rs62055869	chr17	43817801	43818200	16_EnhW1	12485
chr17	43830704	43830705	rs11650571	chr17	43817801	43818200	16_EnhW1	12505
chr17	43830937	43830938	rs17426174	chr17	43817801	43818200	16_EnhW1	12738
chr17	43831111	43831112	rs62055871	chr17	43817801	43818200	16_EnhW1	12912
chr17	43831561	43831562	rs8069449	chr17	43817801	43818200	16_EnhW1	13362
chr17	43832114	43832115	rs55645418	chr17	43845401	43846000	17_EnhW2	13287
chr17	43832336	43832337	rs35631660	chr17	43845401	43846000	17_EnhW2	13065
chr17	43832366	43832367	rs17426195	chr17	43845401	43846000	17_EnhW2	13035
chr17	43832617	43832618	rs35282504	chr17	43845401	43846000	17_EnhW2	12784
chr17	43832863	43832864	rs62055875	chr17	43845401	43846000	17_EnhW2	12538
chr17	43832939	43832940	rs62055876	chr17	43845401	43846000	17_EnhW2	12462
chr17	43833823	43833824	rs36047693	chr17	43845401	43846000	17_EnhW2	11578
chr17	43833920	43833921	rs34195569	chr17	43845401	43846000	17_EnhW2	11481
chr17	43833980	43833981	rs34579278	chr17	43845401	43846000	17_EnhW2	11421
chr17	43834073	43834074	rs34211253	chr17	43845401	43846000	17_EnhW2	11328
chr17	43834313	43834314	rs34008514	chr17	43845401	43846000	17_EnhW2	11088
chr17	43834481	43834482	rs12943085	chr17	43845401	43846000	17_EnhW2	10920
chr17	43834670	43834671	rs71363552	chr17	43845401	43846000	17_EnhW2	10731
chr17	43834969	43834970	rs7350923	chr17	43845401	43846000	17_EnhW2	10432
chr17	43835350	43835351	rs11079717	chr17	43845401	43846000	17_EnhW2	10051
chr17	43835853	43835854	rs62055878	chr17	43845401	43846000	17_EnhW2	9548
chr17	43836050	43836051	rs76669427	chr17	43845401	43846000	17_EnhW2	9351
chr17	43836108	43836109	rs143196316	chr17	43845401	43846000	17_EnhW2	9293
chr17	43836190	43836191	rs74514268	chr17	43845401	43846000	17_EnhW2	9211
chr17	43836577	43836578	rs62055879	chr17	43845401	43846000	17_EnhW2	8824
chr17	43836664	43836665	rs8068589	chr17	43845401	43846000	17_EnhW2	8737
chr17	43836672	43836673	rs12948216	chr17	43845401	43846000	17_EnhW2	8729
chr17	43836919	43836920	rs56013908	chr17	43845401	43846000	17_EnhW2	8482
chr17	43836952	43836953	rs56214516	chr17	43845401	43846000	17_EnhW2	8449
chr17	43837090	43837091	rs56168907	chr17	43845401	43846000	17_EnhW2	8311
chr17	43837114	43837115	rs55747440	chr17	43845401	43846000	17_EnhW2	8287
chr17	43837236	43837237	rs55801356	chr17	43845401	43846000	17_EnhW2	8165
chr17	43837445	43837446	rs62055883	chr17	43845401	43846000	17_EnhW2	7956
chr17	43837566	43837567	rs62055884	chr17	43845401	43846000	17_EnhW2	7835
chr17	43837781	43837782	rs79882507	chr17	43845401	43846000	17_EnhW2	7620
chr17	43837911	43837912	rs9914138	chr17	43845401	43846000	17_EnhW2	7490
chr17	43837916	43837917	rs78011262	chr17	43845401	43846000	17_EnhW2	7485
chr17	43838013	43838014	rs62055885	chr17	43845401	43846000	17_EnhW2	7388
chr17	43838070	43838071	rs28439278	chr17	43845401	43846000	17_EnhW2	7331
chr17	43838481	43838482	rs12150621	chr17	43845401	43846000	17_EnhW2	6920
chr17	43838677	43838678	rs62055886	chr17	43845401	43846000	17_EnhW2	6724
chr17	43838709	43838710	rs62055887	chr17	43845401	43846000	17_EnhW2	6692
chr17	43838719	43838720	rs62055888	chr17	43845401	43846000	17_EnhW2	6682
chr17	43838918	43838919	rs62055889	chr17	43845401	43846000	17_EnhW2	6483
chr17	43839149	43839150	rs66470052	chr17	43845401	43846000	17_EnhW2	6252
chr17	43839252	43839253	rs71375313	chr17	43845401	43846000	17_EnhW2	6149
chr17	43839950	43839951	rs11079718	chr17	43845401	43846000	17_EnhW2	5451
chr17	43840005	43840006	rs11079719	chr17	43845401	43846000	17_EnhW2	5396
chr17	43840015	43840016	rs11079720	chr17	43845401	43846000	17_EnhW2	5386
chr17	43840106	43840107	rs11079721	chr17	43845401	43846000	17_EnhW2	5295
chr17	43840680	43840681	rs62055890	chr17	43845401	43846000	17_EnhW2	4721
chr17	43840863	43840864	rs77849344	chr17	43845401	43846000	17_EnhW2	4538
chr17	43840898	43840899	rs74918686	chr17	43845401	43846000	17_EnhW2	4503
chr17	43840934	43840935	rs79545140	chr17	43845401	43846000	17_EnhW2	4467
chr17	43841355	43841356	rs371083624	chr17	43845401	43846000	17_EnhW2	4046
chr17	43841570	43841571	rs56369036	chr17	43845401	43846000	17_EnhW2	3831
chr17	43841728	43841729	rs11079723	chr17	43845401	43846000	17_EnhW2	3673
chr17	43841911	43841912	rs11079724	chr17	43845401	43846000	17_EnhW2	3490
chr17	43842461	43842462	rs55707339	chr17	43845401	43846000	17_EnhW2	2940
chr17	43842493	43842494	rs62055893	chr17	43845401	43846000	17_EnhW2	2908
chr17	43843394	43843395	rs75257002	chr17	43845401	43846000	17_EnhW2	2007
chr17	43843942	43843943	rs62055894	chr17	43845401	43846000	17_EnhW2	1459
chr17	43844043	43844044	rs62055895	chr17	43845401	43846000	17_EnhW2	1358
chr17	43844200	43844201	rs62055896	chr17	43845401	43846000	17_EnhW2	1201
chr17	43844485	43844486	rs55725840	chr17	43845401	43846000	17_EnhW2	916
chr17	43844558	43844559	rs56194509	chr17	43845401	43846000	17_EnhW2	843
chr17	43844559	43844560	rs55657917	chr17	43845401	43846000	17_EnhW2	842
chr17	43844797	43844798	rs56082319	chr17	43845401	43846000	17_EnhW2	604
chr17	43844858	43844859	rs56109643	chr17	43845401	43846000	17_EnhW2	543
chr17	43844976	43844977	rs62055899	chr17	43845401	43846000	17_EnhW2	425
chr17	43845001	43845002	rs62055900	chr17	43845401	43846000	17_EnhW2	400
chr17	43845040	43845041	rs62055901	chr17	43845401	43846000	17_EnhW2	361
chr17	43845479	43845480	rs58089049	chr17	43845401	43846000	17_EnhW2	0
chr17	43846667	43846668	rs62055903	chr17	43845401	43846000	17_EnhW2	668
chr17	43846819	43846820	rs111374028	chr17	43845401	43846000	17_EnhW2	820
chr17	43847038	43847039	rs113934115	chr17	43847801	43848400	17_EnhW2	763
chr17	43847094	43847095	rs113762994	chr17	43847801	43848400	17_EnhW2	707
chr17	43847373	43847374	rs62055928	chr17	43847801	43848400	17_EnhW2	428
chr17	43847740	43847741	rs56268325	chr17	43847801	43848400	17_EnhW2	61
chr17	43847867	43847868	rs56070245	chr17	43847801	43848400	17_EnhW2	0
chr17	43847911	43847912	rs56387266	chr17	43847801	43848400	17_EnhW2	0
chr17	43848180	43848181	rs34303488	chr17	43847801	43848400	17_EnhW2	0
chr17	43848411	43848412	rs62055932	chr17	43848401	43849000	16_EnhW1	0
chr17	43848460	43848461	rs62055933	chr17	43848401	43849000	16_EnhW1	0
chr17	43848637	43848638	rs62055934	chr17	43848401	43849000	16_EnhW1	0
chr17	43848645	43848646	rs66516551	chr17	43848401	43849000	16_EnhW1	0
chr17	43848749	43848750	rs62055935	chr17	43848401	43849000	16_EnhW1	0
chr17	43848760	43848761	rs62055936	chr17	43848401	43849000	16_EnhW1	0
chr17	43848967	43848968	rs62055937	chr17	43848401	43849000	16_EnhW1	0
chr17	43849326	43849327	rs76294809	chr17	43849001	43849600	17_EnhW2	0
chr17	43849365	43849366	rs75916678	chr17	43849001	43849600	17_EnhW2	0
chr17	43849414	43849415	rs79730878	chr17	43849001	43849600	17_EnhW2	0
chr17	43849655	43849656	rs62055938	chr17	43849001	43849600	17_EnhW2	56
chr17	43849786	43849787	rs62055939	chr17	43849001	43849600	17_EnhW2	187
chr17	43849895	43849896	rs62055940	chr17	43849001	43849600	17_EnhW2	296
chr17	43850036	43850037	rs66499916	chr17	43849001	43849600	17_EnhW2	437
chr17	43850518	43850519	rs76885724	chr17	43849001	43849600	17_EnhW2	919
chr17	43850644	43850645	rs60814418	chr17	43849001	43849600	17_EnhW2	1045
chr17	43850931	43850932	rs113518470	chr17	43849001	43849600	17_EnhW2	1332
chr17	43850934	43850935	rs66488378	chr17	43849001	43849600	17_EnhW2	1335
chr17	43850965	43850966	rs62055942	chr17	43849001	43849600	17_EnhW2	1366
chr17	43851017	43851018	rs62055943	chr17	43849001	43849600	17_EnhW2	1418
chr17	43851497	43851498	rs35909029	chr17	43849001	43849600	17_EnhW2	1898
chr17	43851850	43851851	rs62055945	chr17	43849001	43849600	17_EnhW2	2251
chr17	43851970	43851971	rs62055946	chr17	43849001	43849600	17_EnhW2	2371
chr17	43852604	43852605	rs62055947	chr17	43849001	43849600	17_EnhW2	3005
chr17	43852620	43852621	rs62055948	chr17	43849001	43849600	17_EnhW2	3021
chr17	43852732	43852733	rs113871181	chr17	43849001	43849600	17_EnhW2	3133
chr17	43852741	43852742	rs111370985	chr17	43849001	43849600	17_EnhW2	3142
chr17	43853108	43853109	rs55787105	chr17	43849001	43849600	17_EnhW2	3509
chr17	43853132	43853133	rs62055950	chr17	43849001	43849600	17_EnhW2	3533
chr17	43853234	43853235	rs56043078	chr17	43849001	43849600	17_EnhW2	3635
chr17	43853456	43853457	rs77965652	chr17	43849001	43849600	17_EnhW2	3857
chr17	43853525	43853526	rs55849949	chr17	43849001	43849600	17_EnhW2	3926
chr17	43853921	43853922	rs56303031	chr17	43849001	43849600	17_EnhW2	4322
chr17	43854266	43854267	rs55991914	chr17	43849001	43849600	17_EnhW2	4667
chr17	43854339	43854340	rs62055955	chr17	43849001	43849600	17_EnhW2	4740
chr17	43854448	43854449	rs62055956	chr17	43849001	43849600	17_EnhW2	4849
chr17	43854535	43854536	rs62055957	chr17	43849001	43849600	17_EnhW2	4936
chr17	43854654	43854655	rs34186148	chr17	43849001	43849600	17_EnhW2	5055
chr17	43855227	43855228	rs4074462	chr17	43849001	43849600	17_EnhW2	5628
chr17	43855500	43855501	rs368284065	chr17	43849001	43849600	17_EnhW2	5901
chr17	43856340	43856341	rs111878933	chr17	43849001	43849600	17_EnhW2	6741
chr17	43856371	43856372	rs111735741	chr17	43849001	43849600	17_EnhW2	6772
chr17	43856457	43856458	rs35076622	chr17	43849001	43849600	17_EnhW2	6858
chr17	43856638	43856639	rs62057061	chr17	43849001	43849600	17_EnhW2	7039
chr17	43856709	43856710	rs62057062	chr17	43849001	43849600	17_EnhW2	7110
chr17	43856729	43856730	rs62057063	chr17	43849001	43849600	17_EnhW2	7130
chr17	43857032	43857033	rs62057064	chr17	43849001	43849600	17_EnhW2	7433
chr17	43857128	43857129	rs76830096	chr17	43849001	43849600	17_EnhW2	7529
chr17	43857988	43857989	rs111433752	chr17	43849001	43849600	17_EnhW2	8389
chr17	43857989	43857990	rs111664122	chr17	43849001	43849600	17_EnhW2	8390
chr17	43858186	43858187	rs62057065	chr17	43849001	43849600	17_EnhW2	8587
chr17	43858306	43858307	rs62057066	chr17	43849001	43849600	17_EnhW2	8707
chr17	43858325	43858326	rs62057067	chr17	43849001	43849600	17_EnhW2	8726
chr17	43858481	43858482	rs78917495	chr17	43849001	43849600	17_EnhW2	8882
chr17	43858628	43858629	rs62057068	chr17	43849001	43849600	17_EnhW2	9029
chr17	43859064	43859065	rs62057069	chr17	43849001	43849600	17_EnhW2	9465
chr17	43859639	43859640	rs62057070	chr17	43849001	43849600	17_EnhW2	10040
chr17	43859690	43859691	rs62057071	chr17	43849001	43849600	17_EnhW2	10091
chr17	43859928	43859929	rs145503157	chr17	43849001	43849600	17_EnhW2	10329
chr17	43861116	43861117	rs62057073	chr17	43849001	43849600	17_EnhW2	11517
chr17	43871981	43871982	rs56319902	chr17	43890201	43890600	17_EnhW2	18220
chr17	43872227	43872228	rs55943044	chr17	43890201	43890600	17_EnhW2	17974
chr17	43879307	43879308	rs80184151	chr17	43890201	43890600	17_EnhW2	10894
chr17	43881789	43881790	rs17689378	chr17	43890201	43890600	17_EnhW2	8412
chr17	43885290	43885291	rs62057101	chr17	43890201	43890600	17_EnhW2	4911
chr17	43887479	43887480	rs62057103	chr17	43890201	43890600	17_EnhW2	2722
chr17	43892783	43892784	rs55915917	chr17	43890201	43890600	17_EnhW2	2184
chr17	43892787	43892788	rs55668363	chr17	43890201	43890600	17_EnhW2	2188
chr17	43892972	43892973	rs17689471	chr17	43890201	43890600	17_EnhW2	2373
chr17	43893145	43893146	rs142682197	chr17	43890201	43890600	17_EnhW2	2546
chr17	43893258	43893259	rs117365970	chr17	43890201	43890600	17_EnhW2	2659
chr17	43893259	43893260	rs117646503	chr17	43890201	43890600	17_EnhW2	2660
chr17	43893402	43893403	rs17762769	chr17	43890201	43890600	17_EnhW2	2803
chr17	43893715	43893716	rs8072451	chr17	43890201	43890600	17_EnhW2	3116
chr17	43893750	43893751	rs8073146	chr17	43890201	43890600	17_EnhW2	3151
chr17	43894101	43894102	rs28364025	chr17	43890201	43890600	17_EnhW2	3502
chr17	43894158	43894159	rs28364023	chr17	43890201	43890600	17_EnhW2	3559
chr17	43894509	43894510	rs55779147	chr17	43890201	43890600	17_EnhW2	3910
chr17	43894546	43894547	rs56357543	chr17	43890201	43890600	17_EnhW2	3947
chr17	43894608	43894609	rs56099546	chr17	43890201	43890600	17_EnhW2	4009
chr17	43894989	43894990	rs739645	chr17	43890201	43890600	17_EnhW2	4390
chr17	43895007	43895008	rs739644	chr17	43890201	43890600	17_EnhW2	4408
chr17	43895500	43895501	rs4564621	chr17	43890201	43890600	17_EnhW2	4901
chr17	43895529	43895530	rs2316763	chr17	43890201	43890600	17_EnhW2	4930
chr17	43895601	43895602	rs2316764	chr17	43890201	43890600	17_EnhW2	5002
chr17	43895652	43895653	rs4277389	chr17	43890201	43890600	17_EnhW2	5053
chr17	43895695	43895696	rs4566211	chr17	43890201	43890600	17_EnhW2	5096
chr17	43895750	43895751	rs4566212	chr17	43890201	43890600	17_EnhW2	5151
chr17	43895796	43895797	rs4309444	chr17	43890201	43890600	17_EnhW2	5197
chr17	43896031	43896032	rs62057107	chr17	43890201	43890600	17_EnhW2	5432
chr17	43896227	43896228	rs12150390	chr17	43890201	43890600	17_EnhW2	5628
chr17	43896527	43896528	rs17689608	chr17	43890201	43890600	17_EnhW2	5928
chr17	43896615	43896616	rs62057108	chr17	43890201	43890600	17_EnhW2	6016
chr17	43896636	43896637	rs62057109	chr17	43890201	43890600	17_EnhW2	6037
chr17	43896689	43896690	rs78074121	chr17	43890201	43890600	17_EnhW2	6090
chr17	43896733	43896734	rs62057110	chr17	43890201	43890600	17_EnhW2	6134
chr17	43897129	43897130	rs62057111	chr17	43890201	43890600	17_EnhW2	6530
chr17	43897201	43897202	rs62057112	chr17	43890201	43890600	17_EnhW2	6602
chr17	43897245	43897246	rs78587102	chr17	43890201	43890600	17_EnhW2	6646
chr17	43897448	43897449	rs62057113	chr17	43890201	43890600	17_EnhW2	6849
chr17	43897479	43897480	rs78506181	chr17	43890201	43890600	17_EnhW2	6880
chr17	43897721	43897722	rs79600142	chr17	43890201	43890600	17_EnhW2	7122
chr17	43898458	43898459	rs111739681	chr17	43890201	43890600	17_EnhW2	7859
chr17	43898886	43898887	rs17762882	chr17	43890201	43890600	17_EnhW2	8287
chr17	43898962	43898963	rs17689653	chr17	43890201	43890600	17_EnhW2	8363
chr17	43899160	43899161	rs17762912	chr17	43890201	43890600	17_EnhW2	8561
chr17	43899400	43899401	rs62057114	chr17	43890201	43890600	17_EnhW2	8801
chr17	43899416	43899417	rs62057115	chr17	43890201	43890600	17_EnhW2	8817
chr17	43899610	43899611	rs78917479	chr17	43890201	43890600	17_EnhW2	9011
chr17	43899654	43899655	rs62057116	chr17	43890201	43890600	17_EnhW2	9055
chr17	43899656	43899657	rs62057117	chr17	43890201	43890600	17_EnhW2	9057
chr17	43899726	43899727	rs62057118	chr17	43890201	43890600	17_EnhW2	9127
chr17	43899735	43899736	rs62057119	chr17	43890201	43890600	17_EnhW2	9136
chr17	43899785	43899786	rs17762954	chr17	43890201	43890600	17_EnhW2	9186
chr17	43900080	43900081	rs55979424	chr17	43890201	43890600	17_EnhW2	9481
chr17	43900214	43900215	rs56284150	chr17	43890201	43890600	17_EnhW2	9615
chr17	43900433	43900434	rs55638417	chr17	43890201	43890600	17_EnhW2	9834
chr17	43900696	43900697	rs79501144	chr17	43890201	43890600	17_EnhW2	10097
chr17	43900759	43900760	rs62057121	chr17	43890201	43890600	17_EnhW2	10160
chr17	43900816	43900817	rs112137135	chr17	43890201	43890600	17_EnhW2	10217
chr17	43901000	43901001	rs62057122	chr17	43890201	43890600	17_EnhW2	10401
chr17	43901237	43901238	rs62057123	chr17	43890201	43890600	17_EnhW2	10638
chr17	43901527	43901528	rs62057143	chr17	43890201	43890600	17_EnhW2	10928
chr17	43901557	43901558	rs62057144	chr17	43890201	43890600	17_EnhW2	10958
chr17	43902215	43902216	rs4335809	chr17	43890201	43890600	17_EnhW2	11616
chr17	43902504	43902505	rs4341787	chr17	43890201	43890600	17_EnhW2	11905
chr17	43902521	43902522	rs4523962	chr17	43890201	43890600	17_EnhW2	11922
chr17	43902540	43902541	rs4327090	chr17	43890201	43890600	17_EnhW2	11941
chr17	43902737	43902738	rs3885074	chr17	43914601	43914800	17_EnhW2	11864
chr17	43902798	43902799	rs3885075	chr17	43914601	43914800	17_EnhW2	11803
chr17	43902841	43902842	rs41280116	chr17	43914601	43914800	17_EnhW2	11760
chr17	43902860	43902861	rs34283254	chr17	43914601	43914800	17_EnhW2	11741
chr17	43902943	43902944	rs1912151	chr17	43914601	43914800	17_EnhW2	11658
chr17	43902996	43902997	rs1396862	chr17	43914601	43914800	17_EnhW2	11605
chr17	43903088	43903089	rs41280118	chr17	43914601	43914800	17_EnhW2	11513
chr17	43903105	43903106	rs62057146	chr17	43914601	43914800	17_EnhW2	11496
chr17	43903297	43903298	rs62057147	chr17	43914601	43914800	17_EnhW2	11304
chr17	43903335	43903336	rs17763050	chr17	43914601	43914800	17_EnhW2	11266
chr17	43903484	43903485	rs62057148	chr17	43914601	43914800	17_EnhW2	11117
chr17	43903545	43903546	rs62057149	chr17	43914601	43914800	17_EnhW2	11056
chr17	43903547	43903548	rs62057150	chr17	43914601	43914800	17_EnhW2	11054
chr17	43903841	43903842	rs62057151	chr17	43914601	43914800	17_EnhW2	10760
chr17	43904109	43904110	rs62057152	chr17	43914601	43914800	17_EnhW2	10492
chr17	43904396	43904397	rs17689824	chr17	43914601	43914800	17_EnhW2	10205
chr17	43904527	43904528	rs62057153	chr17	43914601	43914800	17_EnhW2	10074
chr17	43904609	43904610	rs62057154	chr17	43914601	43914800	17_EnhW2	9992
chr17	43904672	43904673	rs62057155	chr17	43914601	43914800	17_EnhW2	9929
chr17	43904947	43904948	rs62057156	chr17	43914601	43914800	17_EnhW2	9654
chr17	43905133	43905134	rs78872653	chr17	43914601	43914800	17_EnhW2	9468
chr17	43905312	43905313	rs62057157	chr17	43914601	43914800	17_EnhW2	9289
chr17	43905480	43905481	rs17763086	chr17	43914601	43914800	17_EnhW2	9121
chr17	43906725	43906726	rs17425752	chr17	43914601	43914800	17_EnhW2	7876
chr17	43906827	43906828	rs17689882	chr17	43914601	43914800	17_EnhW2	7774
chr17	43907142	43907143	rs62057158	chr17	43914601	43914800	17_EnhW2	7459
chr17	43907744	43907745	rs1876831	chr17	43914601	43914800	17_EnhW2	6857
chr17	43907895	43907896	rs16940665	chr17	43914601	43914800	17_EnhW2	6706
chr17	43907965	43907966	rs16940668	chr17	43914601	43914800	17_EnhW2	6636
chr17	43908150	43908151	rs16940671	chr17	43914601	43914800	17_EnhW2	6451
chr17	43908151	43908152	rs16940672	chr17	43914601	43914800	17_EnhW2	6450
chr17	43908772	43908773	rs55763795	chr17	43914601	43914800	17_EnhW2	5829
chr17	43908825	43908826	rs55865707	chr17	43914601	43914800	17_EnhW2	5776
chr17	43908988	43908989	rs62054760	chr17	43914601	43914800	17_EnhW2	5613
chr17	43909007	43909008	rs62054761	chr17	43914601	43914800	17_EnhW2	5594
chr17	43909021	43909022	rs62054762	chr17	43914601	43914800	17_EnhW2	5580
chr17	43910087	43910088	rs17689918	chr17	43914601	43914800	17_EnhW2	4514
chr17	43910182	43910183	rs17763199	chr17	43914601	43914800	17_EnhW2	4419
chr17	43910261	43910262	rs62054763	chr17	43914601	43914800	17_EnhW2	4340
chr17	43910506	43910507	rs16940674	chr17	43914601	43914800	17_EnhW2	4095
chr17	43911035	43911036	rs16940676	chr17	43914601	43914800	17_EnhW2	3566
chr17	43911351	43911352	rs1876830	chr17	43914601	43914800	17_EnhW2	3250
chr17	43911423	43911424	rs41457044	chr17	43914601	43914800	17_EnhW2	3178
chr17	43911442	43911443	rs1876829	chr17	43914601	43914800	17_EnhW2	3159
chr17	43911524	43911525	rs1876828	chr17	43914601	43914800	17_EnhW2	3077
chr17	43911831	43911832	rs1876827	chr17	43914601	43914800	17_EnhW2	2770
chr17	43911897	43911898	rs16940677	chr17	43914601	43914800	17_EnhW2	2704
chr17	43912158	43912159	rs16940681	chr17	43914601	43914800	17_EnhW2	2443
chr17	43912266	43912267	rs66808254	chr17	43914601	43914800	17_EnhW2	2335
chr17	43912281	43912282	rs28364021	chr17	43914601	43914800	17_EnhW2	2320
chr17	43912453	43912454	rs2316765	chr17	43914601	43914800	17_EnhW2	2148
chr17	43912489	43912490	rs878886	chr17	43914601	43914800	17_EnhW2	2112
chr17	43912581	43912582	rs878887	chr17	43914601	43914800	17_EnhW2	2020
chr17	43912634	43912635	rs878888	chr17	43914601	43914800	17_EnhW2	1967
chr17	43912722	43912723	rs4525537	chr17	43914601	43914800	17_EnhW2	1879
chr17	43912785	43912786	rs4640231	chr17	43914601	43914800	17_EnhW2	1816
chr17	43912829	43912830	rs4482334	chr17	43914601	43914800	17_EnhW2	1772
chr17	43913314	43913315	rs56127111	chr17	43914601	43914800	17_EnhW2	1287
chr17	43913556	43913557	rs75104593	chr17	43914601	43914800	17_EnhW2	1045
chr17	43913557	43913558	rs74998289	chr17	43914601	43914800	17_EnhW2	1044
chr17	43914553	43914554	rs10445362	chr17	43914601	43914800	17_EnhW2	48
chr17	43914557	43914558	rs10445363	chr17	43914601	43914800	17_EnhW2	44
chr17	43914597	43914598	rs62054802	chr17	43914601	43914800	17_EnhW2	4
chr17	43914727	43914728	rs62054803	chr17	43914601	43914800	17_EnhW2	0
chr17	43914808	43914809	rs62054804	chr17	43914601	43914800	17_EnhW2	9
chr17	43914978	43914979	rs201128097	chr17	43914601	43914800	17_EnhW2	179
chr17	43915053	43915054	rs62054805	chr17	43914601	43914800	17_EnhW2	254
chr17	43915311	43915312	rs62054806	chr17	43914601	43914800	17_EnhW2	512
chr17	43915496	43915497	rs62054807	chr17	43914601	43914800	17_EnhW2	697
chr17	43916355	43916356	rs10445364	chr17	43914601	43914800	17_EnhW2	1556
chr17	43916508	43916509	rs10445333	chr17	43914601	43914800	17_EnhW2	1709
chr17	43916772	43916773	rs17690176	chr17	43914601	43914800	17_EnhW2	1973
chr17	43916931	43916932	rs78328427	chr17	43914601	43914800	17_EnhW2	2132
chr17	43917085	43917086	rs77692262	chr17	43914601	43914800	17_EnhW2	2286
chr17	43917775	43917776	rs56023973	chr17	43914601	43914800	17_EnhW2	2976
chr17	43917817	43917818	rs17763515	chr17	43914601	43914800	17_EnhW2	3018
chr17	43918189	43918190	rs17763533	chr17	43914601	43914800	17_EnhW2	3390
chr17	43918238	43918239	rs62054809	chr17	43914601	43914800	17_EnhW2	3439
chr17	43918300	43918301	rs201679950	chr17	43914601	43914800	17_EnhW2	3501
chr17	43918417	43918418	rs112583797	chr17	43914601	43914800	17_EnhW2	3618
chr17	43918523	43918524	rs74922289	chr17	43914601	43914800	17_EnhW2	3724
chr17	43918612	43918613	rs56971664	chr17	43914601	43914800	17_EnhW2	3813
chr17	43918650	43918651	rs62054811	chr17	43914601	43914800	17_EnhW2	3851
chr17	43919067	43919068	rs2316766	chr17	43914601	43914800	17_EnhW2	4268
chr17	43919069	43919070	rs2316767	chr17	43914601	43914800	17_EnhW2	4270
chr17	43919072	43919073	rs2316768	chr17	43914601	43914800	17_EnhW2	4273
chr17	43919095	43919096	rs2106786	chr17	43914601	43914800	17_EnhW2	4296
chr17	43919104	43919105	rs2106785	chr17	43914601	43914800	17_EnhW2	4305
chr17	43919300	43919301	rs56150806	chr17	43914601	43914800	17_EnhW2	4501
chr17	43919883	43919884	rs17690314	chr17	43914601	43914800	17_EnhW2	5084
chr17	43920218	43920219	rs56166546	chr17	43914601	43914800	17_EnhW2	5419
chr17	43920299	43920300	rs56233672	chr17	43914601	43914800	17_EnhW2	5500
chr17	43920377	43920378	rs56354807	chr17	43914601	43914800	17_EnhW2	5578
chr17	43920410	43920411	rs55718212	chr17	43914601	43914800	17_EnhW2	5611
chr17	43920973	43920974	rs17690326	chr17	43914601	43914800	17_EnhW2	6174
chr17	43921209	43921210	rs17763596	chr17	43914601	43914800	17_EnhW2	6410
chr17	43921571	43921572	rs62054814	chr17	43914601	43914800	17_EnhW2	6772
chr17	43921753	43921754	rs17763634	chr17	43914601	43914800	17_EnhW2	6954
chr17	43922941	43922942	rs62621252	chr17	43914601	43914800	17_EnhW2	8142
chr17	43923265	43923266	rs62054815	chr17	43914601	43914800	17_EnhW2	8466
chr17	43923653	43923654	rs12185233	chr17	43914601	43914800	17_EnhW2	8854
chr17	43923682	43923683	rs12185268	chr17	43914601	43914800	17_EnhW2	8883
chr17	43923702	43923703	rs12185235	chr17	43914601	43914800	17_EnhW2	8903
chr17	43923933	43923934	rs11079725	chr17	43914601	43914800	17_EnhW2	9134
chr17	43924072	43924073	rs12373123	chr17	43914601	43914800	17_EnhW2	9273
chr17	43924129	43924130	rs12373139	chr17	43914601	43914800	17_EnhW2	9330
chr17	43924199	43924200	rs12373142	chr17	43914601	43914800	17_EnhW2	9400
chr17	43924218	43924219	rs12373124	chr17	43914601	43914800	17_EnhW2	9419
chr17	43924230	43924231	rs12373140	chr17	43914601	43914800	17_EnhW2	9431
chr17	43924336	43924337	rs12373168	chr17	43914601	43914800	17_EnhW2	9537
chr17	43924520	43924521	rs17690661	chr17	43914601	43914800	17_EnhW2	9721
chr17	43924775	43924776	rs55943825	chr17	43914601	43914800	17_EnhW2	9976
chr17	43924802	43924803	rs17690679	chr17	43914601	43914800	17_EnhW2	10003
chr17	43925296	43925297	rs17690703	chr17	43914601	43914800	17_EnhW2	10497
chr17	43925604	43925605	rs17769490	chr17	43914601	43914800	17_EnhW2	10805
chr17	43925728	43925729	rs77063768	chr17	43914601	43914800	17_EnhW2	10929
chr17	43925965	43925966	rs62054817	chr17	43914601	43914800	17_EnhW2	11166
chr17	43926055	43926056	rs62054818	chr17	43914601	43914800	17_EnhW2	11256
chr17	43926148	43926149	rs62054819	chr17	43914601	43914800	17_EnhW2	11349
chr17	43926754	43926755	rs62054820	chr17	43914601	43914800	17_EnhW2	11955
chr17	43926947	43926948	rs56113217	chr17	43914601	43914800	17_EnhW2	12148
chr17	43926991	43926992	rs56269136	chr17	43914601	43914800	17_EnhW2	12192
chr17	43927254	43927255	rs56385754	chr17	43914601	43914800	17_EnhW2	12455
chr17	43927289	43927290	rs17769552	chr17	43914601	43914800	17_EnhW2	12490
chr17	43927707	43927708	rs62054822	chr17	43914601	43914800	17_EnhW2	12908
chr17	43928613	43928614	rs885639	chr17	43941401	43943200	17_EnhW2	12788
chr17	43928628	43928629	rs143247888	chr17	43941401	43943200	17_EnhW2	12773
chr17	43929028	43929029	rs62054823	chr17	43941401	43943200	17_EnhW2	12373
chr17	43929991	43929992	rs62054824	chr17	43941401	43943200	17_EnhW2	11410
chr17	43930032	43930033	rs62054825	chr17	43941401	43943200	17_EnhW2	11369
chr17	43930237	43930238	rs79589869	chr17	43941401	43943200	17_EnhW2	11164
chr17	43930797	43930798	rs2316769	chr17	43941401	43943200	17_EnhW2	10604
chr17	43930954	43930955	rs2873268	chr17	43941401	43943200	17_EnhW2	10447
chr17	43930979	43930980	rs4340365	chr17	43941401	43943200	17_EnhW2	10422
chr17	43931121	43931122	rs2873269	chr17	43941401	43943200	17_EnhW2	10280
chr17	43931243	43931244	rs56026128	chr17	43941401	43943200	17_EnhW2	10158
chr17	43931244	43931245	rs56329743	chr17	43941401	43943200	17_EnhW2	10157
chr17	43931379	43931380	rs56288604	chr17	43941401	43943200	17_EnhW2	10022
chr17	43931625	43931626	rs17690987	chr17	43941401	43943200	17_EnhW2	9776
chr17	43931906	43931907	rs56146262	chr17	43941401	43943200	17_EnhW2	9495
chr17	43932027	43932028	rs55942528	chr17	43941401	43943200	17_EnhW2	9374
chr17	43932048	43932049	rs56254732	chr17	43941401	43943200	17_EnhW2	9353
chr17	43932128	43932129	rs56323304	chr17	43941401	43943200	17_EnhW2	9273
chr17	43932154	43932155	rs55751924	chr17	43941401	43943200	17_EnhW2	9247
chr17	43932172	43932173	rs55660209	chr17	43941401	43943200	17_EnhW2	9229
chr17	43932276	43932277	rs113856644	chr17	43941401	43943200	17_EnhW2	9125
chr17	43932380	43932381	rs62054831	chr17	43941401	43943200	17_EnhW2	9021
chr17	43932740	43932741	rs4627402	chr17	43941401	43943200	17_EnhW2	8661
chr17	43932788	43932789	rs10445365	chr17	43941401	43943200	17_EnhW2	8613
chr17	43932796	43932797	rs10445366	chr17	43941401	43943200	17_EnhW2	8605
chr17	43932797	43932798	rs10445367	chr17	43941401	43943200	17_EnhW2	8604
chr17	43933170	43933171	rs10445368	chr17	43941401	43943200	17_EnhW2	8231
chr17	43933578	43933579	rs62054832	chr17	43941401	43943200	17_EnhW2	7823
chr17	43933672	43933673	rs62054833	chr17	43941401	43943200	17_EnhW2	7729
chr17	43933789	43933790	rs142955985	chr17	43941401	43943200	17_EnhW2	7612
chr17	43933829	43933830	rs80209523	chr17	43941401	43943200	17_EnhW2	7572
chr17	43933833	43933834	rs78993847	chr17	43941401	43943200	17_EnhW2	7568
chr17	43933878	43933879	rs76563578	chr17	43941401	43943200	17_EnhW2	7523
chr17	43934015	43934016	rs111962225	chr17	43941401	43943200	17_EnhW2	7386
chr17	43934115	43934116	rs113093579	chr17	43941401	43943200	17_EnhW2	7286
chr17	43934313	43934314	rs62054834	chr17	43941401	43943200	17_EnhW2	7088
chr17	43934586	43934587	rs112588484	chr17	43941401	43943200	17_EnhW2	6815
chr17	43934671	43934672	rs62054835	chr17	43941401	43943200	17_EnhW2	6730
chr17	43934775	43934776	rs10445369	chr17	43941401	43943200	17_EnhW2	6626
chr17	43934825	43934826	rs10445334	chr17	43941401	43943200	17_EnhW2	6576
chr17	43934895	43934896	rs10445335	chr17	43941401	43943200	17_EnhW2	6506
chr17	43934947	43934948	rs10445336	chr17	43941401	43943200	17_EnhW2	6454
chr17	43935117	43935118	rs10445370	chr17	43941401	43943200	17_EnhW2	6284
chr17	43935887	43935888	rs55996632	chr17	43941401	43943200	17_EnhW2	5514
chr17	43936010	43936011	rs55886302	chr17	43941401	43943200	17_EnhW2	5391
chr17	43936297	43936298	rs56136075	chr17	43941401	43943200	17_EnhW2	5104
chr17	43936803	43936804	rs62054839	chr17	43941401	43943200	17_EnhW2	4598
chr17	43936811	43936812	rs62054840	chr17	43941401	43943200	17_EnhW2	4590
chr17	43937103	43937104	rs62054841	chr17	43941401	43943200	17_EnhW2	4298
chr17	43937161	43937162	rs62054842	chr17	43941401	43943200	17_EnhW2	4240
chr17	43937183	43937184	rs62054843	chr17	43941401	43943200	17_EnhW2	4218
chr17	43937332	43937333	rs62054844	chr17	43941401	43943200	17_EnhW2	4069
chr17	43937459	43937460	rs76627340	chr17	43941401	43943200	17_EnhW2	3942
chr17	43937504	43937505	rs75945623	chr17	43941401	43943200	17_EnhW2	3897
chr17	43937632	43937633	rs79889833	chr17	43941401	43943200	17_EnhW2	3769
chr17	43937670	43937671	rs77625338	chr17	43941401	43943200	17_EnhW2	3731
chr17	43937735	43937736	rs77489223	chr17	43941401	43943200	17_EnhW2	3666
chr17	43938106	43938107	rs55888391	chr17	43941401	43943200	17_EnhW2	3295
chr17	43938393	43938394	rs74872829	chr17	43941401	43943200	17_EnhW2	3008
chr17	43938498	43938499	rs76329216	chr17	43941401	43943200	17_EnhW2	2903
chr17	43938633	43938634	rs62054846	chr17	43941401	43943200	17_EnhW2	2768
chr17	43938795	43938796	rs55646970	chr17	43941401	43943200	17_EnhW2	2606
chr17	43938881	43938882	rs55673092	chr17	43941401	43943200	17_EnhW2	2520
chr17	43939254	43939255	rs56347602	chr17	43941401	43943200	17_EnhW2	2147
chr17	43939388	43939389	rs56026524	chr17	43941401	43943200	17_EnhW2	2013
chr17	43939394	43939395	rs56100710	chr17	43941401	43943200	17_EnhW2	2007
chr17	43939398	43939399	rs56026232	chr17	43941401	43943200	17_EnhW2	2003
chr17	43939431	43939432	rs56249080	chr17	43941401	43943200	17_EnhW2	1970
chr17	43939608	43939609	rs56227067	chr17	43941401	43943200	17_EnhW2	1793
chr17	43939637	43939638	rs55719714	chr17	43941401	43943200	17_EnhW2	1764
chr17	43939658	43939659	rs56299858	chr17	43941401	43943200	17_EnhW2	1743
chr17	43939935	43939936	rs62054857	chr17	43941401	43943200	17_EnhW2	1466
chr17	43940011	43940012	rs75210307	chr17	43941401	43943200	17_EnhW2	1390
chr17	43940019	43940020	rs74944644	chr17	43941401	43943200	17_EnhW2	1382
chr17	43940020	43940021	rs79412431	chr17	43941401	43943200	17_EnhW2	1381
chr17	43940187	43940188	rs62054858	chr17	43941401	43943200	17_EnhW2	1214
chr17	43940496	43940497	rs79406732	chr17	43941401	43943200	17_EnhW2	905
chr17	43940684	43940685	rs62054859	chr17	43941401	43943200	17_EnhW2	717
chr17	43940824	43940825	rs62055460	chr17	43941401	43943200	17_EnhW2	577
chr17	43941349	43941350	rs62055461	chr17	43941401	43943200	17_EnhW2	52
chr17	43941475	43941476	rs62055462	chr17	43941401	43943200	17_EnhW2	0
chr17	43941490	43941491	rs62055463	chr17	43941401	43943200	17_EnhW2	0
chr17	43941607	43941608	rs77652965	chr17	43941401	43943200	17_EnhW2	0
chr17	43941709	43941710	rs75690239	chr17	43941401	43943200	17_EnhW2	0
chr17	43941857	43941858	rs62055464	chr17	43941401	43943200	17_EnhW2	0
chr17	43942045	43942046	rs62055465	chr17	43941401	43943200	17_EnhW2	0
chr17	43942655	43942656	rs62055466	chr17	43941401	43943200	17_EnhW2	0
chr17	43942819	43942820	rs62055467	chr17	43941401	43943200	17_EnhW2	0
chr17	43942999	43943000	rs62055468	chr17	43941401	43943200	17_EnhW2	0
chr17	43943654	43943655	rs62055469	chr17	43941401	43943200	17_EnhW2	455
chr17	43943656	43943657	rs62055470	chr17	43941401	43943200	17_EnhW2	457
chr17	43943754	43943755	rs62055471	chr17	43941401	43943200	17_EnhW2	555
chr17	43943956	43943957	rs56327054	chr17	43941401	43943200	17_EnhW2	757
chr17	43943973	43943974	rs56036719	chr17	43941401	43943200	17_EnhW2	774
chr17	43944157	43944158	rs55781174	chr17	43941401	43943200	17_EnhW2	958
chr17	43944203	43944204	rs12150223	chr17	43941401	43943200	17_EnhW2	1004
chr17	43944518	43944519	rs12150516	chr17	43941401	43943200	17_EnhW2	1319
chr17	43945105	43945106	rs62055475	chr17	43941401	43943200	17_EnhW2	1906
chr17	43945494	43945495	rs62055476	chr17	43947401	43948000	17_EnhW2	1907
chr17	43945854	43945855	rs78637438	chr17	43947401	43948000	17_EnhW2	1547
chr17	43945930	43945931	rs2316771	chr17	43947401	43948000	17_EnhW2	1471
chr17	43945937	43945938	rs62055478	chr17	43947401	43948000	17_EnhW2	1464
chr17	43946111	43946112	rs1078830	chr17	43947401	43948000	17_EnhW2	1290
chr17	43946222	43946223	rs753235	chr17	43947401	43948000	17_EnhW2	1179
chr17	43946290	43946291	rs886249	chr17	43947401	43948000	17_EnhW2	1111
chr17	43946317	43946318	rs753236	chr17	43947401	43948000	17_EnhW2	1084
chr17	43946422	43946423	rs2316772	chr17	43947401	43948000	17_EnhW2	979
chr17	43946535	43946536	rs2316773	chr17	43947401	43948000	17_EnhW2	866
chr17	43946641	43946642	rs2316774	chr17	43947401	43948000	17_EnhW2	760
chr17	43946706	43946707	rs739643	chr17	43947401	43948000	17_EnhW2	695
chr17	43946837	43946838	rs739642	chr17	43947401	43948000	17_EnhW2	564
chr17	43946874	43946875	rs757055	chr17	43947401	43948000	17_EnhW2	527
chr17	43947170	43947171	rs75676226	chr17	43947401	43948000	17_EnhW2	231
chr17	43947175	43947176	rs67983220	chr17	43947401	43948000	17_EnhW2	226
chr17	43947487	43947488	rs56398500	chr17	43947401	43948000	17_EnhW2	0
chr17	43947927	43947928	rs56289364	chr17	43947401	43948000	17_EnhW2	0
chr17	43948039	43948040	rs62055483	chr17	43947401	43948000	17_EnhW2	40
chr17	43948158	43948159	rs78238042	chr17	43947401	43948000	17_EnhW2	159
chr17	43948346	43948347	rs6503451	chr17	43947401	43948000	17_EnhW2	347
chr17	43948732	43948733	rs55673340	chr17	43947401	43948000	17_EnhW2	733
chr17	43948976	43948977	rs55967721	chr17	43947401	43948000	17_EnhW2	977
chr17	43949007	43949008	rs111644193	chr17	43947401	43948000	17_EnhW2	1008
chr17	43949091	43949092	rs62055486	chr17	43947401	43948000	17_EnhW2	1092
chr17	43949341	43949342	rs34739559	chr17	43947401	43948000	17_EnhW2	1342
chr17	43949447	43949448	rs34097347	chr17	43947401	43948000	17_EnhW2	1448
chr17	43949891	43949892	rs2106784	chr17	43947401	43948000	17_EnhW2	1892
chr17	43950194	43950195	rs2158072	chr17	43947401	43948000	17_EnhW2	2195
chr17	43950321	43950322	rs9898399	chr17	43947401	43948000	17_EnhW2	2322
chr17	43950393	43950394	rs62055488	chr17	43947401	43948000	17_EnhW2	2394
chr17	43950440	43950441	rs62055489	chr17	43947401	43948000	17_EnhW2	2441
chr17	43950532	43950533	rs62055490	chr17	43947401	43948000	17_EnhW2	2533
chr17	43951119	43951120	rs62055491	chr17	43947401	43948000	17_EnhW2	3120
chr17	43951219	43951220	rs34416056	chr17	43947401	43948000	17_EnhW2	3220
chr17	43951344	43951345	rs62055492	chr17	43947401	43948000	17_EnhW2	3345
chr17	43951716	43951717	rs2055794	chr17	43947401	43948000	17_EnhW2	3717
chr17	43951994	43951995	rs2055795	chr17	43947401	43948000	17_EnhW2	3995
chr17	43952190	43952191	rs2055796	chr17	43947401	43948000	17_EnhW2	4191
chr17	43952633	43952634	rs80348388	chr17	43947401	43948000	17_EnhW2	4634
chr17	43952943	43952944	rs62055493	chr17	43947401	43948000	17_EnhW2	4944
chr17	43953015	43953016	rs62055494	chr17	43947401	43948000	17_EnhW2	5016
chr17	43953042	43953043	rs62055495	chr17	43947401	43948000	17_EnhW2	5043
chr17	43953169	43953170	rs111321973	chr17	43947401	43948000	17_EnhW2	5170
chr17	43953178	43953179	rs140713557	chr17	43947401	43948000	17_EnhW2	5179
chr17	43953306	43953307	rs62055496	chr17	43947401	43948000	17_EnhW2	5307
chr17	43953528	43953529	rs62055497	chr17	43947401	43948000	17_EnhW2	5529
chr17	43953694	43953695	rs2188888	chr17	43947401	43948000	17_EnhW2	5695
chr17	43953706	43953707	rs3919455	chr17	43947401	43948000	17_EnhW2	5707
chr17	43953718	43953719	rs2214258	chr17	43947401	43948000	17_EnhW2	5719
chr17	43953813	43953814	rs62055498	chr17	43947401	43948000	17_EnhW2	5814
chr17	43953990	43953991	rs62055499	chr17	43947401	43948000	17_EnhW2	5991
chr17	43954133	43954134	rs62055500	chr17	43947401	43948000	17_EnhW2	6134
chr17	43954226	43954227	rs62055501	chr17	43947401	43948000	17_EnhW2	6227
chr17	43954283	43954284	rs62055502	chr17	43947401	43948000	17_EnhW2	6284
chr17	43954685	43954686	rs916793	chr17	43947401	43948000	17_EnhW2	6686
chr17	43955029	43955030	rs4441322	chr17	43947401	43948000	17_EnhW2	7030
chr17	43955092	43955093	rs113414067	chr17	43947401	43948000	17_EnhW2	7093
chr17	43955364	43955365	rs55905252	chr17	43947401	43948000	17_EnhW2	7365
chr17	43955486	43955487	rs17691328	chr17	43947401	43948000	17_EnhW2	7487
chr17	43956369	43956370	rs62055515	chr17	43947401	43948000	17_EnhW2	8370
chr17	43956389	43956390	rs62055516	chr17	43947401	43948000	17_EnhW2	8390
chr17	43956424	43956425	rs62055517	chr17	43947401	43948000	17_EnhW2	8425
chr17	43956504	43956505	rs62055518	chr17	43947401	43948000	17_EnhW2	8505
chr17	43956641	43956642	rs56364632	chr17	43947401	43948000	17_EnhW2	8642
chr17	43956733	43956734	rs55768605	chr17	43947401	43948000	17_EnhW2	8734
chr17	43956777	43956778	rs55653657	chr17	43947401	43948000	17_EnhW2	8778
chr17	43957220	43957221	rs55894109	chr17	43947401	43948000	17_EnhW2	9221
chr17	43957268	43957269	rs56101773	chr17	43947401	43948000	17_EnhW2	9269
chr17	43957327	43957328	rs56249780	chr17	43947401	43948000	17_EnhW2	9328
chr17	43958078	43958079	rs56040418	chr17	43947401	43948000	17_EnhW2	10079
chr17	43958098	43958099	rs55721252	chr17	43947401	43948000	17_EnhW2	10099
chr17	43958138	43958139	rs55876817	chr17	43947401	43948000	17_EnhW2	10139
chr17	43958171	43958172	rs55944735	chr17	43947401	43948000	17_EnhW2	10172
chr17	43958361	43958362	rs56356641	chr17	43947401	43948000	17_EnhW2	10362
chr17	43958430	43958431	rs55711631	chr17	43947401	43948000	17_EnhW2	10431
chr17	43958735	43958736	rs62055525	chr17	43947401	43948000	17_EnhW2	10736
chr17	43958743	43958744	rs112915466	chr17	43947401	43948000	17_EnhW2	10744
chr17	43959091	43959092	rs56343551	chr17	43947401	43948000	17_EnhW2	11092
chr17	43959112	43959113	rs55975673	chr17	43947401	43948000	17_EnhW2	11113
chr17	43959260	43959261	rs56387391	chr17	43947401	43948000	17_EnhW2	11261
chr17	43959660	43959661	rs2019816	chr17	43947401	43948000	17_EnhW2	11661
chr17	43959751	43959752	rs2006305	chr17	43947401	43948000	17_EnhW2	11752
chr17	43959917	43959918	rs2019822	chr17	43947401	43948000	17_EnhW2	11918
chr17	43960019	43960020	rs62055529	chr17	43947401	43948000	17_EnhW2	12020
chr17	43960171	43960172	rs79580365	chr17	43947401	43948000	17_EnhW2	12172
chr17	43960282	43960283	rs55937610	chr17	43947401	43948000	17_EnhW2	12283
chr17	43960322	43960323	rs56365901	chr17	43947401	43948000	17_EnhW2	12323
chr17	43960324	43960325	rs55767267	chr17	43947401	43948000	17_EnhW2	12325
chr17	43960340	43960341	rs56127309	chr17	43947401	43948000	17_EnhW2	12341
chr17	43960599	43960600	rs56194412	chr17	43947401	43948000	17_EnhW2	12600
chr17	43960811	43960812	rs56338487	chr17	43947401	43948000	17_EnhW2	12812
chr17	43960910	43960911	rs56180212	chr17	43947401	43948000	17_EnhW2	12911
chr17	43960917	43960918	rs56301449	chr17	43947401	43948000	17_EnhW2	12918
chr17	43960996	43960997	rs62055538	chr17	43947401	43948000	17_EnhW2	12997
chr17	43961043	43961044	rs62055539	chr17	43947401	43948000	17_EnhW2	13044
chr17	43961141	43961142	rs62055540	chr17	43947401	43948000	17_EnhW2	13142
chr17	43961291	43961292	rs17770108	chr17	43947401	43948000	17_EnhW2	13292
chr17	43961711	43961712	rs374039905	chr17	43947401	43948000	17_EnhW2	13712
chr17	43962016	43962017	rs62055541	chr17	43947401	43948000	17_EnhW2	14017
chr17	43962981	43962982	rs77426526	chr17	43947401	43948000	17_EnhW2	14982
chr17	43963045	43963046	rs77129180	chr17	43947401	43948000	17_EnhW2	15046
chr17	43963119	43963120	rs74863825	chr17	43947401	43948000	17_EnhW2	15120
chr17	43963281	43963282	rs80254317	chr17	43947401	43948000	17_EnhW2	15282
chr17	43963415	43963416	rs112425426	chr17	43947401	43948000	17_EnhW2	15416
chr17	43963843	43963844	rs62055542	chr17	43947401	43948000	17_EnhW2	15844
chr17	43963942	43963943	rs17770120	chr17	43947401	43948000	17_EnhW2	15943
chr17	43964162	43964163	rs17770150	chr17	43947401	43948000	17_EnhW2	16163
chr17	43964190	43964191	rs17770186	chr17	43947401	43948000	17_EnhW2	16191
chr17	43964282	43964283	rs17691449	chr17	43947401	43948000	17_EnhW2	16283
chr17	43964538	43964539	rs62055544	chr17	43947401	43948000	17_EnhW2	16539
chr17	43964560	43964561	rs62055545	chr17	43947401	43948000	17_EnhW2	16561
chr17	43964566	43964567	rs62055546	chr17	43947401	43948000	17_EnhW2	16567
chr17	43964754	43964755	rs62055547	chr17	43947401	43948000	17_EnhW2	16755
chr17	43964898	43964899	rs62055548	chr17	43947401	43948000	17_EnhW2	16899
chr17	43965062	43965063	rs113327263	chr17	43947401	43948000	17_EnhW2	17063
chr17	43965594	43965595	rs62055549	chr17	43947401	43948000	17_EnhW2	17595
chr17	43965679	43965680	rs62055550	chr17	43947401	43948000	17_EnhW2	17680
chr17	43965686	43965687	rs62055551	chr17	43947401	43948000	17_EnhW2	17687
chr17	43965954	43965955	rs62055552	chr17	43947401	43948000	17_EnhW2	17955
chr17	43966177	43966178	rs62055553	chr17	43947401	43948000	17_EnhW2	18178
chr17	43966259	43966260	rs62055554	chr17	43947401	43948000	17_EnhW2	18260
chr17	43966281	43966282	rs62055555	chr17	43947401	43948000	17_EnhW2	18282
chr17	43966607	43966608	rs111941646	chr17	43947401	43948000	17_EnhW2	18608
chr17	43966748	43966749	rs62055556	chr17	43947401	43948000	17_EnhW2	18749
chr17	43966794	43966795	rs62055557	chr17	43947401	43948000	17_EnhW2	18795
chr17	43966954	43966955	rs62055558	chr17	43985601	43986400	17_EnhW2	18647
chr17	43967137	43967138	rs62055559	chr17	43985601	43986400	17_EnhW2	18464
chr17	43967561	43967562	rs79193046	chr17	43985601	43986400	17_EnhW2	18040
chr17	43968218	43968219	rs17691466	chr17	43985601	43986400	17_EnhW2	17383
chr17	43968414	43968415	rs7210728	chr17	43985601	43986400	17_EnhW2	17187
chr17	43968462	43968463	rs17691508	chr17	43985601	43986400	17_EnhW2	17139
chr17	43968571	43968572	rs62056760	chr17	43985601	43986400	17_EnhW2	17030
chr17	43968873	43968874	rs55943606	chr17	43985601	43986400	17_EnhW2	16728
chr17	43968936	43968937	rs55895732	chr17	43985601	43986400	17_EnhW2	16665
chr17	43968993	43968994	rs55960528	chr17	43985601	43986400	17_EnhW2	16608
chr17	43969018	43969019	rs55877243	chr17	43985601	43986400	17_EnhW2	16583
chr17	43969135	43969136	rs17770296	chr17	43985601	43986400	17_EnhW2	16466
chr17	43969167	43969168	rs17691556	chr17	43985601	43986400	17_EnhW2	16434
chr17	43969685	43969686	rs62056761	chr17	43985601	43986400	17_EnhW2	15916
chr17	43969778	43969779	rs17770337	chr17	43985601	43986400	17_EnhW2	15823
chr17	43969832	43969833	rs62056773	chr17	43985601	43986400	17_EnhW2	15769
chr17	43969900	43969901	rs62056774	chr17	43985601	43986400	17_EnhW2	15701
chr17	43969951	43969952	rs62056775	chr17	43985601	43986400	17_EnhW2	15650
chr17	43969994	43969995	rs62056776	chr17	43985601	43986400	17_EnhW2	15607
chr17	43970011	43970012	rs146712066	chr17	43985601	43986400	17_EnhW2	15590
chr17	43970107	43970108	rs78729125	chr17	43985601	43986400	17_EnhW2	15494
chr17	43970153	43970154	rs17770343	chr17	43985601	43986400	17_EnhW2	15448
chr17	43970302	43970303	rs62056777	chr17	43985601	43986400	17_EnhW2	15299
chr17	43970661	43970662	rs17691610	chr17	43985601	43986400	17_EnhW2	14940
chr17	43971237	43971238	rs138325961	chr17	43985601	43986400	17_EnhW2	14364
chr17	43971456	43971457	rs76594404	chr17	43985601	43986400	17_EnhW2	14145
chr17	43971480	43971481	rs80233201	chr17	43985601	43986400	17_EnhW2	14121
chr17	43971603	43971604	rs62056778	chr17	43985601	43986400	17_EnhW2	13998
chr17	43971784	43971785	rs11575895	chr17	43985601	43986400	17_EnhW2	13817
chr17	43971936	43971937	rs62056779	chr17	43985601	43986400	17_EnhW2	13665
chr17	43972024	43972025	rs144722105	chr17	43985601	43986400	17_EnhW2	13577
chr17	43972141	43972142	rs11575896	chr17	43985601	43986400	17_EnhW2	13460
chr17	43972580	43972581	rs74457229	chr17	43985601	43986400	17_EnhW2	13021
chr17	43973079	43973080	rs74548327	chr17	43985601	43986400	17_EnhW2	12522
chr17	43973120	43973121	rs111972148	chr17	43985601	43986400	17_EnhW2	12481
chr17	43973232	43973233	rs76324150	chr17	43985601	43986400	17_EnhW2	12369
chr17	43973407	43973408	rs113347741	chr17	43985601	43986400	17_EnhW2	12194
chr17	43973412	43973413	rs78720789	chr17	43985601	43986400	17_EnhW2	12189
chr17	43973497	43973498	rs4792891	chr17	43985601	43986400	17_EnhW2	12104
chr17	43973651	43973652	rs62056780	chr17	43985601	43986400	17_EnhW2	11950
chr17	43973898	43973899	rs62056781	chr17	43985601	43986400	17_EnhW2	11703
chr17	43974064	43974065	rs74496580	chr17	43985601	43986400	17_EnhW2	11537
chr17	43974229	43974230	rs62056782	chr17	43985601	43986400	17_EnhW2	11372
chr17	43974353	43974354	rs113161176	chr17	43985601	43986400	17_EnhW2	11248
chr17	43974475	43974476	rs80346216	chr17	43985601	43986400	17_EnhW2	11126
chr17	43974476	43974477	rs76632685	chr17	43985601	43986400	17_EnhW2	11125
chr17	43974548	43974549	rs62056783	chr17	43985601	43986400	17_EnhW2	11053
chr17	43974888	43974889	rs62056784	chr17	43985601	43986400	17_EnhW2	10713
chr17	43975262	43975263	rs62056785	chr17	43985601	43986400	17_EnhW2	10339
chr17	43975284	43975285	rs62056786	chr17	43985601	43986400	17_EnhW2	10317
chr17	43975359	43975360	rs151131666	chr17	43985601	43986400	17_EnhW2	10242
chr17	43975381	43975382	rs62056788	chr17	43985601	43986400	17_EnhW2	10220
chr17	43975414	43975415	rs62056789	chr17	43985601	43986400	17_EnhW2	10187
chr17	43975416	43975417	rs62056790	chr17	43985601	43986400	17_EnhW2	10185
chr17	43976063	43976064	rs62056791	chr17	43985601	43986400	17_EnhW2	9538
chr17	43976626	43976627	rs77561671	chr17	43985601	43986400	17_EnhW2	8975
chr17	43976643	43976644	rs62056792	chr17	43985601	43986400	17_EnhW2	8958
chr17	43976683	43976684	rs9303523	chr17	43985601	43986400	17_EnhW2	8918
chr17	43977017	43977018	rs62056793	chr17	43985601	43986400	17_EnhW2	8584
chr17	43977048	43977049	rs62056794	chr17	43985601	43986400	17_EnhW2	8553
chr17	43977701	43977702	rs1864324	chr17	43985601	43986400	17_EnhW2	7900
chr17	43977826	43977827	rs1864325	chr17	43985601	43986400	17_EnhW2	7775
chr17	43977845	43977846	rs28646281	chr17	43985601	43986400	17_EnhW2	7756
chr17	43978040	43978041	rs62056795	chr17	43985601	43986400	17_EnhW2	7561
chr17	43978119	43978120	rs62056796	chr17	43985601	43986400	17_EnhW2	7482
chr17	43978294	43978295	rs55691306	chr17	43985601	43986400	17_EnhW2	7307
chr17	43978305	43978306	rs56306380	chr17	43985601	43986400	17_EnhW2	7296
chr17	43978307	43978308	rs55841786	chr17	43985601	43986400	17_EnhW2	7294
chr17	43978319	43978320	rs55823844	chr17	43985601	43986400	17_EnhW2	7282
chr17	43978533	43978534	rs1560310	chr17	43985601	43986400	17_EnhW2	7068
chr17	43978603	43978604	rs1467962	chr17	43985601	43986400	17_EnhW2	6998
chr17	43978624	43978625	rs1560311	chr17	43985601	43986400	17_EnhW2	6977
chr17	43978933	43978934	rs1467963	chr17	43985601	43986400	17_EnhW2	6668
chr17	43978987	43978988	rs1560312	chr17	43985601	43986400	17_EnhW2	6614
chr17	43979467	43979468	rs62056800	chr17	43985601	43986400	17_EnhW2	6134
chr17	43979503	43979504	rs62056801	chr17	43985601	43986400	17_EnhW2	6098
chr17	43979621	43979622	rs113834264	chr17	43985601	43986400	17_EnhW2	5980
chr17	43979821	43979822	rs2099151	chr17	43985601	43986400	17_EnhW2	5780
chr17	43979970	43979971	rs2082068	chr17	43985601	43986400	17_EnhW2	5631
chr17	43980529	43980530	rs1984937	chr17	43985601	43986400	17_EnhW2	5072
chr17	43980761	43980762	rs62056802	chr17	43985601	43986400	17_EnhW2	4840
chr17	43980997	43980998	rs112003140	chr17	43985601	43986400	17_EnhW2	4604
chr17	43981102	43981103	rs111689007	chr17	43985601	43986400	17_EnhW2	4499
chr17	43981794	43981795	rs113589236	chr17	43985601	43986400	17_EnhW2	3807
chr17	43981830	43981831	rs113029914	chr17	43985601	43986400	17_EnhW2	3771
chr17	43981957	43981958	rs112275277	chr17	43985601	43986400	17_EnhW2	3644
chr17	43982068	43982069	rs367820416	chr17	43985601	43986400	17_EnhW2	3533
chr17	43982158	43982159	rs62056803	chr17	43985601	43986400	17_EnhW2	3443
chr17	43982285	43982286	rs62056804	chr17	43985601	43986400	17_EnhW2	3316
chr17	43982902	43982903	rs77084869	chr17	43985601	43986400	17_EnhW2	2699
chr17	43982960	43982961	rs74573628	chr17	43985601	43986400	17_EnhW2	2641
chr17	43983158	43983159	rs75617973	chr17	43985601	43986400	17_EnhW2	2443
chr17	43983362	43983363	rs62056805	chr17	43985601	43986400	17_EnhW2	2239
chr17	43983800	43983801	rs62056806	chr17	43985601	43986400	17_EnhW2	1801
chr17	43984252	43984253	rs62056807	chr17	43985601	43986400	17_EnhW2	1349
chr17	43984398	43984399	rs1467966	chr17	43985601	43986400	17_EnhW2	1203
chr17	43984645	43984646	rs62056808	chr17	43985601	43986400	17_EnhW2	956
chr17	43984668	43984669	rs62056809	chr17	43985601	43986400	17_EnhW2	933
chr17	43984671	43984672	rs62056810	chr17	43985601	43986400	17_EnhW2	930
chr17	43984863	43984864	rs79492906	chr17	43985601	43986400	17_EnhW2	738
chr17	43985246	43985247	rs62056811	chr17	43985601	43986400	17_EnhW2	355
chr17	43985596	43985597	rs74509629	chr17	43985601	43986400	17_EnhW2	5
chr17	43985661	43985662	rs79290980	chr17	43985601	43986400	17_EnhW2	0
chr17	43986395	43986396	rs1467968	chr17	43985601	43986400	17_EnhW2	0
chr17	43986419	43986420	rs4371195	chr17	43985601	43986400	17_EnhW2	20
chr17	43986431	43986432	rs12150125	chr17	43985601	43986400	17_EnhW2	32
chr17	43986461	43986462	rs12150527	chr17	43985601	43986400	17_EnhW2	62
chr17	43986991	43986992	rs7502888	chr17	43985601	43986400	17_EnhW2	592
chr17	43987153	43987154	rs62056812	chr17	43985601	43986400	17_EnhW2	754
chr17	43987183	43987184	rs111447859	chr17	43985601	43986400	17_EnhW2	784
chr17	43987722	43987723	rs28439143	chr17	43985601	43986400	17_EnhW2	1323
chr17	43987800	43987801	rs56189701	chr17	43985601	43986400	17_EnhW2	1401
chr17	43988204	43988205	rs2435204	chr17	43985601	43986400	17_EnhW2	1805
chr17	43988622	43988623	rs62056835	chr17	43985601	43986400	17_EnhW2	2223
chr17	43988883	43988884	rs62056837	chr17	43985601	43986400	17_EnhW2	2484
chr17	43989086	43989087	rs62056838	chr17	43985601	43986400	17_EnhW2	2687
chr17	43989128	43989129	rs66760063	chr17	43985601	43986400	17_EnhW2	2729
chr17	43989148	43989149	rs199995459	chr17	43985601	43986400	17_EnhW2	2749
chr17	43989220	43989221	rs62056839	chr17	43985601	43986400	17_EnhW2	2821
chr17	43989688	43989689	rs62056840	chr17	43985601	43986400	17_EnhW2	3289
chr17	43989897	43989898	rs112116311	chr17	43985601	43986400	17_EnhW2	3498
chr17	43989908	43989909	rs78209533	chr17	43985601	43986400	17_EnhW2	3509
chr17	43990040	43990041	rs62056841	chr17	43985601	43986400	17_EnhW2	3641
chr17	43990071	43990072	rs79860128	chr17	43985601	43986400	17_EnhW2	3672
chr17	43990661	43990662	rs9944484	chr17	43985601	43986400	17_EnhW2	4262
chr17	43990918	43990919	rs17563965	chr17	43985601	43986400	17_EnhW2	4519
chr17	43991271	43991272	rs17563986	chr17	43985601	43986400	17_EnhW2	4872
chr17	43991552	43991553	rs564310304	chr17	43985601	43986400	17_EnhW2	5153
chr17	43991780	43991781	rs17564020	chr17	43985601	43986400	17_EnhW2	5381
chr17	43991887	43991888	rs55682376	chr17	43985601	43986400	17_EnhW2	5488
chr17	43992232	43992233	rs55788678	chr17	43985601	43986400	17_EnhW2	5833
chr17	43992243	43992244	rs56042957	chr17	43985601	43986400	17_EnhW2	5844
chr17	43992282	43992283	rs55810795	chr17	43985601	43986400	17_EnhW2	5883
chr17	43992304	43992305	rs55933304	chr17	43985601	43986400	17_EnhW2	5905
chr17	43992455	43992456	rs62056848	chr17	43985601	43986400	17_EnhW2	6056
chr17	43992462	43992463	rs62056849	chr17	43985601	43986400	17_EnhW2	6063
chr17	43992580	43992581	rs62056850	chr17	43985601	43986400	17_EnhW2	6181
chr17	43992805	43992806	rs62056851	chr17	43985601	43986400	17_EnhW2	6406
chr17	43992938	43992939	rs62056856	chr17	43985601	43986400	17_EnhW2	6539
chr17	43992942	43992943	rs9899833	chr17	43985601	43986400	17_EnhW2	6543
chr17	43994251	43994252	rs77926909	chr17	43985601	43986400	17_EnhW2	7852
chr17	43994357	43994358	rs111541901	chr17	43985601	43986400	17_EnhW2	7958
chr17	43994385	43994386	rs17649518	chr17	43985601	43986400	17_EnhW2	7986
chr17	43994434	43994435	rs62056859	chr17	43985601	43986400	17_EnhW2	8035
chr17	43994622	43994623	rs112647192	chr17	43985601	43986400	17_EnhW2	8223
chr17	43994647	43994648	rs17649553	chr17	43985601	43986400	17_EnhW2	8248
chr17	43994951	43994952	rs17649571	chr17	43985601	43986400	17_EnhW2	8552
chr17	43995097	43995098	rs17564153	chr17	43985601	43986400	17_EnhW2	8698
chr17	43995138	43995139	rs200326647	chr17	43985601	43986400	17_EnhW2	8739
chr17	43995989	43995990	rs17649635	chr17	43985601	43986400	17_EnhW2	9590
chr17	43996429	43996430	rs370497097	chr17	43985601	43986400	17_EnhW2	10030
chr17	43996907	43996908	rs55760800	chr17	43985601	43986400	17_EnhW2	10508
chr17	43996959	43996960	rs56303672	chr17	43985601	43986400	17_EnhW2	10560
chr17	43997371	43997372	rs17649641	chr17	43985601	43986400	17_EnhW2	10972
chr17	43997498	43997499	rs75046472	chr17	43985601	43986400	17_EnhW2	11099
chr17	43997519	43997520	rs17564223	chr17	43985601	43986400	17_EnhW2	11120
chr17	43997900	43997901	rs17649700	chr17	43985601	43986400	17_EnhW2	11501
chr17	43998150	43998151	rs62058962	chr17	43985601	43986400	17_EnhW2	11751
chr17	43998327	43998328	rs1467969	chr17	43985601	43986400	17_EnhW2	11928
chr17	43998573	43998574	rs1467970	chr17	43985601	43986400	17_EnhW2	12174
chr17	43998766	43998767	rs767058	chr17	43985601	43986400	17_EnhW2	12367
chr17	43998821	43998822	rs767057	chr17	43985601	43986400	17_EnhW2	12422
chr17	43998909	43998910	rs767056	chr17	43985601	43986400	17_EnhW2	12510
chr17	43999405	43999406	rs62058964	chr17	43985601	43986400	17_EnhW2	13006
chr17	43999528	43999529	rs62058965	chr17	43985601	43986400	17_EnhW2	13129
chr17	43999784	43999785	rs1967981	chr17	43985601	43986400	17_EnhW2	13385
chr17	43999792	43999793	rs1476127	chr17	43985601	43986400	17_EnhW2	13393
chr17	44000201	44000202	rs55929431	chr17	43985601	43986400	17_EnhW2	13802
chr17	44000233	44000234	rs8079501	chr17	43985601	43986400	17_EnhW2	13834
chr17	44000504	44000505	rs56002706	chr17	43985601	43986400	17_EnhW2	14105
chr17	44000609	44000610	rs8078495	chr17	43985601	43986400	17_EnhW2	14210
chr17	44000913	44000914	rs17649866	chr17	43985601	43986400	17_EnhW2	14514
chr17	44001227	44001228	rs62058968	chr17	43985601	43986400	17_EnhW2	14828
chr17	44001378	44001379	rs17564493	chr17	43985601	43986400	17_EnhW2	14979
chr17	44001620	44001621	rs17649918	chr17	44016801	44017400	17_EnhW2	15181
chr17	44001660	44001661	rs17649954	chr17	44016801	44017400	17_EnhW2	15141
chr17	44001956	44001957	rs55685451	chr17	44016801	44017400	17_EnhW2	14845
chr17	44002061	44002062	rs17564591	chr17	44016801	44017400	17_EnhW2	14740
chr17	44002137	44002138	rs17564619	chr17	44016801	44017400	17_EnhW2	14664
chr17	44002430	44002431	rs62059003	chr17	44016801	44017400	17_EnhW2	14371
chr17	44002554	44002555	rs17650063	chr17	44016801	44017400	17_EnhW2	14247
chr17	44002594	44002595	rs17564703	chr17	44016801	44017400	17_EnhW2	14207
chr17	44002968	44002969	rs76090253	chr17	44016801	44017400	17_EnhW2	13833
chr17	44003132	44003133	rs147319425	chr17	44016801	44017400	17_EnhW2	13669
chr17	44003396	44003397	rs55788597	chr17	44016801	44017400	17_EnhW2	13405
chr17	44003445	44003446	rs56197117	chr17	44016801	44017400	17_EnhW2	13356
chr17	44003579	44003580	rs371618052	chr17	44016801	44017400	17_EnhW2	13222
chr17	44003598	44003599	rs56249311	chr17	44016801	44017400	17_EnhW2	13203
chr17	44003624	44003625	rs137941099	chr17	44016801	44017400	17_EnhW2	13177
chr17	44003892	44003893	rs62059004	chr17	44016801	44017400	17_EnhW2	12909
chr17	44004075	44004076	rs76500077	chr17	44016801	44017400	17_EnhW2	12726
chr17	44004471	44004472	rs62059005	chr17	44016801	44017400	17_EnhW2	12330
chr17	44005185	44005186	rs113313477	chr17	44016801	44017400	17_EnhW2	11616
chr17	44005225	44005226	rs112439933	chr17	44016801	44017400	17_EnhW2	11576
chr17	44005253	44005254	rs113796169	chr17	44016801	44017400	17_EnhW2	11548
chr17	44005328	44005329	rs112454267	chr17	44016801	44017400	17_EnhW2	11473
chr17	44005360	44005361	rs112166495	chr17	44016801	44017400	17_EnhW2	11441
chr17	44005412	44005413	rs17564780	chr17	44016801	44017400	17_EnhW2	11389
chr17	44005614	44005615	rs62059007	chr17	44016801	44017400	17_EnhW2	11187
chr17	44006084	44006085	rs62059008	chr17	44016801	44017400	17_EnhW2	10717
chr17	44006129	44006130	rs62059009	chr17	44016801	44017400	17_EnhW2	10672
chr17	44006251	44006252	rs62061705	chr17	44016801	44017400	17_EnhW2	10550
chr17	44006600	44006601	rs17564829	chr17	44016801	44017400	17_EnhW2	10201
chr17	44006895	44006896	rs62061706	chr17	44016801	44017400	17_EnhW2	9906
chr17	44006953	44006954	rs62061707	chr17	44016801	44017400	17_EnhW2	9848
chr17	44006955	44006956	rs62061708	chr17	44016801	44017400	17_EnhW2	9846
chr17	44007492	44007493	rs62061709	chr17	44016801	44017400	17_EnhW2	9309
chr17	44007726	44007727	rs62061710	chr17	44016801	44017400	17_EnhW2	9075
chr17	44007763	44007764	rs62061711	chr17	44016801	44017400	17_EnhW2	9038
chr17	44009875	44009876	rs62061712	chr17	44016801	44017400	17_EnhW2	6926
chr17	44009920	44009921	rs7501759	chr17	44016801	44017400	17_EnhW2	6881
chr17	44010039	44010040	rs2316782	chr17	44016801	44017400	17_EnhW2	6762
chr17	44010117	44010118	rs2316783	chr17	44016801	44017400	17_EnhW2	6684
chr17	44010363	44010364	rs4255816	chr17	44016801	44017400	17_EnhW2	6438
chr17	44010404	44010405	rs62061713	chr17	44016801	44017400	17_EnhW2	6397
chr17	44010451	44010452	rs62061714	chr17	44016801	44017400	17_EnhW2	6350
chr17	44010462	44010463	rs200924217	chr17	44016801	44017400	17_EnhW2	6339
chr17	44010660	44010661	rs113952577	chr17	44016801	44017400	17_EnhW2	6141
chr17	44010983	44010984	rs78077519	chr17	44016801	44017400	17_EnhW2	5818
chr17	44011017	44011018	rs17564871	chr17	44016801	44017400	17_EnhW2	5784
chr17	44011072	44011073	rs17650258	chr17	44016801	44017400	17_EnhW2	5729
chr17	44011525	44011526	rs62061715	chr17	44016801	44017400	17_EnhW2	5276
chr17	44011748	44011749	rs17564948	chr17	44016801	44017400	17_EnhW2	5053
chr17	44011824	44011825	rs17564983	chr17	44016801	44017400	17_EnhW2	4977
chr17	44012095	44012096	rs62061716	chr17	44016801	44017400	17_EnhW2	4706
chr17	44012247	44012248	rs62061717	chr17	44016801	44017400	17_EnhW2	4554
chr17	44012256	44012257	rs66755419	chr17	44016801	44017400	17_EnhW2	4545
chr17	44012342	44012343	rs17650335	chr17	44016801	44017400	17_EnhW2	4459
chr17	44012462	44012463	rs17565025	chr17	44016801	44017400	17_EnhW2	4339
chr17	44012914	44012915	rs77924424	chr17	44016801	44017400	17_EnhW2	3887
chr17	44012988	44012989	rs62061719	chr17	44016801	44017400	17_EnhW2	3813
chr17	44013023	44013024	rs17650381	chr17	44016801	44017400	17_EnhW2	3778
chr17	44013102	44013103	rs17650417	chr17	44016801	44017400	17_EnhW2	3699
chr17	44013188	44013189	rs62061720	chr17	44016801	44017400	17_EnhW2	3613
chr17	44013345	44013346	rs62061721	chr17	44016801	44017400	17_EnhW2	3456
chr17	44013474	44013475	rs79857651	chr17	44016801	44017400	17_EnhW2	3327
chr17	44013482	44013483	rs113756354	chr17	44016801	44017400	17_EnhW2	3319
chr17	44013937	44013938	rs12150111	chr17	44016801	44017400	17_EnhW2	2864
chr17	44013963	44013964	rs55939347	chr17	44016801	44017400	17_EnhW2	2838
chr17	44014136	44014137	rs12150460	chr17	44016801	44017400	17_EnhW2	2665
chr17	44014262	44014263	rs12150195	chr17	44016801	44017400	17_EnhW2	2539
chr17	44014383	44014384	rs55874169	chr17	44016801	44017400	17_EnhW2	2418
chr17	44014980	44014981	rs62061723	chr17	44016801	44017400	17_EnhW2	1821
chr17	44014981	44014982	rs62061724	chr17	44016801	44017400	17_EnhW2	1820
chr17	44015445	44015446	rs12150229	chr17	44016801	44017400	17_EnhW2	1356
chr17	44015463	44015464	rs12150230	chr17	44016801	44017400	17_EnhW2	1338
chr17	44015623	44015624	rs12150576	chr17	44016801	44017400	17_EnhW2	1178
chr17	44015744	44015745	rs12150235	chr17	44016801	44017400	17_EnhW2	1057
chr17	44015815	44015816	rs12150242	chr17	44016801	44017400	17_EnhW2	986
chr17	44015928	44015929	rs12150104	chr17	44016801	44017400	17_EnhW2	873
chr17	44016156	44016157	rs62061725	chr17	44016801	44017400	17_EnhW2	645
chr17	44016340	44016341	rs62061726	chr17	44016801	44017400	17_EnhW2	461
chr17	44016461	44016462	rs113537106	chr17	44016801	44017400	17_EnhW2	340
chr17	44017123	44017124	rs62061727	chr17	44016801	44017400	17_EnhW2	0
chr17	44017179	44017180	rs62061728	chr17	44016801	44017400	17_EnhW2	0
chr17	44017282	44017283	rs62061729	chr17	44016801	44017400	17_EnhW2	0
chr17	44017341	44017342	rs62061730	chr17	44016801	44017400	17_EnhW2	0
chr17	44017665	44017666	rs62061731	chr17	44016801	44017400	17_EnhW2	266
chr17	44017940	44017941	rs62061732	chr17	44016801	44017400	17_EnhW2	541
chr17	44018398	44018399	rs62061733	chr17	44019201	44019600	17_EnhW2	803
chr17	44018518	44018519	rs7210219	chr17	44019201	44019600	17_EnhW2	683
chr17	44019106	44019107	rs111825734	chr17	44019201	44019600	17_EnhW2	95
chr17	44019478	44019479	rs62062768	chr17	44019201	44019600	17_EnhW2	0
chr17	44019642	44019643	rs62062769	chr17	44019601	44020000	16_EnhW1	0
chr17	44019679	44019680	rs62062770	chr17	44019601	44020000	16_EnhW1	0
chr17	44020281	44020282	rs62062771	chr17	44020001	44020400	17_EnhW2	0
chr17	44020313	44020314	rs62062772	chr17	44020001	44020400	17_EnhW2	0
chr17	44020544	44020545	rs62062773	chr17	44020001	44020400	17_EnhW2	145
chr17	44021060	44021061	rs79115768	chr17	44020001	44020400	17_EnhW2	661
chr17	44021217	44021218	rs28416808	chr17	44020001	44020400	17_EnhW2	818
chr17	44021462	44021463	rs62062774	chr17	44020001	44020400	17_EnhW2	1063
chr17	44021698	44021699	rs2316784	chr17	44020001	44020400	17_EnhW2	1299
chr17	44021716	44021717	rs4327091	chr17	44020001	44020400	17_EnhW2	1317
chr17	44021743	44021744	rs4479290	chr17	44020001	44020400	17_EnhW2	1344
chr17	44022042	44022043	rs62062776	chr17	44020001	44020400	17_EnhW2	1643
chr17	44022067	44022068	rs62062777	chr17	44020001	44020400	17_EnhW2	1668
chr17	44022318	44022319	rs75839508	chr17	44020001	44020400	17_EnhW2	1919
chr17	44022375	44022376	rs75686108	chr17	44020001	44020400	17_EnhW2	1976
chr17	44022432	44022433	rs79765413	chr17	44020001	44020400	17_EnhW2	2033
chr17	44022433	44022434	rs78834738	chr17	44020001	44020400	17_EnhW2	2034
chr17	44022527	44022528	rs62062778	chr17	44020001	44020400	17_EnhW2	2128
chr17	44022576	44022577	rs62062779	chr17	44020001	44020400	17_EnhW2	2177
chr17	44022592	44022593	rs62062780	chr17	44020001	44020400	17_EnhW2	2193
chr17	44022631	44022632	rs62062781	chr17	44020001	44020400	17_EnhW2	2232
chr17	44023086	44023087	rs62062782	chr17	44020001	44020400	17_EnhW2	2687
chr17	44023519	44023520	rs62062783	chr17	44026001	44026200	16_EnhW1	2482
chr17	44023827	44023828	rs34232924	chr17	44026001	44026200	16_EnhW1	2174
chr17	44023841	44023842	rs35163442	chr17	44026001	44026200	16_EnhW1	2160
chr17	44024551	44024552	rs62062784	chr17	44026001	44026200	16_EnhW1	1450
chr17	44024561	44024562	rs62062785	chr17	44026001	44026200	16_EnhW1	1440
chr17	44024659	44024660	rs62062786	chr17	44026001	44026200	16_EnhW1	1342
chr17	44024864	44024865	rs62062787	chr17	44026001	44026200	16_EnhW1	1137
chr17	44024905	44024906	rs62062788	chr17	44026001	44026200	16_EnhW1	1096
chr17	44025032	44025033	rs62062789	chr17	44026001	44026200	16_EnhW1	969
chr17	44025044	44025045	rs62062790	chr17	44026001	44026200	16_EnhW1	957
chr17	44025272	44025273	rs62062791	chr17	44026001	44026200	16_EnhW1	729
chr17	44025346	44025347	rs62062792	chr17	44026001	44026200	16_EnhW1	655
chr17	44025358	44025359	rs140618737	chr17	44026001	44026200	16_EnhW1	643
chr17	44025591	44025592	rs78026984	chr17	44026001	44026200	16_EnhW1	410
chr17	44025649	44025650	rs113395365	chr17	44026001	44026200	16_EnhW1	352
chr17	44025887	44025888	rs242559	chr17	44026001	44026200	16_EnhW1	114
chr17	44026320	44026321	rs62062793	chr17	44026001	44026200	16_EnhW1	121
chr17	44026393	44026394	rs62062794	chr17	44026001	44026200	16_EnhW1	194
chr17	44026477	44026478	rs78556223	chr17	44026001	44026200	16_EnhW1	278
chr17	44026489	44026490	rs77266933	chr17	44026001	44026200	16_EnhW1	290
chr17	44026494	44026495	rs74531363	chr17	44026001	44026200	16_EnhW1	295
chr17	44026547	44026548	rs242561	chr17	44026001	44026200	16_EnhW1	348
chr17	44027089	44027090	rs62062795	chr17	44026001	44026200	16_EnhW1	890
chr17	44027315	44027316	rs62062796	chr17	44026001	44026200	16_EnhW1	1116
chr17	44027365	44027366	rs62062797	chr17	44026001	44026200	16_EnhW1	1166
chr17	44027382	44027383	rs62062798	chr17	44026001	44026200	16_EnhW1	1183
chr17	44027520	44027521	rs62062799	chr17	44028601	44029600	17_EnhW2	1081
chr17	44027752	44027753	rs62062800	chr17	44028601	44029600	17_EnhW2	849
chr17	44028010	44028011	rs62062801	chr17	44028601	44029600	17_EnhW2	591
chr17	44028044	44028045	rs62062802	chr17	44028601	44029600	17_EnhW2	557
chr17	44028182	44028183	rs62062803	chr17	44028601	44029600	17_EnhW2	419
chr17	44028706	44028707	rs74903707	chr17	44028601	44029600	17_EnhW2	0
chr17	44028795	44028796	rs77017444	chr17	44028601	44029600	17_EnhW2	0
chr17	44029177	44029178	rs76839282	chr17	44028601	44029600	17_EnhW2	0
chr17	44030114	44030115	rs17650579	chr17	44028601	44029600	17_EnhW2	515
chr17	44030194	44030195	rs17650597	chr17	44028601	44029600	17_EnhW2	595
chr17	44030230	44030231	rs17650633	chr17	44028601	44029600	17_EnhW2	631
chr17	44030310	44030311	rs17650651	chr17	44028601	44029600	17_EnhW2	711
chr17	44030772	44030773	rs62062805	chr17	44028601	44029600	17_EnhW2	1173
chr17	44031419	44031420	rs62062806	chr17	44028601	44029600	17_EnhW2	1820
chr17	44031539	44031540	rs55978005	chr17	44028601	44029600	17_EnhW2	1940
chr17	44031945	44031946	rs55946323	chr17	44028601	44029600	17_EnhW2	2346
chr17	44032072	44032073	rs56317731	chr17	44028601	44029600	17_EnhW2	2473
chr17	44032469	44032470	rs55821155	chr17	44028601	44029600	17_EnhW2	2870
chr17	44032596	44032597	rs56080482	chr17	44028601	44029600	17_EnhW2	2997
chr17	44032767	44032768	rs17571718	chr17	44028601	44029600	17_EnhW2	3168
chr17	44032878	44032879	rs78555354	chr17	44028601	44029600	17_EnhW2	3279
chr17	44032914	44032915	rs17571739	chr17	44028601	44029600	17_EnhW2	3315
chr17	44032955	44032956	rs62062813	chr17	44028601	44029600	17_EnhW2	3356
chr17	44033001	44033002	rs62063262	chr17	44028601	44029600	17_EnhW2	3402
chr17	44033131	44033132	rs113520245	chr17	44028601	44029600	17_EnhW2	3532
chr17	44033168	44033169	rs113277432	chr17	44028601	44029600	17_EnhW2	3569
chr17	44033187	44033188	rs112950348	chr17	44028601	44029600	17_EnhW2	3588
chr17	44033393	44033394	rs62063263	chr17	44028601	44029600	17_EnhW2	3794
chr17	44033400	44033401	rs62063264	chr17	44028601	44029600	17_EnhW2	3801
chr17	44033467	44033468	rs62063265	chr17	44028601	44029600	17_EnhW2	3868
chr17	44033487	44033488	rs62063266	chr17	44028601	44029600	17_EnhW2	3888
chr17	44033801	44033802	rs17571781	chr17	44028601	44029600	17_EnhW2	4202
chr17	44034339	44034340	rs56201245	chr17	44028601	44029600	17_EnhW2	4740
chr17	44034485	44034486	rs56302057	chr17	44028601	44029600	17_EnhW2	4886
chr17	44034574	44034575	rs55746658	chr17	44028601	44029600	17_EnhW2	4975
chr17	44034672	44034673	rs56367860	chr17	44028601	44029600	17_EnhW2	5073
chr17	44034832	44034833	rs62063269	chr17	44028601	44029600	17_EnhW2	5233
chr17	44034858	44034859	rs17571809	chr17	44028601	44029600	17_EnhW2	5259
chr17	44035221	44035222	rs369337577	chr17	44028601	44029600	17_EnhW2	5622
chr17	44035232	44035233	rs80190331	chr17	44028601	44029600	17_EnhW2	5633
chr17	44035366	44035367	rs17650771	chr17	44028601	44029600	17_EnhW2	5767
chr17	44035515	44035516	rs77555455	chr17	44028601	44029600	17_EnhW2	5916
chr17	44035705	44035706	rs17571857	chr17	44028601	44029600	17_EnhW2	6106
chr17	44036046	44036047	rs62063271	chr17	44028601	44029600	17_EnhW2	6447
chr17	44036128	44036129	rs112916880	chr17	44028601	44029600	17_EnhW2	6529
chr17	44036286	44036287	rs62063275	chr17	44028601	44029600	17_EnhW2	6687
chr17	44036407	44036408	rs62063276	chr17	44028601	44029600	17_EnhW2	6808
chr17	44036461	44036462	rs62063277	chr17	44028601	44029600	17_EnhW2	6862
chr17	44036786	44036787	rs17650818	chr17	44028601	44029600	17_EnhW2	7187
chr17	44036913	44036914	rs62063278	chr17	44028601	44029600	17_EnhW2	7314
chr17	44036935	44036936	rs62063279	chr17	44028601	44029600	17_EnhW2	7336
chr17	44037078	44037079	rs113793114	chr17	44028601	44029600	17_EnhW2	7479
chr17	44037298	44037299	rs62063280	chr17	44028601	44029600	17_EnhW2	7699
chr17	44037490	44037491	rs17650842	chr17	44028601	44029600	17_EnhW2	7891
chr17	44038535	44038536	rs376368638	chr17	44028601	44029600	17_EnhW2	8936
chr17	44038784	44038785	rs62063281	chr17	44028601	44029600	17_EnhW2	9185
chr17	44039007	44039008	rs17650860	chr17	44028601	44029600	17_EnhW2	9408
chr17	44039042	44039043	rs62063282	chr17	44028601	44029600	17_EnhW2	9443
chr17	44039409	44039410	rs111520035	chr17	44028601	44029600	17_EnhW2	9810
chr17	44039515	44039516	rs17650872	chr17	44028601	44029600	17_EnhW2	9916
chr17	44039690	44039691	rs17650901	chr17	44028601	44029600	17_EnhW2	10091
chr17	44040119	44040120	rs55780945	chr17	44028601	44029600	17_EnhW2	10520
chr17	44040822	44040823	rs55711941	chr17	44028601	44029600	17_EnhW2	11223
chr17	44041100	44041101	rs55709241	chr17	44028601	44029600	17_EnhW2	11501
chr17	44041106	44041107	rs56280951	chr17	44028601	44029600	17_EnhW2	11507
chr17	44041561	44041562	rs112058117	chr17	44028601	44029600	17_EnhW2	11962
chr17	44041816	44041817	rs112206871	chr17	44028601	44029600	17_EnhW2	12217
chr17	44042220	44042221	rs56166491	chr17	44028601	44029600	17_EnhW2	12621
chr17	44042360	44042361	rs56226437	chr17	44028601	44029600	17_EnhW2	12761
chr17	44042365	44042366	rs55907036	chr17	44028601	44029600	17_EnhW2	12766
chr17	44042782	44042783	rs56294117	chr17	44028601	44029600	17_EnhW2	13183
chr17	44042867	44042868	rs112415880	chr17	44028601	44029600	17_EnhW2	13268
chr17	44042938	44042939	rs112003311	chr17	44028601	44029600	17_EnhW2	13339
chr17	44042950	44042951	rs111751251	chr17	44028601	44029600	17_EnhW2	13351
chr17	44043377	44043378	rs62063291	chr17	44028601	44029600	17_EnhW2	13778
chr17	44043635	44043636	rs62063292	chr17	44028601	44029600	17_EnhW2	14036
chr17	44043818	44043819	rs62063293	chr17	44028601	44029600	17_EnhW2	14219
chr17	44044156	44044157	rs62063294	chr17	44028601	44029600	17_EnhW2	14557
chr17	44044219	44044220	rs17650973	chr17	44028601	44029600	17_EnhW2	14620
chr17	44044430	44044431	rs62063295	chr17	44028601	44029600	17_EnhW2	14831
chr17	44044507	44044508	rs17650991	chr17	44028601	44029600	17_EnhW2	14908
chr17	44044822	44044823	rs75145092	chr17	44028601	44029600	17_EnhW2	15223
chr17	44044939	44044940	rs113857334	chr17	44028601	44029600	17_EnhW2	15340
chr17	44044984	44044985	rs17572147	chr17	44028601	44029600	17_EnhW2	15385
chr17	44045473	44045474	rs77513497	chr17	44028601	44029600	17_EnhW2	15874
chr17	44045573	44045574	rs112893615	chr17	44028601	44029600	17_EnhW2	15974
chr17	44045973	44045974	rs17572169	chr17	44028601	44029600	17_EnhW2	16374
chr17	44046201	44046202	rs62063296	chr17	44028601	44029600	17_EnhW2	16602
chr17	44046933	44046934	rs113925422	chr17	44028601	44029600	17_EnhW2	17334
chr17	44047036	44047037	rs142792793	chr17	44028601	44029600	17_EnhW2	17437
chr17	44047215	44047216	rs62641967	chr17	44028601	44029600	17_EnhW2	17616
chr17	44047608	44047609	rs74373419	chr17	44028601	44029600	17_EnhW2	18009
chr17	44047801	44047802	rs62063297	chr17	44028601	44029600	17_EnhW2	18202
chr17	44048322	44048323	rs62063298	chr17	44028601	44029600	17_EnhW2	18723
chr17	44048335	44048336	rs62063299	chr17	44028601	44029600	17_EnhW2	18736
chr17	44048349	44048350	rs62063300	chr17	44028601	44029600	17_EnhW2	18750
chr17	44048935	44048936	rs77566074	chr17	44028601	44029600	17_EnhW2	19336
chr17	44048938	44048939	rs367627274	chr17	44028601	44029600	17_EnhW2	19339
chr17	44048940	44048941	rs62063301	chr17	44028601	44029600	17_EnhW2	19341
chr17	44048942	44048943	rs62063302	chr17	44028601	44029600	17_EnhW2	19343
chr17	44049132	44049133	rs62063303	chr17	44028601	44029600	17_EnhW2	19533
chr17	44049328	44049329	rs75242405	chr17	44028601	44029600	17_EnhW2	19729
chr17	44049549	44049550	rs17651093	chr17	44028601	44029600	17_EnhW2	19950
chr17	44049866	44049867	rs17572248	chr17	44028601	44029600	17_EnhW2	20267
chr17	44049899	44049900	rs62063304	chr17	44028601	44029600	17_EnhW2	20300
chr17	44050281	44050282	rs62063305	chr17	44070601	44071600	17_EnhW2	20320
chr17	44050339	44050340	rs17651134	chr17	44070601	44071600	17_EnhW2	20262
chr17	44050394	44050395	rs62063306	chr17	44070601	44071600	17_EnhW2	20207
chr17	44050462	44050463	rs62063774	chr17	44070601	44071600	17_EnhW2	20139
chr17	44050822	44050823	rs62063775	chr17	44070601	44071600	17_EnhW2	19779
chr17	44050849	44050850	rs62063776	chr17	44070601	44071600	17_EnhW2	19752
chr17	44051587	44051588	rs117124984	chr17	44070601	44071600	17_EnhW2	19014
chr17	44051588	44051589	rs118087478	chr17	44070601	44071600	17_EnhW2	19013
chr17	44051611	44051612	rs77875796	chr17	44070601	44071600	17_EnhW2	18990
chr17	44051845	44051846	rs1800547	chr17	44070601	44071600	17_EnhW2	18756
chr17	44051923	44051924	rs17651213	chr17	44070601	44071600	17_EnhW2	18678
chr17	44052008	44052009	rs17572361	chr17	44070601	44071600	17_EnhW2	18593
chr17	44052283	44052284	rs17651243	chr17	44070601	44071600	17_EnhW2	18318
chr17	44052732	44052733	rs78104015	chr17	44070601	44071600	17_EnhW2	17869
chr17	44053170	44053171	rs62063777	chr17	44070601	44071600	17_EnhW2	17431
chr17	44053306	44053307	rs113242154	chr17	44070601	44071600	17_EnhW2	17295
chr17	44053447	44053448	rs2217394	chr17	44070601	44071600	17_EnhW2	17154
chr17	44053988	44053989	rs62063778	chr17	44070601	44071600	17_EnhW2	16613
chr17	44054236	44054237	rs17651285	chr17	44070601	44071600	17_EnhW2	16365
chr17	44054387	44054388	rs17572467	chr17	44070601	44071600	17_EnhW2	16214
chr17	44054595	44054596	rs17572495	chr17	44070601	44071600	17_EnhW2	16006
chr17	44054670	44054671	rs62063779	chr17	44070601	44071600	17_EnhW2	15931
chr17	44055637	44055638	rs754513	chr17	44070601	44071600	17_EnhW2	14964
chr17	44055646	44055647	rs754512	chr17	44070601	44071600	17_EnhW2	14955
chr17	44056237	44056238	rs62063780	chr17	44070601	44071600	17_EnhW2	14364
chr17	44056432	44056433	rs2163129	chr17	44070601	44071600	17_EnhW2	14169
chr17	44056433	44056434	rs2163130	chr17	44070601	44071600	17_EnhW2	14168
chr17	44056766	44056767	rs1981997	chr17	44070601	44071600	17_EnhW2	13835
chr17	44056832	44056833	rs1981998	chr17	44070601	44071600	17_EnhW2	13769
chr17	44057594	44057595	rs3785884	chr17	44070601	44071600	17_EnhW2	13007
chr17	44057769	44057770	rs142222997	chr17	44070601	44071600	17_EnhW2	12832
chr17	44058003	44058004	rs17572613	chr17	44070601	44071600	17_EnhW2	12598
chr17	44058016	44058017	rs77527347	chr17	44070601	44071600	17_EnhW2	12585
chr17	44058628	44058629	rs17572627	chr17	44070601	44071600	17_EnhW2	11973
chr17	44058690	44058691	rs62063781	chr17	44070601	44071600	17_EnhW2	11911
chr17	44058698	44058699	rs375542128	chr17	44070601	44071600	17_EnhW2	11903
chr17	44058715	44058716	rs62063782	chr17	44070601	44071600	17_EnhW2	11886
chr17	44058860	44058861	rs17651483	chr17	44070601	44071600	17_EnhW2	11741
chr17	44059214	44059215	rs62063783	chr17	44070601	44071600	17_EnhW2	11387
chr17	44059774	44059775	rs62063784	chr17	44070601	44071600	17_EnhW2	10827
chr17	44060247	44060248	rs56234850	chr17	44070601	44071600	17_EnhW2	10354
chr17	44060774	44060775	rs63750417	chr17	44070601	44071600	17_EnhW2	9827
chr17	44061022	44061023	rs62063786	chr17	44070601	44071600	17_EnhW2	9579
chr17	44061035	44061036	rs62063787	chr17	44070601	44071600	17_EnhW2	9566
chr17	44061277	44061278	rs17651549	chr17	44070601	44071600	17_EnhW2	9324
chr17	44065409	44065410	rs10445371	chr17	44070601	44071600	17_EnhW2	5192
chr17	44065668	44065669	rs919461	chr17	44070601	44071600	17_EnhW2	4933
chr17	44065739	44065740	rs919462	chr17	44070601	44071600	17_EnhW2	4862
chr17	44065900	44065901	rs919464	chr17	44070601	44071600	17_EnhW2	4701
chr17	44066087	44066088	rs62063794	chr17	44070601	44071600	17_EnhW2	4514
chr17	44066171	44066172	rs112385572	chr17	44070601	44071600	17_EnhW2	4430
chr17	44066633	44066634	rs17651700	chr17	44070601	44071600	17_EnhW2	3968
chr17	44066867	44066868	rs372810927	chr17	44070601	44071600	17_EnhW2	3734
chr17	44066873	44066874	rs111240522	chr17	44070601	44071600	17_EnhW2	3728
chr17	44066994	44066995	rs113134013	chr17	44070601	44071600	17_EnhW2	3607
chr17	44067045	44067046	rs76357066	chr17	44070601	44071600	17_EnhW2	3556
chr17	44067399	44067400	rs10445337	chr17	44070601	44071600	17_EnhW2	3202
chr17	44067507	44067508	rs79447161	chr17	44070601	44071600	17_EnhW2	3094
chr17	44067545	44067546	rs17651754	chr17	44070601	44071600	17_EnhW2	3056
chr17	44067681	44067682	rs10445338	chr17	44070601	44071600	17_EnhW2	2920
chr17	44067830	44067831	rs111652694	chr17	44070601	44071600	17_EnhW2	2771
chr17	44068111	44068112	rs75743061	chr17	44070601	44071600	17_EnhW2	2490
chr17	44068237	44068238	rs62063795	chr17	44070601	44071600	17_EnhW2	2364
chr17	44068288	44068289	rs62063796	chr17	44070601	44071600	17_EnhW2	2313
chr17	44068293	44068294	rs62063797	chr17	44070601	44071600	17_EnhW2	2308
chr17	44068479	44068480	rs77290642	chr17	44070601	44071600	17_EnhW2	2122
chr17	44068480	44068481	rs76618565	chr17	44070601	44071600	17_EnhW2	2121
chr17	44068542	44068543	rs62063798	chr17	44070601	44071600	17_EnhW2	2059
chr17	44068923	44068924	rs1052551	chr17	44070601	44071600	17_EnhW2	1678
chr17	44069179	44069180	rs62063799	chr17	44070601	44071600	17_EnhW2	1422
chr17	44069197	44069198	rs62063800	chr17	44070601	44071600	17_EnhW2	1404
chr17	44069375	44069376	rs62063801	chr17	44070601	44071600	17_EnhW2	1226
chr17	44069686	44069687	rs17651857	chr17	44070601	44071600	17_EnhW2	915
chr17	44069767	44069768	rs74759276	chr17	44070601	44071600	17_EnhW2	834
chr17	44069839	44069840	rs17651887	chr17	44070601	44071600	17_EnhW2	762
chr17	44069969	44069970	rs78599197	chr17	44070601	44071600	17_EnhW2	632
chr17	44070110	44070111	rs62063842	chr17	44070601	44071600	17_EnhW2	491
chr17	44070544	44070545	rs55662347	chr17	44070601	44071600	17_EnhW2	57
chr17	44070955	44070956	rs55913645	chr17	44070601	44071600	17_EnhW2	0
chr17	44071088	44071089	rs17573175	chr17	44070601	44071600	17_EnhW2	0
chr17	44071293	44071294	rs62063845	chr17	44070601	44071600	17_EnhW2	0
chr17	44071673	44071674	rs62063846	chr17	44070601	44071600	17_EnhW2	74
chr17	44072016	44072017	rs55736025	chr17	44070601	44071600	17_EnhW2	417
chr17	44072040	44072041	rs55886080	chr17	44070601	44071600	17_EnhW2	441
chr17	44072422	44072423	rs75944932	chr17	44070601	44071600	17_EnhW2	823
chr17	44072853	44072854	rs17573245	chr17	44070601	44071600	17_EnhW2	1254
chr17	44072880	44072881	rs17573266	chr17	44070601	44071600	17_EnhW2	1281
chr17	44072983	44072984	rs112572874	chr17	44070601	44071600	17_EnhW2	1384
chr17	44073026	44073027	rs17652036	chr17	44070601	44071600	17_EnhW2	1427
chr17	44073061	44073062	rs62063849	chr17	44070601	44071600	17_EnhW2	1462
chr17	44073144	44073145	rs17652066	chr17	44070601	44071600	17_EnhW2	1545
chr17	44073738	44073739	rs62063850	chr17	44070601	44071600	17_EnhW2	2139
chr17	44073888	44073889	rs1052553	chr17	44070601	44071600	17_EnhW2	2289
chr17	44073972	44073973	rs17652121	chr17	44070601	44071600	17_EnhW2	2373
chr17	44074434	44074435	rs62063851	chr17	44070601	44071600	17_EnhW2	2835
chr17	44074580	44074581	rs62063852	chr17	44070601	44071600	17_EnhW2	2981
chr17	44074612	44074613	rs62063853	chr17	44070601	44071600	17_EnhW2	3013
chr17	44074618	44074619	rs62063854	chr17	44070601	44071600	17_EnhW2	3019
chr17	44075098	44075099	rs2004673	chr17	44070601	44071600	17_EnhW2	3499
chr17	44075109	44075110	rs2004674	chr17	44070601	44071600	17_EnhW2	3510
chr17	44075534	44075535	rs62063855	chr17	44070601	44071600	17_EnhW2	3935
chr17	44075836	44075837	rs1078269	chr17	44070601	44071600	17_EnhW2	4237
chr17	44075900	44075901	rs1078268	chr17	44070601	44071600	17_EnhW2	4301
chr17	44076465	44076466	rs62063856	chr17	44070601	44071600	17_EnhW2	4866
chr17	44076664	44076665	rs62063857	chr17	44070601	44071600	17_EnhW2	5065
chr17	44077707	44077708	rs79959255	chr17	44070601	44071600	17_EnhW2	6108
chr17	44077849	44077850	rs56301633	chr17	44070601	44071600	17_EnhW2	6250
chr17	44077850	44077851	rs56108300	chr17	44070601	44071600	17_EnhW2	6251
chr17	44078615	44078616	rs62063859	chr17	44070601	44071600	17_EnhW2	7016
chr17	44078679	44078680	rs150334020	chr17	44070601	44071600	17_EnhW2	7080
chr17	44078831	44078832	rs62064660	chr17	44070601	44071600	17_EnhW2	7232
chr17	44078891	44078892	rs62064661	chr17	44070601	44071600	17_EnhW2	7292
chr17	44079566	44079567	rs17573447	chr17	44070601	44071600	17_EnhW2	7967
chr17	44079720	44079721	rs62064662	chr17	44070601	44071600	17_EnhW2	8121
chr17	44080038	44080039	rs62064663	chr17	44070601	44071600	17_EnhW2	8439
chr17	44081063	44081064	rs8070723	chr17	44070601	44071600	17_EnhW2	9464
chr17	44081223	44081224	rs17573509	chr17	44070601	44071600	17_EnhW2	9624
chr17	44081461	44081462	rs62064664	chr17	44070601	44071600	17_EnhW2	9862
chr17	44081526	44081527	rs62064665	chr17	44070601	44071600	17_EnhW2	9927
chr17	44082180	44082181	rs111324579	chr17	44070601	44071600	17_EnhW2	10581
chr17	44082248	44082249	rs113201171	chr17	44070601	44071600	17_EnhW2	10649
chr17	44082431	44082432	rs112310745	chr17	44070601	44071600	17_EnhW2	10832
chr17	44082440	44082441	rs74450848	chr17	44070601	44071600	17_EnhW2	10841
chr17	44082445	44082446	rs74846646	chr17	44070601	44071600	17_EnhW2	10846
chr17	44082513	44082514	rs62064666	chr17	44070601	44071600	17_EnhW2	10914
chr17	44082527	44082528	rs62064667	chr17	44070601	44071600	17_EnhW2	10928
chr17	44082602	44082603	rs17573593	chr17	44070601	44071600	17_EnhW2	11003
chr17	44082980	44082981	rs62064668	chr17	44070601	44071600	17_EnhW2	11381
chr17	44083080	44083081	rs17573607	chr17	44070601	44071600	17_EnhW2	11481
chr17	44083322	44083323	rs17652337	chr17	44070601	44071600	17_EnhW2	11723
chr17	44083401	44083402	rs1991556	chr17	44070601	44071600	17_EnhW2	11802
chr17	44083947	44083948	rs8067056	chr17	44070601	44071600	17_EnhW2	12348
chr17	44084001	44084002	rs112836774	chr17	44070601	44071600	17_EnhW2	12402
chr17	44084007	44084008	rs12946693	chr17	44070601	44071600	17_EnhW2	12408
chr17	44084156	44084157	rs113316734	chr17	44070601	44071600	17_EnhW2	12557
chr17	44084402	44084403	rs56087321	chr17	44070601	44071600	17_EnhW2	12803
chr17	44084532	44084533	rs74829364	chr17	44070601	44071600	17_EnhW2	12933
chr17	44084675	44084676	rs62064669	chr17	44070601	44071600	17_EnhW2	13076
chr17	44084843	44084844	rs78962882	chr17	44070601	44071600	17_EnhW2	13244
chr17	44085851	44085852	rs62064670	chr17	44070601	44071600	17_EnhW2	14252
chr17	44086099	44086100	rs62064671	chr17	44070601	44071600	17_EnhW2	14500
chr17	44086520	44086521	rs62064672	chr17	44070601	44071600	17_EnhW2	14921
chr17	44086725	44086726	rs370558872	chr17	44070601	44071600	17_EnhW2	15126
chr17	44087499	44087500	rs41543317	chr17	44070601	44071600	17_EnhW2	15900
chr17	44088771	44088772	rs62064674	chr17	44070601	44071600	17_EnhW2	17172
chr17	44088925	44088926	rs62064675	chr17	44070601	44071600	17_EnhW2	17326
chr17	44088936	44088937	rs17652449	chr17	44070601	44071600	17_EnhW2	17337
chr17	44089107	44089108	rs76723223	chr17	44070601	44071600	17_EnhW2	17508
chr17	44089562	44089563	rs733966	chr17	44070601	44071600	17_EnhW2	17963
chr17	44089689	44089690	rs733967	chr17	44070601	44071600	17_EnhW2	18090
chr17	44089714	44089715	rs733968	chr17	44070601	44071600	17_EnhW2	18115
chr17	44089726	44089727	rs733969	chr17	44070601	44071600	17_EnhW2	18127
chr17	44089920	44089921	rs4283261	chr17	44070601	44071600	17_EnhW2	18321
chr17	44090034	44090035	rs62062265	chr17	44070601	44071600	17_EnhW2	18435
chr17	44090147	44090148	rs75666751	chr17	44070601	44071600	17_EnhW2	18548
chr17	44090235	44090236	rs4306559	chr17	44070601	44071600	17_EnhW2	18636
chr17	44090338	44090339	rs747152	chr17	44070601	44071600	17_EnhW2	18739
chr17	44090454	44090455	rs12150254	chr17	44070601	44071600	17_EnhW2	18855
chr17	44090645	44090646	rs12150170	chr17	44070601	44071600	17_EnhW2	19046
chr17	44090684	44090685	rs12150515	chr17	44070601	44071600	17_EnhW2	19085
chr17	44090703	44090704	rs62062266	chr17	44070601	44071600	17_EnhW2	19104
chr17	44090795	44090796	rs17573858	chr17	44070601	44071600	17_EnhW2	19196
chr17	44090853	44090854	rs62062267	chr17	44070601	44071600	17_EnhW2	19254
chr17	44090857	44090858	rs62062268	chr17	44070601	44071600	17_EnhW2	19258
chr17	44091091	44091092	rs62062269	chr17	44070601	44071600	17_EnhW2	19492
chr17	44091194	44091195	rs62062270	chr17	44070601	44071600	17_EnhW2	19595
chr17	44091723	44091724	rs75534191	chr17	44070601	44071600	17_EnhW2	20124
chr17	44091885	44091886	rs9891103	chr17	44070601	44071600	17_EnhW2	20286
chr17	44091987	44091988	rs62062271	chr17	44070601	44071600	17_EnhW2	20388
chr17	44092107	44092108	rs62062272	chr17	44070601	44071600	17_EnhW2	20508
chr17	44092242	44092243	rs62062273	chr17	44070601	44071600	17_EnhW2	20643
chr17	44092496	44092497	rs12150469	chr17	44070601	44071600	17_EnhW2	20897
chr17	44092728	44092729	rs72169174	chr17	44070601	44071600	17_EnhW2	21129
chr17	44092743	44092744	rs112402370	chr17	44070601	44071600	17_EnhW2	21144
chr17	44092800	44092801	rs12149995	chr17	44070601	44071600	17_EnhW2	21201
chr17	44093318	44093319	rs62062274	chr17	44070601	44071600	17_EnhW2	21719
chr17	44093495	44093496	rs62062275	chr17	44070601	44071600	17_EnhW2	21896
chr17	44093626	44093627	rs62062276	chr17	44070601	44071600	17_EnhW2	22027
chr17	44093752	44093753	rs62062277	chr17	44070601	44071600	17_EnhW2	22153
chr17	44093859	44093860	rs62062278	chr17	44070601	44071600	17_EnhW2	22260
chr17	44093963	44093964	rs62062279	chr17	44070601	44071600	17_EnhW2	22364
chr17	44093992	44093993	rs62062280	chr17	44070601	44071600	17_EnhW2	22393
chr17	44094111	44094112	rs62062281	chr17	44070601	44071600	17_EnhW2	22512
chr17	44094373	44094374	rs62062282	chr17	44070601	44071600	17_EnhW2	22774
chr17	44094470	44094471	rs17652502	chr17	44070601	44071600	17_EnhW2	22871
chr17	44094666	44094667	rs2316948	chr17	44070601	44071600	17_EnhW2	23067
chr17	44094870	44094871	rs9709338	chr17	44070601	44071600	17_EnhW2	23271
chr17	44095054	44095055	rs62062283	chr17	44070601	44071600	17_EnhW2	23455
chr17	44095334	44095335	rs111976319	chr17	44070601	44071600	17_EnhW2	23735
chr17	44095466	44095467	rs58879558	chr17	44070601	44071600	17_EnhW2	23867
chr17	44095569	44095570	rs62062284	chr17	44070601	44071600	17_EnhW2	23970
chr17	44095660	44095661	rs62062285	chr17	44070601	44071600	17_EnhW2	24061
chr17	44096485	44096486	rs62062286	chr17	44070601	44071600	17_EnhW2	24886
chr17	44096552	44096553	rs62062288	chr17	44070601	44071600	17_EnhW2	24953
chr17	44097234	44097235	rs62062289	chr17	44070601	44071600	17_EnhW2	25635
chr17	44098796	44098797	rs916896	chr17	44070601	44071600	17_EnhW2	27197
chr17	44098966	44098967	rs17652520	chr17	44070601	44071600	17_EnhW2	27367
chr17	44099081	44099082	rs17573907	chr17	44070601	44071600	17_EnhW2	27482
chr17	44099128	44099129	rs62062290	chr17	44070601	44071600	17_EnhW2	27529
chr17	44099668	44099669	rs55726761	chr17	44070601	44071600	17_EnhW2	28069
chr17	44099808	44099809	rs62062292	chr17	44070601	44071600	17_EnhW2	28209
chr17	44099826	44099827	rs77747656	chr17	44070601	44071600	17_EnhW2	28227
chr17	44099855	44099856	rs66885608	chr17	44070601	44071600	17_EnhW2	28256
chr17	44100552	44100553	rs62062293	chr17	44070601	44071600	17_EnhW2	28953
chr17	44100665	44100666	rs62062294	chr17	44070601	44071600	17_EnhW2	29066
chr17	44100905	44100906	rs62062295	chr17	44070601	44071600	17_EnhW2	29306
chr17	44100915	44100916	rs62062296	chr17	44070601	44071600	17_EnhW2	29316
chr17	44101003	44101004	rs62062297	chr17	44070601	44071600	17_EnhW2	29404
chr17	44101562	44101563	rs9468	chr17	44070601	44071600	17_EnhW2	29963
chr17	44101848	44101849	rs147268270	chr17	44070601	44071600	17_EnhW2	30249
chr17	44101870	44101871	rs8712	chr17	44070601	44071600	17_EnhW2	30271
chr17	44102442	44102443	rs141412361	chr17	44070601	44071600	17_EnhW2	30843
chr17	44102603	44102604	rs1052587	chr17	44070601	44071600	17_EnhW2	31004
chr17	44102637	44102638	rs1052590	chr17	44070601	44071600	17_EnhW2	31038
chr17	44102681	44102682	rs5820605	chr17	44070601	44071600	17_EnhW2	31082
chr17	44102688	44102689	rs1052594	chr17	44070601	44071600	17_EnhW2	31089
chr17	44102864	44102865	rs17574040	chr17	44070601	44071600	17_EnhW2	31265
chr17	44102932	44102933	rs16940799	chr17	44070601	44071600	17_EnhW2	31333
chr17	44103295	44103296	rs7687	chr17	44134401	44134800	17_EnhW2	31106
chr17	44103615	44103616	rs17652748	chr17	44134401	44134800	17_EnhW2	30786
chr17	44103824	44103825	rs75010486	chr17	44134401	44134800	17_EnhW2	30577
chr17	44103825	44103826	rs16940806	chr17	44134401	44134800	17_EnhW2	30576
chr17	44104342	44104343	rs2158257	chr17	44134401	44134800	17_EnhW2	30059
chr17	44104508	44104509	rs17574228	chr17	44134401	44134800	17_EnhW2	29893
chr17	44105394	44105395	rs7521	chr17	44134401	44134800	17_EnhW2	29007
chr17	44106218	44106219	rs78681971	chr17	44134401	44134800	17_EnhW2	28183
chr17	44106219	44106220	rs79772576	chr17	44134401	44134800	17_EnhW2	28182
chr17	44106514	44106515	rs149028349	chr17	44134401	44134800	17_EnhW2	27887
chr17	44106805	44106806	rs78229689	chr17	44134401	44134800	17_EnhW2	27596
chr17	44107320	44107321	rs371902677	chr17	44134401	44134800	17_EnhW2	27081
chr17	44108099	44108100	rs7350928	chr17	44134401	44134800	17_EnhW2	26302
chr17	44108201	44108202	rs17574361	chr17	44134401	44134800	17_EnhW2	26200
chr17	44108354	44108355	rs17652961	chr17	44134401	44134800	17_EnhW2	26047
chr17	44108905	44108906	rs34579536	chr17	44134401	44134800	17_EnhW2	25496
chr17	44109187	44109188	rs17574425	chr17	44134401	44134800	17_EnhW2	25214
chr17	44109247	44109248	rs55881134	chr17	44134401	44134800	17_EnhW2	25154
chr17	44109473	44109474	rs7220988	chr17	44134401	44134800	17_EnhW2	24928
chr17	44109768	44109769	rs1076222	chr17	44134401	44134800	17_EnhW2	24633
chr17	44110270	44110271	rs7350980	chr17	44134401	44134800	17_EnhW2	24131
chr17	44110531	44110532	rs36076725	chr17	44134401	44134800	17_EnhW2	23870
chr17	44110540	44110541	rs35833914	chr17	44134401	44134800	17_EnhW2	23861
chr17	44110669	44110670	rs4597358	chr17	44134401	44134800	17_EnhW2	23732
chr17	44110887	44110888	rs77009866	chr17	44134401	44134800	17_EnhW2	23514
chr17	44111108	44111109	rs62062321	chr17	44134401	44134800	17_EnhW2	23293
chr17	44111612	44111613	rs17574604	chr17	44134401	44134800	17_EnhW2	22789
chr17	44111826	44111827	rs17653162	chr17	44134401	44134800	17_EnhW2	22575
chr17	44112384	44112385	rs62062322	chr17	44134401	44134800	17_EnhW2	22017
chr17	44112440	44112441	rs17653193	chr17	44134401	44134800	17_EnhW2	21961
chr17	44112637	44112638	rs17653211	chr17	44134401	44134800	17_EnhW2	21764
chr17	44112742	44112743	rs17653255	chr17	44134401	44134800	17_EnhW2	21659
chr17	44113196	44113197	rs201474071	chr17	44134401	44134800	17_EnhW2	21205
chr17	44113223	44113224	rs62062323	chr17	44134401	44134800	17_EnhW2	21178
chr17	44113226	44113227	rs141698966	chr17	44134401	44134800	17_EnhW2	21175
chr17	44113358	44113359	rs4608377	chr17	44134401	44134800	17_EnhW2	21043
chr17	44113490	44113491	rs12185225	chr17	44134401	44134800	17_EnhW2	20911
chr17	44113962	44113963	rs12150438	chr17	44134401	44134800	17_EnhW2	20439
chr17	44114217	44114218	rs12150162	chr17	44134401	44134800	17_EnhW2	20184
chr17	44114361	44114362	rs62062324	chr17	44134401	44134800	17_EnhW2	20040
chr17	44114363	44114364	rs62062325	chr17	44134401	44134800	17_EnhW2	20038
chr17	44114371	44114372	rs62062133	chr17	44134401	44134800	17_EnhW2	20030
chr17	44114431	44114432	rs62062134	chr17	44134401	44134800	17_EnhW2	19970
chr17	44115073	44115074	rs17574796	chr17	44134401	44134800	17_EnhW2	19328
chr17	44115106	44115107	rs17574824	chr17	44134401	44134800	17_EnhW2	19295
chr17	44115350	44115351	rs12185243	chr17	44134401	44134800	17_EnhW2	19051
chr17	44115439	44115440	rs8077487	chr17	44134401	44134800	17_EnhW2	18962
chr17	44115568	44115569	rs11079729	chr17	44134401	44134800	17_EnhW2	18833
chr17	44115729	44115730	rs12150542	chr17	44134401	44134800	17_EnhW2	18672
chr17	44115885	44115886	rs12150090	chr17	44134401	44134800	17_EnhW2	18516
chr17	44116237	44116238	rs41437445	chr17	44134401	44134800	17_EnhW2	18164
chr17	44116311	44116312	rs62062136	chr17	44134401	44134800	17_EnhW2	18090
chr17	44116842	44116843	rs16940845	chr17	44134401	44134800	17_EnhW2	17559
chr17	44116949	44116950	rs7221390	chr17	44134401	44134800	17_EnhW2	17452
chr17	44117118	44117119	rs34043286	chr17	44134401	44134800	17_EnhW2	17283
chr17	44117396	44117397	rs10514897	chr17	44134401	44134800	17_EnhW2	17005
chr17	44118847	44118848	rs62062137	chr17	44134401	44134800	17_EnhW2	15554
chr17	44118998	44118999	rs41382552	chr17	44134401	44134800	17_EnhW2	15403
chr17	44119050	44119051	rs7213077	chr17	44134401	44134800	17_EnhW2	15351
chr17	44119319	44119320	rs55893711	chr17	44134401	44134800	17_EnhW2	15082
chr17	44119366	44119367	rs8064986	chr17	44134401	44134800	17_EnhW2	15035
chr17	44119462	44119463	rs55649944	chr17	44134401	44134800	17_EnhW2	14939
chr17	44119473	44119474	rs56406462	chr17	44134401	44134800	17_EnhW2	14928
chr17	44119635	44119636	rs10514898	chr17	44134401	44134800	17_EnhW2	14766
chr17	44119839	44119840	rs62063662	chr17	44134401	44134800	17_EnhW2	14562
chr17	44119986	44119987	rs10514899	chr17	44134401	44134800	17_EnhW2	14415
chr17	44120441	44120442	rs41374248	chr17	44134401	44134800	17_EnhW2	13960
chr17	44120607	44120608	rs79252344	chr17	44134401	44134800	17_EnhW2	13794
chr17	44122895	44122896	rs77105679	chr17	44134401	44134800	17_EnhW2	11506
chr17	44123247	44123248	rs62063670	chr17	44134401	44134800	17_EnhW2	11154
chr17	44123684	44123685	rs74571696	chr17	44134401	44134800	17_EnhW2	10717
chr17	44123716	44123717	rs79698033	chr17	44134401	44134800	17_EnhW2	10685
chr17	44124534	44124535	rs79065019	chr17	44134401	44134800	17_EnhW2	9867
chr17	44124836	44124837	rs62063671	chr17	44134401	44134800	17_EnhW2	9565
chr17	44125065	44125066	rs112578465	chr17	44134401	44134800	17_EnhW2	9336
chr17	44125174	44125175	rs78005814	chr17	44134401	44134800	17_EnhW2	9227
chr17	44125287	44125288	rs62063672	chr17	44134401	44134800	17_EnhW2	9114
chr17	44125465	44125466	rs8078067	chr17	44134401	44134800	17_EnhW2	8936
chr17	44125483	44125484	rs62063673	chr17	44134401	44134800	17_EnhW2	8918
chr17	44125703	44125704	rs12150336	chr17	44134401	44134800	17_EnhW2	8698
chr17	44126217	44126218	rs12150570	chr17	44134401	44134800	17_EnhW2	8184
chr17	44126364	44126365	rs7218319	chr17	44134401	44134800	17_EnhW2	8037
chr17	44126574	44126575	rs62063675	chr17	44134401	44134800	17_EnhW2	7827
chr17	44126649	44126650	rs112746008	chr17	44134401	44134800	17_EnhW2	7752
chr17	44126672	44126673	rs112333322	chr17	44134401	44134800	17_EnhW2	7729
chr17	44126690	44126691	rs111327992	chr17	44134401	44134800	17_EnhW2	7711
chr17	44126764	44126765	rs113434679	chr17	44134401	44134800	17_EnhW2	7637
chr17	44126976	44126977	rs74977736	chr17	44134401	44134800	17_EnhW2	7425
chr17	44128124	44128125	rs12150447	chr17	44134401	44134800	17_EnhW2	6277
chr17	44128406	44128407	rs12150064	chr17	44134401	44134800	17_EnhW2	5995
chr17	44128875	44128876	rs17653836	chr17	44134401	44134800	17_EnhW2	5526
chr17	44129252	44129253	rs17575423	chr17	44134401	44134800	17_EnhW2	5149
chr17	44129397	44129398	rs66502149	chr17	44134401	44134800	17_EnhW2	5004
chr17	44129799	44129800	rs62063676	chr17	44134401	44134800	17_EnhW2	4602
chr17	44129884	44129885	rs62063677	chr17	44134401	44134800	17_EnhW2	4517
chr17	44129948	44129949	rs62063678	chr17	44134401	44134800	17_EnhW2	4453
chr17	44129996	44129997	rs142767245	chr17	44134401	44134800	17_EnhW2	4405
chr17	44130159	44130160	rs367643153	chr17	44134401	44134800	17_EnhW2	4242
chr17	44130327	44130328	rs35443051	chr17	44134401	44134800	17_EnhW2	4074
chr17	44130586	44130587	rs79649865	chr17	44134401	44134800	17_EnhW2	3815
chr17	44130667	44130668	rs75546272	chr17	44134401	44134800	17_EnhW2	3734
chr17	44130877	44130878	rs111853996	chr17	44134401	44134800	17_EnhW2	3524
chr17	44130923	44130924	rs112674766	chr17	44134401	44134800	17_EnhW2	3478
chr17	44131021	44131022	rs112074397	chr17	44134401	44134800	17_EnhW2	3380
chr17	44131095	44131096	rs11654745	chr17	44134401	44134800	17_EnhW2	3306
chr17	44131304	44131305	rs4792827	chr17	44134401	44134800	17_EnhW2	3097
chr17	44131558	44131559	rs62063680	chr17	44134401	44134800	17_EnhW2	2843
chr17	44131591	44131592	rs62063681	chr17	44134401	44134800	17_EnhW2	2810
chr17	44131621	44131622	rs62063682	chr17	44134401	44134800	17_EnhW2	2780
chr17	44131716	44131717	rs62063683	chr17	44134401	44134800	17_EnhW2	2685
chr17	44131797	44131798	rs79180862	chr17	44134401	44134800	17_EnhW2	2604
chr17	44132268	44132269	rs62063684	chr17	44134401	44134800	17_EnhW2	2133
chr17	44132378	44132379	rs62063685	chr17	44134401	44134800	17_EnhW2	2023
chr17	44132457	44132458	rs62063686	chr17	44134401	44134800	17_EnhW2	1944
chr17	44132591	44132592	rs62063687	chr17	44134401	44134800	17_EnhW2	1810
chr17	44132886	44132887	rs62060760	chr17	44134401	44134800	17_EnhW2	1515
chr17	44133030	44133031	rs17575437	chr17	44134401	44134800	17_EnhW2	1371
chr17	44133069	44133070	rs17653889	chr17	44134401	44134800	17_EnhW2	1332
chr17	44133141	44133142	rs17653906	chr17	44134401	44134800	17_EnhW2	1260
chr17	44133161	44133162	rs62060761	chr17	44134401	44134800	17_EnhW2	1240
chr17	44133395	44133396	rs62060762	chr17	44134401	44134800	17_EnhW2	1006
chr17	44133402	44133403	rs62060763	chr17	44134401	44134800	17_EnhW2	999
chr17	44133533	44133534	rs111259120	chr17	44134401	44134800	17_EnhW2	868
chr17	44133632	44133633	rs62060764	chr17	44134401	44134800	17_EnhW2	769
chr17	44133647	44133648	rs62060765	chr17	44134401	44134800	17_EnhW2	754
chr17	44133817	44133818	rs71920662	chr17	44134401	44134800	17_EnhW2	584
chr17	44133949	44133950	rs142958693	chr17	44134401	44134800	17_EnhW2	452
chr17	44134094	44134095	rs17575507	chr17	44134401	44134800	17_EnhW2	307
chr17	44134390	44134391	rs876944	chr17	44134401	44134800	17_EnhW2	11
chr17	44134909	44134910	rs62060767	chr17	44134801	44135800	15_EnhAF	0
chr17	44134983	44134984	rs62060768	chr17	44134801	44135800	15_EnhAF	0
chr17	44135025	44135026	rs62060769	chr17	44134801	44135800	15_EnhAF	0
chr17	44135358	44135359	rs1107820	chr17	44134801	44135800	15_EnhAF	0
chr17	44135826	44135827	rs17575556	chr17	44135801	44136000	17_EnhW2	0
chr17	44135984	44135985	rs17653998	chr17	44135801	44136000	17_EnhW2	0
chr17	44136424	44136425	rs201194882	chr17	44135801	44136000	17_EnhW2	425
chr17	44136576	44136577	rs111372048	chr17	44135801	44136000	17_EnhW2	577
chr17	44136633	44136634	rs62060785	chr17	44135801	44136000	17_EnhW2	634
chr17	44136762	44136763	rs62060786	chr17	44135801	44136000	17_EnhW2	763
chr17	44136802	44136803	rs62060787	chr17	44135801	44136000	17_EnhW2	803
chr17	44137008	44137009	rs200791233	chr17	44135801	44136000	17_EnhW2	1009
chr17	44137069	44137070	rs41384744	chr17	44135801	44136000	17_EnhW2	1070
chr17	44137188	44137189	rs55714296	chr17	44135801	44136000	17_EnhW2	1189
chr17	44137310	44137311	rs55690782	chr17	44135801	44136000	17_EnhW2	1311
chr17	44137924	44137925	rs17654016	chr17	44135801	44136000	17_EnhW2	1925
chr17	44138200	44138201	rs7220752	chr17	44135801	44136000	17_EnhW2	2201
chr17	44139082	44139083	rs2316951	chr17	44135801	44136000	17_EnhW2	3083
chr17	44139189	44139190	rs2316952	chr17	44135801	44136000	17_EnhW2	3190
chr17	44139452	44139453	rs113042517	chr17	44135801	44136000	17_EnhW2	3453
chr17	44139661	44139662	rs17575683	chr17	44135801	44136000	17_EnhW2	3662
chr17	44139761	44139762	rs112411928	chr17	44135801	44136000	17_EnhW2	3762
chr17	44140340	44140341	rs2316953	chr17	44135801	44136000	17_EnhW2	4341
chr17	44140747	44140748	rs6503455	chr17	44135801	44136000	17_EnhW2	4748
chr17	44141346	44141347	rs2838	chr17	44135801	44136000	17_EnhW2	5347
chr17	44141731	44141732	rs12150127	chr17	44135801	44136000	17_EnhW2	5732
chr17	44141954	44141955	rs62060792	chr17	44135801	44136000	17_EnhW2	5955
chr17	44142120	44142121	rs76307183	chr17	44135801	44136000	17_EnhW2	6121
chr17	44142230	44142231	rs150514510	chr17	44135801	44136000	17_EnhW2	6231
chr17	44142426	44142427	rs62060793	chr17	44135801	44136000	17_EnhW2	6427
chr17	44142490	44142491	rs146149698	chr17	44135801	44136000	17_EnhW2	6491
chr17	44142565	44142566	rs62060794	chr17	44135801	44136000	17_EnhW2	6566
chr17	44142662	44142663	rs62060795	chr17	44135801	44136000	17_EnhW2	6663
chr17	44142878	44142879	rs17575773	chr17	44135801	44136000	17_EnhW2	6879
chr17	44143343	44143344	rs62060797	chr17	44135801	44136000	17_EnhW2	7344
chr17	44143483	44143484	rs12150344	chr17	44135801	44136000	17_EnhW2	7484
chr17	44144151	44144152	rs62060798	chr17	44135801	44136000	17_EnhW2	8152
chr17	44144250	44144251	rs62060799	chr17	44135801	44136000	17_EnhW2	8251
chr17	44144344	44144345	rs17575822	chr17	44135801	44136000	17_EnhW2	8345
chr17	44144386	44144387	rs17575850	chr17	44135801	44136000	17_EnhW2	8387
chr17	44144633	44144634	rs17659731	chr17	44135801	44136000	17_EnhW2	8634
chr17	44145372	44145373	rs75641221	chr17	44135801	44136000	17_EnhW2	9373
chr17	44145591	44145592	rs62060800	chr17	44135801	44136000	17_EnhW2	9592
chr17	44145859	44145860	rs62060801	chr17	44135801	44136000	17_EnhW2	9860
chr17	44146164	44146165	rs17659743	chr17	44135801	44136000	17_EnhW2	10165
chr17	44146335	44146336	rs62060802	chr17	44135801	44136000	17_EnhW2	10336
chr17	44146356	44146357	rs75975083	chr17	44135801	44136000	17_EnhW2	10357
chr17	44146450	44146451	rs77950913	chr17	44135801	44136000	17_EnhW2	10451
chr17	44146566	44146567	rs79782347	chr17	44135801	44136000	17_EnhW2	10567
chr17	44147410	44147411	rs56318865	chr17	44135801	44136000	17_EnhW2	11411
chr17	44147510	44147511	rs56041778	chr17	44135801	44136000	17_EnhW2	11511
chr17	44147573	44147574	rs55947022	chr17	44135801	44136000	17_EnhW2	11574
chr17	44147598	44147599	rs55929190	chr17	44135801	44136000	17_EnhW2	11599
chr17	44147720	44147721	rs56323408	chr17	44135801	44136000	17_EnhW2	11721
chr17	44148266	44148267	rs55831516	chr17	44135801	44136000	17_EnhW2	12267
chr17	44148612	44148613	rs62060809	chr17	44135801	44136000	17_EnhW2	12613
chr17	44148673	44148674	rs62060810	chr17	44135801	44136000	17_EnhW2	12674
chr17	44149296	44149297	rs1117253	chr17	44135801	44136000	17_EnhW2	13297
chr17	44149447	44149448	rs12150625	chr17	44135801	44136000	17_EnhW2	13448
chr17	44149536	44149537	rs12150627	chr17	44135801	44136000	17_EnhW2	13537
chr17	44149580	44149581	rs12150628	chr17	44135801	44136000	17_EnhW2	13581
chr17	44149740	44149741	rs12150611	chr17	44135801	44136000	17_EnhW2	13741
chr17	44150041	44150042	rs74850776	chr17	44135801	44136000	17_EnhW2	14042
chr17	44150151	44150152	rs974295	chr17	44135801	44136000	17_EnhW2	14152
chr17	44150160	44150161	rs1029463	chr17	44135801	44136000	17_EnhW2	14161
chr17	44150162	44150163	rs974294	chr17	44135801	44136000	17_EnhW2	14163
chr17	44150232	44150233	rs974293	chr17	44135801	44136000	17_EnhW2	14233
chr17	44150463	44150464	rs974292	chr17	44135801	44136000	17_EnhW2	14464
chr17	44150479	44150480	rs974291	chr17	44135801	44136000	17_EnhW2	14480
chr17	44150919	44150920	rs12150551	chr17	44135801	44136000	17_EnhW2	14920
chr17	44151155	44151156	rs12150558	chr17	44135801	44136000	17_EnhW2	15156
chr17	44151545	44151546	rs9907738	chr17	44135801	44136000	17_EnhW2	15546
chr17	44151666	44151667	rs62060812	chr17	44135801	44136000	17_EnhW2	15667
chr17	44151696	44151697	rs62060834	chr17	44135801	44136000	17_EnhW2	15697
chr17	44152389	44152390	rs62060835	chr17	44135801	44136000	17_EnhW2	16390
chr17	44152446	44152447	rs62060836	chr17	44135801	44136000	17_EnhW2	16447
chr17	44152735	44152736	rs112597362	chr17	44135801	44136000	17_EnhW2	16736
chr17	44152759	44152760	rs62060837	chr17	44135801	44136000	17_EnhW2	16760
chr17	44153143	44153144	rs62060838	chr17	44135801	44136000	17_EnhW2	17144
chr17	44153226	44153227	rs62060839	chr17	44135801	44136000	17_EnhW2	17227
chr17	44153257	44153258	rs62060840	chr17	44135801	44136000	17_EnhW2	17258
chr17	44153385	44153386	rs62060841	chr17	44135801	44136000	17_EnhW2	17386
chr17	44153606	44153607	rs62060842	chr17	44135801	44136000	17_EnhW2	17607
chr17	44153625	44153626	rs62060843	chr17	44135801	44136000	17_EnhW2	17626
chr17	44153835	44153836	rs62060844	chr17	44135801	44136000	17_EnhW2	17836
chr17	44154032	44154033	rs76154201	chr17	44135801	44136000	17_EnhW2	18033
chr17	44154047	44154048	rs75530705	chr17	44135801	44136000	17_EnhW2	18048
chr17	44154104	44154105	rs112197756	chr17	44135801	44136000	17_EnhW2	18105
chr17	44154392	44154393	rs62060845	chr17	44135801	44136000	17_EnhW2	18393
chr17	44154460	44154461	rs62060846	chr17	44135801	44136000	17_EnhW2	18461
chr17	44154606	44154607	rs74481389	chr17	44135801	44136000	17_EnhW2	18607
chr17	44154945	44154946	rs62060847	chr17	44135801	44136000	17_EnhW2	18946
chr17	44155156	44155157	rs56100031	chr17	44135801	44136000	17_EnhW2	19157
chr17	44155706	44155707	rs55972730	chr17	44135801	44136000	17_EnhW2	19707
chr17	44155731	44155732	rs2066899	chr17	44135801	44136000	17_EnhW2	19732
chr17	44156131	44156132	rs111750615	chr17	44135801	44136000	17_EnhW2	20132
chr17	44156166	44156167	rs2316954	chr17	44135801	44136000	17_EnhW2	20167
chr17	44157596	44157597	rs17659881	chr17	44135801	44136000	17_EnhW2	21597
chr17	44157621	44157622	rs78938131	chr17	44135801	44136000	17_EnhW2	21622
chr17	44157981	44157982	rs62060850	chr17	44135801	44136000	17_EnhW2	21982
chr17	44157991	44157992	rs62060851	chr17	44135801	44136000	17_EnhW2	21992
chr17	44159101	44159102	rs1476554	chr17	44135801	44136000	17_EnhW2	23102
chr17	44159554	44159555	rs77138434	chr17	44135801	44136000	17_EnhW2	23555
chr17	44159630	44159631	rs111913701	chr17	44135801	44136000	17_EnhW2	23631
chr17	44159671	44159672	rs111519055	chr17	44135801	44136000	17_EnhW2	23672
chr17	44159694	44159695	rs77925835	chr17	44135801	44136000	17_EnhW2	23695
chr17	44159724	44159725	rs17659953	chr17	44135801	44136000	17_EnhW2	23725
chr17	44159848	44159849	rs17576165	chr17	44135801	44136000	17_EnhW2	23849
chr17	44159987	44159988	rs17576200	chr17	44135801	44136000	17_EnhW2	23988
chr17	44160049	44160050	rs62060852	chr17	44135801	44136000	17_EnhW2	24050
chr17	44160591	44160592	rs62060853	chr17	44135801	44136000	17_EnhW2	24592
chr17	44160673	44160674	rs17660017	chr17	44135801	44136000	17_EnhW2	24674
chr17	44161145	44161146	rs55987700	chr17	44135801	44136000	17_EnhW2	25146
chr17	44161301	44161302	rs113788190	chr17	44135801	44136000	17_EnhW2	25302
chr17	44161359	44161360	rs112364920	chr17	44135801	44136000	17_EnhW2	25360
chr17	44161469	44161470	rs80028338	chr17	44135801	44136000	17_EnhW2	25470
chr17	44161521	44161522	rs113955100	chr17	44135801	44136000	17_EnhW2	25522
chr17	44161580	44161581	rs11079732	chr17	44135801	44136000	17_EnhW2	25581
chr17	44161746	44161747	rs201722973	chr17	44135801	44136000	17_EnhW2	25747
chr17	44161762	44161763	rs72836329	chr17	44135801	44136000	17_EnhW2	25763
chr17	44161859	44161860	rs62060855	chr17	44135801	44136000	17_EnhW2	25860
chr17	44161874	44161875	rs62060856	chr17	44135801	44136000	17_EnhW2	25875
chr17	44161984	44161985	rs2316955	chr17	44135801	44136000	17_EnhW2	25985
chr17	44162055	44162056	rs2316956	chr17	44135801	44136000	17_EnhW2	26056
chr17	44162229	44162230	rs11654640	chr17	44135801	44136000	17_EnhW2	26230
chr17	44162283	44162284	rs17660065	chr17	44135801	44136000	17_EnhW2	26284
chr17	44162596	44162597	rs8080583	chr17	44135801	44136000	17_EnhW2	26597
chr17	44163410	44163411	rs55864131	chr17	44135801	44136000	17_EnhW2	27411
chr17	44163546	44163547	rs67335396	chr17	44135801	44136000	17_EnhW2	27547
chr17	44163808	44163809	rs2158258	chr17	44135801	44136000	17_EnhW2	27809
chr17	44164089	44164090	rs62060858	chr17	44135801	44136000	17_EnhW2	28090
chr17	44164132	44164133	rs62060859	chr17	44135801	44136000	17_EnhW2	28133
chr17	44164322	44164323	rs55692232	chr17	44135801	44136000	17_EnhW2	28323
chr17	44165048	44165049	rs3912063	chr17	44135801	44136000	17_EnhW2	29049
chr17	44165068	44165069	rs3912062	chr17	44135801	44136000	17_EnhW2	29069
chr17	44165097	44165098	rs3912061	chr17	44135801	44136000	17_EnhW2	29098
chr17	44165168	44165169	rs3865315	chr17	44135801	44136000	17_EnhW2	29169
chr17	44165434	44165435	rs3912060	chr17	44135801	44136000	17_EnhW2	29435
chr17	44165593	44165594	rs55955207	chr17	44135801	44136000	17_EnhW2	29594
chr17	44165595	44165596	rs55735563	chr17	44135801	44136000	17_EnhW2	29596
chr17	44165802	44165803	rs17660132	chr17	44135801	44136000	17_EnhW2	29803
chr17	44165851	44165852	rs74348235	chr17	44135801	44136000	17_EnhW2	29852
chr17	44166196	44166197	rs62061764	chr17	44135801	44136000	17_EnhW2	30197
chr17	44166310	44166311	rs17660167	chr17	44135801	44136000	17_EnhW2	30311
chr17	44166499	44166500	rs17660228	chr17	44135801	44136000	17_EnhW2	30500
chr17	44166645	44166646	rs17660251	chr17	44135801	44136000	17_EnhW2	30646
chr17	44166763	44166764	rs67516111	chr17	44135801	44136000	17_EnhW2	30764
chr17	44166991	44166992	rs146895044	chr17	44135801	44136000	17_EnhW2	30992
chr17	44167100	44167101	rs17660294	chr17	44135801	44136000	17_EnhW2	31101
chr17	44167463	44167464	rs62061766	chr17	44135801	44136000	17_EnhW2	31464
chr17	44167660	44167661	rs79923630	chr17	44135801	44136000	17_EnhW2	31661
chr17	44167728	44167729	rs62061767	chr17	44135801	44136000	17_EnhW2	31729
chr17	44168507	44168508	rs111364350	chr17	44135801	44136000	17_EnhW2	32508
chr17	44168676	44168677	rs2097760	chr17	44135801	44136000	17_EnhW2	32677
chr17	44169376	44169377	rs62061770	chr17	44135801	44136000	17_EnhW2	33377
chr17	44169405	44169406	rs62061771	chr17	44135801	44136000	17_EnhW2	33406
chr17	44169436	44169437	rs62061772	chr17	44135801	44136000	17_EnhW2	33437
chr17	44169580	44169581	rs111970616	chr17	44135801	44136000	17_EnhW2	33581
chr17	44169604	44169605	rs17660337	chr17	44135801	44136000	17_EnhW2	33605
chr17	44169758	44169759	rs62061788	chr17	44135801	44136000	17_EnhW2	33759
chr17	44169768	44169769	rs62061789	chr17	44135801	44136000	17_EnhW2	33769
chr17	44170017	44170018	rs17576631	chr17	44135801	44136000	17_EnhW2	34018
chr17	44170076	44170077	rs66494554	chr17	44135801	44136000	17_EnhW2	34077
chr17	44170128	44170129	rs68132028	chr17	44135801	44136000	17_EnhW2	34129
chr17	44170237	44170238	rs112596352	chr17	44135801	44136000	17_EnhW2	34238
chr17	44170413	44170414	rs62061790	chr17	44135801	44136000	17_EnhW2	34414
chr17	44170611	44170612	rs17660398	chr17	44135801	44136000	17_EnhW2	34612
chr17	44171023	44171024	rs62061791	chr17	44135801	44136000	17_EnhW2	35024
chr17	44171553	44171554	rs62061792	chr17	44135801	44136000	17_EnhW2	35554
chr17	44171564	44171565	rs62061793	chr17	44135801	44136000	17_EnhW2	35565
chr17	44172326	44172327	rs17576695	chr17	44135801	44136000	17_EnhW2	36327
chr17	44172390	44172391	rs80020809	chr17	44135801	44136000	17_EnhW2	36391
chr17	44172407	44172408	rs77044307	chr17	44135801	44136000	17_EnhW2	36408
chr17	44172492	44172493	rs146453014	chr17	44135801	44136000	17_EnhW2	36493
chr17	44172697	44172698	rs79348289	chr17	44135801	44136000	17_EnhW2	36698
chr17	44172772	44172773	rs75412750	chr17	44135801	44136000	17_EnhW2	36773
chr17	44172811	44172812	rs60521849	chr17	44135801	44136000	17_EnhW2	36812
chr17	44173178	44173179	rs62061795	chr17	44135801	44136000	17_EnhW2	37179
chr17	44173355	44173356	rs17576709	chr17	44135801	44136000	17_EnhW2	37356
chr17	44173407	44173408	rs62061796	chr17	44135801	44136000	17_EnhW2	37408
chr17	44173811	44173812	rs62061798	chr17	44135801	44136000	17_EnhW2	37812
chr17	44173877	44173878	rs139282381	chr17	44135801	44136000	17_EnhW2	37878
chr17	44174067	44174068	rs62061799	chr17	44135801	44136000	17_EnhW2	38068
chr17	44174108	44174109	rs62061800	chr17	44135801	44136000	17_EnhW2	38109
chr17	44174234	44174235	rs62061801	chr17	44135801	44136000	17_EnhW2	38235
chr17	44174350	44174351	rs62061802	chr17	44135801	44136000	17_EnhW2	38351
chr17	44174512	44174513	rs62061803	chr17	44135801	44136000	17_EnhW2	38513
chr17	44175488	44175489	rs8065825	chr17	44135801	44136000	17_EnhW2	39489
chr17	44176091	44176092	rs55900347	chr17	44135801	44136000	17_EnhW2	40092
chr17	44176169	44176170	rs56240678	chr17	44135801	44136000	17_EnhW2	40170
chr17	44176214	44176215	rs55825513	chr17	44135801	44136000	17_EnhW2	40215
chr17	44177096	44177097	rs62061807	chr17	44135801	44136000	17_EnhW2	41097
chr17	44177336	44177337	rs62061808	chr17	44135801	44136000	17_EnhW2	41337
chr17	44177668	44177669	rs77604208	chr17	44135801	44136000	17_EnhW2	41669
chr17	44177754	44177755	rs80120913	chr17	44135801	44136000	17_EnhW2	41755
chr17	44177992	44177993	rs17660464	chr17	44135801	44136000	17_EnhW2	41993
chr17	44178271	44178272	rs17576779	chr17	44135801	44136000	17_EnhW2	42272
chr17	44178336	44178337	rs17660488	chr17	44135801	44136000	17_EnhW2	42337
chr17	44178838	44178839	rs62061809	chr17	44135801	44136000	17_EnhW2	42839
chr17	44178883	44178884	rs62061810	chr17	44135801	44136000	17_EnhW2	42884
chr17	44179094	44179095	rs113564729	chr17	44135801	44136000	17_EnhW2	43095
chr17	44179722	44179723	rs111957446	chr17	44135801	44136000	17_EnhW2	43723
chr17	44179748	44179749	rs112102887	chr17	44135801	44136000	17_EnhW2	43749
chr17	44179968	44179969	rs112893440	chr17	44135801	44136000	17_EnhW2	43969
chr17	44179991	44179992	rs17576842	chr17	44135801	44136000	17_EnhW2	43992
chr17	44180172	44180173	rs62061811	chr17	44135801	44136000	17_EnhW2	44173
chr17	44180441	44180442	rs17576870	chr17	44135801	44136000	17_EnhW2	44442
chr17	44180953	44180954	rs17660595	chr17	44135801	44136000	17_EnhW2	44954
chr17	44180996	44180997	rs62061812	chr17	44135801	44136000	17_EnhW2	44997
chr17	44181117	44181118	rs62061813	chr17	44135801	44136000	17_EnhW2	45118
chr17	44181453	44181454	rs111952388	chr17	44135801	44136000	17_EnhW2	45454
chr17	44181507	44181508	rs62061814	chr17	44135801	44136000	17_EnhW2	45508
chr17	44181680	44181681	rs62061815	chr17	44135801	44136000	17_EnhW2	45681
chr17	44181932	44181933	rs17576954	chr17	44135801	44136000	17_EnhW2	45933
chr17	44182180	44182181	rs77924366	chr17	44135801	44136000	17_EnhW2	46181
chr17	44182266	44182267	rs11652924	chr17	44135801	44136000	17_EnhW2	46267
chr17	44182335	44182336	rs62061816	chr17	44135801	44136000	17_EnhW2	46336
chr17	44182705	44182706	rs62061817	chr17	44135801	44136000	17_EnhW2	46706
chr17	44182916	44182917	rs62061818	chr17	44135801	44136000	17_EnhW2	46917
chr17	44182954	44182955	rs75330746	chr17	44135801	44136000	17_EnhW2	46955
chr17	44182955	44182956	rs75183956	chr17	44135801	44136000	17_EnhW2	46956
chr17	44182982	44182983	rs78381082	chr17	44135801	44136000	17_EnhW2	46983
chr17	44183316	44183317	rs371996525	chr17	44135801	44136000	17_EnhW2	47317
chr17	44183402	44183403	rs111676341	chr17	44135801	44136000	17_EnhW2	47403
chr17	44183615	44183616	rs17576989	chr17	44135801	44136000	17_EnhW2	47616
chr17	44183789	44183790	rs79923708	chr17	44135801	44136000	17_EnhW2	47790
chr17	44184193	44184194	rs141004635	chr17	44135801	44136000	17_EnhW2	48194
chr17	44184374	44184375	rs79346219	chr17	44135801	44136000	17_EnhW2	48375
chr17	44184403	44184404	rs73984689	chr17	44135801	44136000	17_EnhW2	48404
chr17	44184427	44184428	rs111295615	chr17	44135801	44136000	17_EnhW2	48428
chr17	44184807	44184808	rs111905143	chr17	44135801	44136000	17_EnhW2	48808
chr17	44184827	44184828	rs4510068	chr17	44135801	44136000	17_EnhW2	48828
chr17	44185244	44185245	rs76761511	chr17	44135801	44136000	17_EnhW2	49245
chr17	44185426	44185427	rs67503183	chr17	44135801	44136000	17_EnhW2	49427
chr17	44185430	44185431	rs62061820	chr17	44135801	44136000	17_EnhW2	49431
chr17	44185478	44185479	rs8070420	chr17	44135801	44136000	17_EnhW2	49479
chr17	44186054	44186055	rs62061821	chr17	44135801	44136000	17_EnhW2	50055
chr17	44186062	44186063	rs16940904	chr17	44135801	44136000	17_EnhW2	50063
chr17	44186251	44186252	rs17577024	chr17	44135801	44136000	17_EnhW2	50252
chr17	44186300	44186301	rs17577052	chr17	44135801	44136000	17_EnhW2	50301
chr17	44186592	44186593	rs77635460	chr17	44135801	44136000	17_EnhW2	50593
chr17	44186893	44186894	rs62061822	chr17	44135801	44136000	17_EnhW2	50894
chr17	44186951	44186952	rs9904766	chr17	44135801	44136000	17_EnhW2	50952
chr17	44187256	44187257	rs9303525	chr17	44135801	44136000	17_EnhW2	51257
chr17	44187491	44187492	rs17577094	chr17	44135801	44136000	17_EnhW2	51492
chr17	44188476	44188477	rs17577159	chr17	44135801	44136000	17_EnhW2	52477
chr17	44188644	44188645	rs62061823	chr17	44135801	44136000	17_EnhW2	52645
chr17	44188754	44188755	rs62061824	chr17	44135801	44136000	17_EnhW2	52755
chr17	44188763	44188764	rs55794067	chr17	44135801	44136000	17_EnhW2	52764
chr17	44189066	44189067	rs7225002	chr17	44135801	44136000	17_EnhW2	53067
chr17	44189269	44189270	rs56807059	chr17	44135801	44136000	17_EnhW2	53270
chr17	44189372	44189373	rs17660847	chr17	44135801	44136000	17_EnhW2	53373
chr17	44189407	44189408	rs17660865	chr17	44135801	44136000	17_EnhW2	53408
chr17	44189597	44189598	rs2016034	chr17	44135801	44136000	17_EnhW2	53598
chr17	44189798	44189799	rs112480703	chr17	44135801	44136000	17_EnhW2	53799
chr17	44189854	44189855	rs79772780	chr17	44135801	44136000	17_EnhW2	53855
chr17	44189857	44189858	rs76640332	chr17	44135801	44136000	17_EnhW2	53858
chr17	44189909	44189910	rs78929339	chr17	44135801	44136000	17_EnhW2	53910
chr17	44190155	44190156	rs62061845	chr17	44135801	44136000	17_EnhW2	54156
chr17	44191084	44191085	rs17660907	chr17	44135801	44136000	17_EnhW2	55085
chr17	44191158	44191159	rs17660936	chr17	44135801	44136000	17_EnhW2	55159
chr17	44191482	44191483	rs11653367	chr17	44135801	44136000	17_EnhW2	55483
chr17	44191681	44191682	rs62061847	chr17	44135801	44136000	17_EnhW2	55682
chr17	44191834	44191835	rs17577313	chr17	44135801	44136000	17_EnhW2	55835
chr17	44192394	44192395	rs4548919	chr17	44135801	44136000	17_EnhW2	56395
chr17	44192567	44192568	rs4630591	chr17	44135801	44136000	17_EnhW2	56568
chr17	44192589	44192590	rs35524223	chr17	44135801	44136000	17_EnhW2	56590
chr17	44192617	44192618	rs4606752	chr17	44135801	44136000	17_EnhW2	56618
chr17	44192922	44192923	rs17577369	chr17	44135801	44136000	17_EnhW2	56923
chr17	44192945	44192946	rs62061848	chr17	44135801	44136000	17_EnhW2	56946
chr17	44192956	44192957	rs17661015	chr17	44135801	44136000	17_EnhW2	56957
chr17	44193096	44193097	rs17661027	chr17	44135801	44136000	17_EnhW2	57097
chr17	44193881	44193882	rs62061849	chr17	44135801	44136000	17_EnhW2	57882
chr17	44194151	44194152	rs17661045	chr17	44135801	44136000	17_EnhW2	58152
chr17	44194380	44194381	rs17577447	chr17	44135801	44136000	17_EnhW2	58381
chr17	44194518	44194519	rs62061850	chr17	44135801	44136000	17_EnhW2	58519
chr17	44194620	44194621	rs111880194	chr17	44135801	44136000	17_EnhW2	58621
chr17	44194734	44194735	rs10514901	chr17	44135801	44136000	17_EnhW2	58735
chr17	44194834	44194835	rs17577496	chr17	44135801	44136000	17_EnhW2	58835
chr17	44194890	44194891	rs62061851	chr17	44135801	44136000	17_EnhW2	58891
chr17	44195423	44195424	rs62061852	chr17	44135801	44136000	17_EnhW2	59424
chr17	44195494	44195495	rs727425	chr17	44135801	44136000	17_EnhW2	59495
chr17	44196014	44196015	rs17661141	chr17	44135801	44136000	17_EnhW2	60015
chr17	44196124	44196125	rs62061853	chr17	44135801	44136000	17_EnhW2	60125
chr17	44196152	44196153	rs1468241	chr17	44135801	44136000	17_EnhW2	60153
chr17	44196446	44196447	rs1468240	chr17	44135801	44136000	17_EnhW2	60447
chr17	44196652	44196653	rs75229280	chr17	44135801	44136000	17_EnhW2	60653
chr17	44196798	44196799	rs112813897	chr17	44135801	44136000	17_EnhW2	60799
chr17	44196821	44196822	rs113909426	chr17	44135801	44136000	17_EnhW2	60822
chr17	44197031	44197032	rs111678697	chr17	44135801	44136000	17_EnhW2	61032
chr17	44197416	44197417	rs138190012	chr17	44135801	44136000	17_EnhW2	61417
chr17	44197602	44197603	rs4383188	chr17	44135801	44136000	17_EnhW2	61603
chr17	44197805	44197806	rs1966345	chr17	44135801	44136000	17_EnhW2	61806
chr17	44198079	44198080	rs62061854	chr17	44135801	44136000	17_EnhW2	62080
chr17	44198805	44198806	rs3087534	chr17	44135801	44136000	17_EnhW2	62806
chr17	44199028	44199029	rs76924476	chr17	44135801	44136000	17_EnhW2	63029
chr17	44199669	44199670	rs62061855	chr17	44135801	44136000	17_EnhW2	63670
chr17	44200014	44200015	rs62061856	chr17	44135801	44136000	17_EnhW2	64015
chr17	44200032	44200033	rs62061858	chr17	44135801	44136000	17_EnhW2	64033
chr17	44200077	44200078	rs112560196	chr17	44135801	44136000	17_EnhW2	64078
chr17	44200190	44200191	rs9910284	chr17	44135801	44136000	17_EnhW2	64191
chr17	44200191	44200192	rs9908639	chr17	44135801	44136000	17_EnhW2	64192
chr17	44200509	44200510	rs75652502	chr17	44135801	44136000	17_EnhW2	64510
chr17	44201108	44201109	rs62061859	chr17	44135801	44136000	17_EnhW2	65109
chr17	44201343	44201344	rs55802590	chr17	44135801	44136000	17_EnhW2	65344
chr17	44201666	44201667	rs56257094	chr17	44135801	44136000	17_EnhW2	65667
chr17	44201679	44201680	rs55672516	chr17	44135801	44136000	17_EnhW2	65680
chr17	44201790	44201791	rs112073200	chr17	44135801	44136000	17_EnhW2	65791
chr17	44201864	44201865	rs62063163	chr17	44135801	44136000	17_EnhW2	65865
chr17	44201886	44201887	rs62063164	chr17	44135801	44136000	17_EnhW2	65887
chr17	44202146	44202147	rs62063165	chr17	44135801	44136000	17_EnhW2	66147
chr17	44202230	44202231	rs62063166	chr17	44135801	44136000	17_EnhW2	66231
chr17	44202563	44202564	rs55669501	chr17	44135801	44136000	17_EnhW2	66564
chr17	44202607	44202608	rs55686102	chr17	44135801	44136000	17_EnhW2	66608
chr17	44202689	44202690	rs8068300	chr17	44135801	44136000	17_EnhW2	66690
chr17	44202951	44202952	rs55885063	chr17	44135801	44136000	17_EnhW2	66952
chr17	44203130	44203131	rs56273589	chr17	44135801	44136000	17_EnhW2	67131
chr17	44203310	44203311	rs62063171	chr17	44135801	44136000	17_EnhW2	67311
chr17	44203365	44203366	rs62063172	chr17	44135801	44136000	17_EnhW2	67366
chr17	44203412	44203413	rs76380490	chr17	44135801	44136000	17_EnhW2	67413
chr17	44203519	44203520	rs113120855	chr17	44135801	44136000	17_EnhW2	67520
chr17	44203805	44203806	rs149079649	chr17	44135801	44136000	17_EnhW2	67806
chr17	44203854	44203855	rs140412994	chr17	44135801	44136000	17_EnhW2	67855
chr17	44204298	44204299	rs66883448	chr17	44271801	44272000	13_EnhA1	67503
chr17	44204303	44204304	rs77095128	chr17	44271801	44272000	13_EnhA1	67498
chr17	44204738	44204739	rs4581739	chr17	44271801	44272000	13_EnhA1	67063
chr17	44204748	44204749	rs113638513	chr17	44271801	44272000	13_EnhA1	67053
chr17	44205121	44205122	rs62063174	chr17	44271801	44272000	13_EnhA1	66680
chr17	44205142	44205143	rs67752022	chr17	44271801	44272000	13_EnhA1	66659
chr17	44205499	44205500	rs17577650	chr17	44271801	44272000	13_EnhA1	66302
chr17	44205689	44205690	rs4471723	chr17	44271801	44272000	13_EnhA1	66112
chr17	44205838	44205839	rs1122381	chr17	44271801	44272000	13_EnhA1	65963
chr17	44206078	44206079	rs1122380	chr17	44271801	44272000	13_EnhA1	65723
chr17	44206454	44206455	rs66472415	chr17	44271801	44272000	13_EnhA1	65347
chr17	44206481	44206482	rs62063200	chr17	44271801	44272000	13_EnhA1	65320
chr17	44206645	44206646	rs10514903	chr17	44271801	44272000	13_EnhA1	65156
chr17	44207065	44207066	rs17661348	chr17	44271801	44272000	13_EnhA1	64736
chr17	44207359	44207360	rs62063201	chr17	44271801	44272000	13_EnhA1	64442
chr17	44207522	44207523	rs113758975	chr17	44271801	44272000	13_EnhA1	64279
chr17	44207777	44207778	rs17661385	chr17	44271801	44272000	13_EnhA1	64024
chr17	44207886	44207887	rs10514904	chr17	44271801	44272000	13_EnhA1	63915
chr17	44207899	44207900	rs142524806	chr17	44271801	44272000	13_EnhA1	63902
chr17	44207931	44207932	rs79301522	chr17	44271801	44272000	13_EnhA1	63870
chr17	44208143	44208144	rs17661428	chr17	44271801	44272000	13_EnhA1	63658
chr17	44208217	44208218	rs17577877	chr17	44271801	44272000	13_EnhA1	63584
chr17	44208311	44208312	rs6503457	chr17	44271801	44272000	13_EnhA1	63490
chr17	44208673	44208674	rs8070942	chr17	44271801	44272000	13_EnhA1	63128
chr17	44208944	44208945	rs62063202	chr17	44271801	44272000	13_EnhA1	62857
chr17	44209312	44209313	rs62063203	chr17	44271801	44272000	13_EnhA1	62489
chr17	44209363	44209364	rs111724389	chr17	44271801	44272000	13_EnhA1	62438
chr17	44209473	44209474	rs112401617	chr17	44271801	44272000	13_EnhA1	62328
chr17	44209627	44209628	rs17577954	chr17	44271801	44272000	13_EnhA1	62174
chr17	44209874	44209875	rs55780786	chr17	44271801	44272000	13_EnhA1	61927
chr17	44209918	44209919	rs3089	chr17	44271801	44272000	13_EnhA1	61883
chr17	44209956	44209957	rs55909047	chr17	44271801	44272000	13_EnhA1	61845
chr17	44209984	44209985	rs56119705	chr17	44271801	44272000	13_EnhA1	61817
chr17	44210246	44210247	rs143331068	chr17	44271801	44272000	13_EnhA1	61555
chr17	44210441	44210442	rs17577975	chr17	44271801	44272000	13_EnhA1	61360
chr17	44210932	44210933	rs7207582	chr17	44271801	44272000	13_EnhA1	60869
chr17	44210987	44210988	rs12150087	chr17	44271801	44272000	13_EnhA1	60814
chr17	44211501	44211502	rs111424940	chr17	44271801	44272000	13_EnhA1	60300
chr17	44211901	44211902	rs62063207	chr17	44271801	44272000	13_EnhA1	59900
chr17	44212031	44212032	rs62063208	chr17	44271801	44272000	13_EnhA1	59770
chr17	44212210	44212211	rs67006527	chr17	44271801	44272000	13_EnhA1	59591
chr17	44212309	44212310	rs10221243	chr17	44271801	44272000	13_EnhA1	59492
chr17	44212524	44212525	rs67775973	chr17	44271801	44272000	13_EnhA1	59277
chr17	44212526	44212527	rs372980169	chr17	44271801	44272000	13_EnhA1	59275
chr17	44212534	44212535	rs368919625	chr17	44271801	44272000	13_EnhA1	59267
chr17	44212781	44212782	rs9915547	chr17	44271801	44272000	13_EnhA1	59020
chr17	44212907	44212908	rs34258265	chr17	44271801	44272000	13_EnhA1	58894
chr17	44213163	44213164	rs12150319	chr17	44271801	44272000	13_EnhA1	58638
chr17	44213546	44213547	rs67220719	chr17	44271801	44272000	13_EnhA1	58255
chr17	44215064	44215065	rs199737620	chr17	44271801	44272000	13_EnhA1	56737
chr17	44219830	44219831	rs1819040	chr17	44271801	44272000	13_EnhA1	51971
chr17	44219904	44219905	rs1358439	chr17	44271801	44272000	13_EnhA1	51897
chr17	44219977	44219978	rs139628243	chr17	44271801	44272000	13_EnhA1	51824
chr17	44220862	44220863	rs141588384	chr17	44271801	44272000	13_EnhA1	50939
chr17	44221041	44221042	rs62063212	chr17	44271801	44272000	13_EnhA1	50760
chr17	44221349	44221350	rs2532307	chr17	44271801	44272000	13_EnhA1	50452
chr17	44221842	44221843	rs11653458	chr17	44271801	44272000	13_EnhA1	49959
chr17	44222044	44222045	rs143437112	chr17	44271801	44272000	13_EnhA1	49757
chr17	44222423	44222424	rs2696588	chr17	44271801	44272000	13_EnhA1	49378
chr17	44224271	44224272	rs9674888	chr17	44271801	44272000	13_EnhA1	47530
chr17	44224781	44224782	rs1918794	chr17	44271801	44272000	13_EnhA1	47020
chr17	44224939	44224940	rs80103986	chr17	44271801	44272000	13_EnhA1	46862
chr17	44235826	44235827	rs35321809	chr17	44271801	44272000	13_EnhA1	35975
chr17	44236004	44236005	rs11654111	chr17	44271801	44272000	13_EnhA1	35797
chr17	44238642	44238643	rs534754110	chr17	44271801	44272000	13_EnhA1	33159
chr17	44243350	44243351	rs76475392	chr17	44271801	44272000	13_EnhA1	28451
chr17	44246526	44246527	rs2532277	chr17	44271801	44272000	13_EnhA1	25275
chr17	44246623	44246624	rs2532276	chr17	44271801	44272000	13_EnhA1	25178
chr17	44246688	44246689	rs150546962	chr17	44271801	44272000	13_EnhA1	25113
chr17	44256810	44256811	rs113089855	chr17	44271801	44272000	13_EnhA1	14991
chr17	44259312	44259313	rs141371634	chr17	44271801	44272000	13_EnhA1	12489
chr17	44262949	44262950	rs2732588	chr17	44271801	44272000	13_EnhA1	8852
chr17	44265838	44265839	rs2532240	chr17	44271801	44272000	13_EnhA1	5963
chr17	44266226	44266227	rs2532239	chr17	44271801	44272000	13_EnhA1	5575
chr17	44266289	44266290	rs2696569	chr17	44271801	44272000	13_EnhA1	5512
chr17	44266341	44266342	rs2696568	chr17	44271801	44272000	13_EnhA1	5460
chr17	44266530	44266531	rs2696566	chr17	44271801	44272000	13_EnhA1	5271
chr17	44266981	44266982	rs2732592	chr17	44271801	44272000	13_EnhA1	4820
chr17	44267800	44267801	rs141166507	chr17	44271801	44272000	13_EnhA1	4001
chr17	44268487	44268488	rs2141298	chr17	44271801	44272000	13_EnhA1	3314
chr17	44269725	44269726	rs2696635	chr17	44271801	44272000	13_EnhA1	2076
chr17	44269835	44269836	rs141752007	chr17	44271801	44272000	13_EnhA1	1966
chr17	44269921	44269922	rs62060947	chr17	44271801	44272000	13_EnhA1	1880
chr17	44269963	44269964	rs11079733	chr17	44271801	44272000	13_EnhA1	1838
chr17	44270058	44270059	rs2696633	chr17	44271801	44272000	13_EnhA1	1743
chr17	44270152	44270153	rs143625699	chr17	44271801	44272000	13_EnhA1	1649
chr17	44270180	44270181	rs72836333	chr17	44271801	44272000	13_EnhA1	1621
chr17	44270658	44270659	rs62060948	chr17	44271801	44272000	13_EnhA1	1143
chr17	44270808	44270809	rs113417378	chr17	44271801	44272000	13_EnhA1	993
chr17	44273217	44273218	rs2532233	chr17	44271801	44272000	13_EnhA1	1218
chr17	44273397	44273398	rs62060952	chr17	44271801	44272000	13_EnhA1	1398
chr17	44277167	44277168	rs141184610	chr17	44271801	44272000	13_EnhA1	5168
chr17	44277264	44277265	rs2532229	chr17	44271801	44272000	13_EnhA1	5265
chr17	44277475	44277476	rs147317628	chr17	44271801	44272000	13_EnhA1	5476
chr17	44278109	44278110	rs66498281	chr17	44271801	44272000	13_EnhA1	6110
chr17	44278741	44278742	rs17664048	chr17	44271801	44272000	13_EnhA1	6742
chr17	44279100	44279101	rs1918786	chr17	44271801	44272000	13_EnhA1	7101
chr17	44279251	44279252	rs1918787	chr17	44271801	44272000	13_EnhA1	7252
chr17	44280597	44280598	rs139293294	chr17	44271801	44272000	13_EnhA1	8598
chr17	44281158	44281159	rs148606226	chr17	44271801	44272000	13_EnhA1	9159
chr17	44282518	44282519	rs139098505	chr17	44271801	44272000	13_EnhA1	10519
chr17	44284056	44284057	rs548785130	chr17	44271801	44272000	13_EnhA1	12057
chr17	44284640	44284641	rs2668668	chr17	44271801	44272000	13_EnhA1	12641
chr17	44284876	44284877	rs368983412	chr17	44271801	44272000	13_EnhA1	12877
chr17	44284961	44284962	rs34221112	chr17	44271801	44272000	13_EnhA1	12962
chr17	44285951	44285952	rs2532423	chr17	44271801	44272000	13_EnhA1	13952
chr17	44285981	44285982	rs149187563	chr17	44271801	44272000	13_EnhA1	13982
chr17	44286383	44286384	rs4792837	chr17	44271801	44272000	13_EnhA1	14384
chr17	44287708	44287709	rs140712254	chr17	44271801	44272000	13_EnhA1	15709
chr17	44288155	44288156	rs2668653	chr17	44271801	44272000	13_EnhA1	16156
chr17	44288280	44288281	rs2532419	chr17	44271801	44272000	13_EnhA1	16281
chr17	44288283	44288284	rs2732628	chr17	44271801	44272000	13_EnhA1	16284
chr17	44288578	44288579	rs2532418	chr17	44271801	44272000	13_EnhA1	16579
chr17	44288639	44288640	rs2668645	chr17	44271801	44272000	13_EnhA1	16640
chr17	44288671	44288672	rs34898647	chr17	44271801	44272000	13_EnhA1	16672
chr17	44288701	44288702	rs2696445	chr17	44271801	44272000	13_EnhA1	16702
chr17	44289100	44289101	rs2732629	chr17	44271801	44272000	13_EnhA1	17101
chr17	44289149	44289150	rs2732630	chr17	44271801	44272000	13_EnhA1	17150
chr17	44289219	44289220	rs2532417	chr17	44271801	44272000	13_EnhA1	17220
chr17	44289231	44289232	rs2732631	chr17	44271801	44272000	13_EnhA1	17232
chr17	44289290	44289291	rs2532416	chr17	44271801	44272000	13_EnhA1	17291
chr17	44289627	44289628	rs2668670	chr17	44271801	44272000	13_EnhA1	17628
chr17	44289831	44289832	rs2696466	chr17	44271801	44272000	13_EnhA1	17832
chr17	44290046	44290047	rs2668665	chr17	44271801	44272000	13_EnhA1	18047
chr17	44290758	44290759	rs2668662	chr17	44271801	44272000	13_EnhA1	18759
chr17	44290848	44290849	rs76475191	chr17	44271801	44272000	13_EnhA1	18849
chr17	44290849	44290850	rs78826239	chr17	44271801	44272000	13_EnhA1	18850
chr17	44290909	44290910	rs79861768	chr17	44271801	44272000	13_EnhA1	18910
chr17	44291364	44291365	rs2732606	chr17	44271801	44272000	13_EnhA1	19365
chr17	44291380	44291381	rs2732605	chr17	44271801	44272000	13_EnhA1	19381
chr17	44291478	44291479	rs2732601	chr17	44271801	44272000	13_EnhA1	19479
chr17	44291733	44291734	rs2957296	chr17	44271801	44272000	13_EnhA1	19734
chr17	44291819	44291820	rs2696610	chr17	44271801	44272000	13_EnhA1	19820
chr17	44291979	44291980	rs3890609	chr17	44271801	44272000	13_EnhA1	19980
chr17	44292125	44292126	rs2668695	chr17	44271801	44272000	13_EnhA1	20126
chr17	44292318	44292319	rs2668694	chr17	44271801	44272000	13_EnhA1	20319
chr17	44293019	44293020	rs2668692	chr17	44271801	44272000	13_EnhA1	21020
chr17	44293204	44293205	rs2696609	chr17	44271801	44272000	13_EnhA1	21205
chr17	44293545	44293546	rs2668691	chr17	44271801	44272000	13_EnhA1	21546
chr17	44293670	44293671	rs2696608	chr17	44271801	44272000	13_EnhA1	21671
chr17	44293962	44293963	rs2458204	chr17	44271801	44272000	13_EnhA1	21963
chr17	44294104	44294105	rs2532414	chr17	44271801	44272000	13_EnhA1	22105
chr17	44294785	44294786	rs2266497	chr17	44271801	44272000	13_EnhA1	22786
chr17	44294982	44294983	rs2532413	chr17	44271801	44272000	13_EnhA1	22983
chr17	44295694	44295695	rs2532412	chr17	44271801	44272000	13_EnhA1	23695
chr17	44295794	44295795	rs2942186	chr17	44271801	44272000	13_EnhA1	23795
chr17	44296096	44296097	rs113146341	chr17	44271801	44272000	13_EnhA1	24097
chr17	44296178	44296179	rs77294312	chr17	44271801	44272000	13_EnhA1	24179
chr17	44296223	44296224	rs2429449	chr17	44271801	44272000	13_EnhA1	24224
chr17	44296229	44296230	rs78358711	chr17	44271801	44272000	13_EnhA1	24230
chr17	44296354	44296355	rs2942187	chr17	44271801	44272000	13_EnhA1	24355
chr17	44296521	44296522	rs111314258	chr17	44271801	44272000	13_EnhA1	24522
chr17	44296522	44296523	rs144416125	chr17	44271801	44272000	13_EnhA1	24523
chr17	44297458	44297459	rs75543806	chr17	44271801	44272000	13_EnhA1	25459
chr17	44299863	44299864	rs201443147	chr17	44271801	44272000	13_EnhA1	27864
chr17	44300066	44300067	rs147642589	chr17	44271801	44272000	13_EnhA1	28067
chr17	44301545	44301546	rs145848989	chr17	44271801	44272000	13_EnhA1	29546
chr17	44301839	44301840	rs142920272	chr17	44271801	44272000	13_EnhA1	29840
chr17	44303524	44303525	rs368557302	chr17	44271801	44272000	13_EnhA1	31525
chr17	44303605	44303606	rs139203747	chr17	44271801	44272000	13_EnhA1	31606
chr17	44303667	44303668	rs371411506	chr17	44271801	44272000	13_EnhA1	31668
chr17	44304909	44304910	rs148992948	chr17	44271801	44272000	13_EnhA1	32910
chr17	44305816	44305817	rs140256385	chr17	44271801	44272000	13_EnhA1	33817
chr17	44307192	44307193	rs2532395	chr17	44271801	44272000	13_EnhA1	35193
chr17	44308052	44308053	rs138985755	chr17	44271801	44272000	13_EnhA1	36053
chr17	44309249	44309250	rs199632045	chr17	44271801	44272000	13_EnhA1	37250
chr17	44309855	44309856	rs146200535	chr17	44271801	44272000	13_EnhA1	37856
chr17	44311199	44311200	rs373392968	chr17	44271801	44272000	13_EnhA1	39200
chr17	44313223	44313224	rs148033495	chr17	44271801	44272000	13_EnhA1	41224
chr17	44313521	44313522	rs118064774	chr17	44271801	44272000	13_EnhA1	41522
chr17	44314147	44314148	rs111535660	chr17	44271801	44272000	13_EnhA1	42148
chr17	44314178	44314179	rs112493812	chr17	44271801	44272000	13_EnhA1	42179
chr17	44314216	44314217	rs113343439	chr17	44271801	44272000	13_EnhA1	42217
chr17	44314260	44314261	rs113138968	chr17	44271801	44272000	13_EnhA1	42261
chr17	44315802	44315803	rs2696673	chr17	44271801	44272000	13_EnhA1	43803
chr17	44315945	44315946	rs149148270	chr17	44271801	44272000	13_EnhA1	43946
chr17	44316075	44316076	rs55653937	chr17	44271801	44272000	13_EnhA1	44076
chr17	44316218	44316219	rs62073094	chr17	44271801	44272000	13_EnhA1	44219
chr17	44316279	44316280	rs55744103	chr17	44271801	44272000	13_EnhA1	44280
chr17	44316448	44316449	rs62073098	chr17	44271801	44272000	13_EnhA1	44449
chr17	44316490	44316491	rs62073099	chr17	44271801	44272000	13_EnhA1	44491
chr17	44316508	44316509	rs149753849	chr17	44271801	44272000	13_EnhA1	44509
chr17	44316877	44316878	rs141716100	chr17	44271801	44272000	13_EnhA1	44878
chr17	44318574	44318575	rs3110331	chr17	44364201	44364600	16_EnhW1	45627
chr17	44319166	44319167	rs2696607	chr17	44364201	44364600	16_EnhW1	45035
chr17	44319734	44319735	rs62073102	chr17	44364201	44364600	16_EnhW1	44467
chr17	44322576	44322577	rs372745970	chr17	44364201	44364600	16_EnhW1	41625
chr17	44323424	44323425	rs141633411	chr17	44364201	44364600	16_EnhW1	40777
chr17	44324538	44324539	rs2668639	chr17	44364201	44364600	16_EnhW1	39663
chr17	44325592	44325593	rs142380704	chr17	44364201	44364600	16_EnhW1	38609
chr17	44325781	44325782	rs201746845	chr17	44364201	44364600	16_EnhW1	38420
chr17	44326062	44326063	rs143628920	chr17	44364201	44364600	16_EnhW1	38139
chr17	44326104	44326105	rs191247549	chr17	44364201	44364600	16_EnhW1	38097
chr17	44328259	44328260	rs374891353	chr17	44364201	44364600	16_EnhW1	35942
chr17	44328918	44328919	rs374470873	chr17	44364201	44364600	16_EnhW1	35283
chr17	44328920	44328921	rs377762376	chr17	44364201	44364600	16_EnhW1	35281
chr17	44329635	44329636	rs2243967	chr17	44364201	44364600	16_EnhW1	34566
chr17	44330104	44330105	rs79641193	chr17	44364201	44364600	16_EnhW1	34097
chr17	44330105	44330106	rs76147580	chr17	44364201	44364600	16_EnhW1	34096
chr17	44330397	44330398	rs192799606	chr17	44364201	44364600	16_EnhW1	33804
chr17	44330409	44330410	rs182821552	chr17	44364201	44364600	16_EnhW1	33792
chr17	44331802	44331803	rs200422537	chr17	44364201	44364600	16_EnhW1	32399
chr17	44332092	44332093	rs11655181	chr17	44364201	44364600	16_EnhW1	32109
chr17	44332199	44332200	rs373294137	chr17	44364201	44364600	16_EnhW1	32002
chr17	44332350	44332351	rs2950015	chr17	44364201	44364600	16_EnhW1	31851
chr17	44332428	44332429	rs2732625	chr17	44364201	44364600	16_EnhW1	31773
chr17	44332792	44332793	rs71375338	chr17	44364201	44364600	16_EnhW1	31409
chr17	44332969	44332970	rs2532364	chr17	44364201	44364600	16_EnhW1	31232
chr17	44333120	44333121	rs62073155	chr17	44364201	44364600	16_EnhW1	31081
chr17	44333292	44333293	rs190796367	chr17	44364201	44364600	16_EnhW1	30909
chr17	44333330	44333331	rs150592114	chr17	44364201	44364600	16_EnhW1	30871
chr17	44333411	44333412	rs111920741	chr17	44364201	44364600	16_EnhW1	30790
chr17	44333422	44333423	rs2532363	chr17	44364201	44364600	16_EnhW1	30779
chr17	44333531	44333532	rs113343751	chr17	44364201	44364600	16_EnhW1	30670
chr17	44333567	44333568	rs62073156	chr17	44364201	44364600	16_EnhW1	30634
chr17	44333888	44333889	rs2696422	chr17	44364201	44364600	16_EnhW1	30313
chr17	44333889	44333890	rs2696423	chr17	44364201	44364600	16_EnhW1	30312
chr17	44334051	44334052	rs62073157	chr17	44364201	44364600	16_EnhW1	30150
chr17	44334767	44334768	rs62074562	chr17	44364201	44364600	16_EnhW1	29434
chr17	44335273	44335274	rs2696429	chr17	44364201	44364600	16_EnhW1	28928
chr17	44335578	44335579	rs139077859	chr17	44364201	44364600	16_EnhW1	28623
chr17	44335634	44335635	rs147431626	chr17	44364201	44364600	16_EnhW1	28567
chr17	44335751	44335752	rs76155390	chr17	44364201	44364600	16_EnhW1	28450
chr17	44335894	44335895	rs72485539	chr17	44364201	44364600	16_EnhW1	28307
chr17	44336593	44336594	rs2957321	chr17	44364201	44364600	16_EnhW1	27608
chr17	44336618	44336619	rs143555493	chr17	44364201	44364600	16_EnhW1	27583
chr17	44336650	44336651	rs2458203	chr17	44364201	44364600	16_EnhW1	27551
chr17	44336975	44336976	rs2469937	chr17	44364201	44364600	16_EnhW1	27226
chr17	44337902	44337903	rs112305366	chr17	44364201	44364600	16_EnhW1	26299
chr17	44338278	44338279	rs2696430	chr17	44364201	44364600	16_EnhW1	25923
chr17	44338279	44338280	rs375807182	chr17	44364201	44364600	16_EnhW1	25922
chr17	44338284	44338285	rs369196070	chr17	44364201	44364600	16_EnhW1	25917
chr17	44338432	44338433	rs2950656	chr17	44364201	44364600	16_EnhW1	25769
chr17	44338593	44338594	rs113313727	chr17	44364201	44364600	16_EnhW1	25608
chr17	44338639	44338640	rs141650602	chr17	44364201	44364600	16_EnhW1	25562
chr17	44338693	44338694	rs550530305	chr17	44364201	44364600	16_EnhW1	25508
chr17	44338781	44338782	rs34081316	chr17	44364201	44364600	16_EnhW1	25420
chr17	44339108	44339109	rs201657714	chr17	44364201	44364600	16_EnhW1	25093
chr17	44339353	44339354	rs113178301	chr17	44364201	44364600	16_EnhW1	24848
chr17	44339374	44339375	rs80290584	chr17	44364201	44364600	16_EnhW1	24827
chr17	44339407	44339408	rs2732685	chr17	44364201	44364600	16_EnhW1	24794
chr17	44339472	44339473	rs2532349	chr17	44364201	44364600	16_EnhW1	24729
chr17	44339512	44339513	rs34046424	chr17	44364201	44364600	16_EnhW1	24689
chr17	44339606	44339607	rs77917260	chr17	44364201	44364600	16_EnhW1	24595
chr17	44339607	44339608	rs79947689	chr17	44364201	44364600	16_EnhW1	24594
chr17	44339650	44339651	rs36036607	chr17	44364201	44364600	16_EnhW1	24551
chr17	44339664	44339665	rs2732683	chr17	44364201	44364600	16_EnhW1	24537
chr17	44339674	44339675	rs2732682	chr17	44364201	44364600	16_EnhW1	24527
chr17	44339711	44339712	rs2668687	chr17	44364201	44364600	16_EnhW1	24490
chr17	44339746	44339747	rs67404079	chr17	44364201	44364600	16_EnhW1	24455
chr17	44340152	44340153	rs372228208	chr17	44364201	44364600	16_EnhW1	24049
chr17	44341867	44341868	rs143191191	chr17	44364201	44364600	16_EnhW1	22334
chr17	44341933	44341934	rs2732678	chr17	44364201	44364600	16_EnhW1	22268
chr17	44342122	44342123	rs2732677	chr17	44364201	44364600	16_EnhW1	22079
chr17	44342377	44342378	rs79061491	chr17	44364201	44364600	16_EnhW1	21824
chr17	44342460	44342461	rs147456794	chr17	44364201	44364600	16_EnhW1	21741
chr17	44342481	44342482	rs112528980	chr17	44364201	44364600	16_EnhW1	21720
chr17	44342512	44342513	rs2668713	chr17	44364201	44364600	16_EnhW1	21689
chr17	44342562	44342563	rs2429440	chr17	44364201	44364600	16_EnhW1	21639
chr17	44342993	44342994	rs62071573	chr17	44364201	44364600	16_EnhW1	21208
chr17	44343003	44343004	rs2950706	chr17	44364201	44364600	16_EnhW1	21198
chr17	44343369	44343370	rs2696694	chr17	44364201	44364600	16_EnhW1	20832
chr17	44344096	44344097	rs2532343	chr17	44364201	44364600	16_EnhW1	20105
chr17	44344375	44344376	rs112534607	chr17	44364201	44364600	16_EnhW1	19826
chr17	44344408	44344409	rs111413387	chr17	44364201	44364600	16_EnhW1	19793
chr17	44344540	44344541	rs111854089	chr17	44364201	44364600	16_EnhW1	19661
chr17	44344551	44344552	rs113830390	chr17	44364201	44364600	16_EnhW1	19650
chr17	44344594	44344595	rs117995241	chr17	44364201	44364600	16_EnhW1	19607
chr17	44344595	44344596	rs117629202	chr17	44364201	44364600	16_EnhW1	19606
chr17	44344736	44344737	rs67539917	chr17	44364201	44364600	16_EnhW1	19465
chr17	44344809	44344810	rs2732649	chr17	44364201	44364600	16_EnhW1	19392
chr17	44344821	44344822	rs76934998	chr17	44364201	44364600	16_EnhW1	19380
chr17	44344857	44344858	rs74358353	chr17	44364201	44364600	16_EnhW1	19344
chr17	44344925	44344926	rs74652075	chr17	44364201	44364600	16_EnhW1	19276
chr17	44344969	44344970	rs77568881	chr17	44364201	44364600	16_EnhW1	19232
chr17	44344987	44344988	rs2732650	chr17	44364201	44364600	16_EnhW1	19214
chr17	44345046	44345047	rs138875687	chr17	44364201	44364600	16_EnhW1	19155
chr17	44345062	44345063	rs2732651	chr17	44364201	44364600	16_EnhW1	19139
chr17	44345089	44345090	rs2668719	chr17	44364201	44364600	16_EnhW1	19112
chr17	44345113	44345114	rs2732652	chr17	44364201	44364600	16_EnhW1	19088
chr17	44345652	44345653	rs2532340	chr17	44364201	44364600	16_EnhW1	18549
chr17	44345667	44345668	rs2532339	chr17	44364201	44364600	16_EnhW1	18534
chr17	44346392	44346393	rs2696561	chr17	44364201	44364600	16_EnhW1	17809
chr17	44346404	44346405	rs2732654	chr17	44364201	44364600	16_EnhW1	17797
chr17	44346406	44346407	rs2732655	chr17	44364201	44364600	16_EnhW1	17795
chr17	44346588	44346589	rs77488920	chr17	44364201	44364600	16_EnhW1	17613
chr17	44346673	44346674	rs2696559	chr17	44364201	44364600	16_EnhW1	17528
chr17	44346828	44346829	rs62071576	chr17	44364201	44364600	16_EnhW1	17373
chr17	44346950	44346951	rs2696558	chr17	44364201	44364600	16_EnhW1	17251
chr17	44346961	44346962	rs2458216	chr17	44364201	44364600	16_EnhW1	17240
chr17	44348264	44348265	rs2429438	chr17	44364201	44364600	16_EnhW1	15937
chr17	44348297	44348298	rs2950694	chr17	44364201	44364600	16_EnhW1	15904
chr17	44348355	44348356	rs2950693	chr17	44364201	44364600	16_EnhW1	15846
chr17	44348369	44348370	rs2696555	chr17	44364201	44364600	16_EnhW1	15832
chr17	44348386	44348387	rs2950692	chr17	44364201	44364600	16_EnhW1	15815
chr17	44348592	44348593	rs2732713	chr17	44364201	44364600	16_EnhW1	15609
chr17	44348615	44348616	rs113056783	chr17	44364201	44364600	16_EnhW1	15586
chr17	44348633	44348634	rs112665297	chr17	44364201	44364600	16_EnhW1	15568
chr17	44348767	44348768	rs2950691	chr17	44364201	44364600	16_EnhW1	15434
chr17	44348824	44348825	rs2942175	chr17	44364201	44364600	16_EnhW1	15377
chr17	44348847	44348848	rs2942176	chr17	44364201	44364600	16_EnhW1	15354
chr17	44348931	44348932	rs2732712	chr17	44364201	44364600	16_EnhW1	15270
chr17	44348962	44348963	rs67667485	chr17	44364201	44364600	16_EnhW1	15239
chr17	44348986	44348987	rs2942177	chr17	44364201	44364600	16_EnhW1	15215
chr17	44349078	44349079	rs75257416	chr17	44364201	44364600	16_EnhW1	15123
chr17	44349079	44349080	rs78570732	chr17	44364201	44364600	16_EnhW1	15122
chr17	44349135	44349136	rs67962447	chr17	44364201	44364600	16_EnhW1	15066
chr17	44349149	44349150	rs67912164	chr17	44364201	44364600	16_EnhW1	15052
chr17	44349166	44349167	rs62071595	chr17	44364201	44364600	16_EnhW1	15035
chr17	44349168	44349169	rs62071596	chr17	44364201	44364600	16_EnhW1	15033
chr17	44349233	44349234	rs2696551	chr17	44364201	44364600	16_EnhW1	14968
chr17	44349282	44349283	rs2469944	chr17	44364201	44364600	16_EnhW1	14919
chr17	44349289	44349290	rs2696550	chr17	44364201	44364600	16_EnhW1	14912
chr17	44349346	44349347	rs2469943	chr17	44364201	44364600	16_EnhW1	14855
chr17	44349371	44349372	rs2696549	chr17	44364201	44364600	16_EnhW1	14830
chr17	44349735	44349736	rs2262140	chr17	44364201	44364600	16_EnhW1	14466
chr17	44349743	44349744	rs2469941	chr17	44364201	44364600	16_EnhW1	14458
chr17	44349866	44349867	rs2532330	chr17	44364201	44364600	16_EnhW1	14335
chr17	44349898	44349899	rs2261016	chr17	44364201	44364600	16_EnhW1	14303
chr17	44350089	44350090	rs2532329	chr17	44364201	44364600	16_EnhW1	14112
chr17	44350124	44350125	rs2668611	chr17	44364201	44364600	16_EnhW1	14077
chr17	44350292	44350293	rs2732711	chr17	44364201	44364600	16_EnhW1	13909
chr17	44350295	44350296	rs66475798	chr17	44364201	44364600	16_EnhW1	13906
chr17	44350309	44350310	rs2668614	chr17	44364201	44364600	16_EnhW1	13892
chr17	44350394	44350395	rs2696547	chr17	44364201	44364600	16_EnhW1	13807
chr17	44350510	44350511	rs2262144	chr17	44364201	44364600	16_EnhW1	13691
chr17	44350526	44350527	rs2732710	chr17	44364201	44364600	16_EnhW1	13675
chr17	44351386	44351387	rs2732708	chr17	44364201	44364600	16_EnhW1	12815
chr17	44351532	44351533	rs2696542	chr17	44364201	44364600	16_EnhW1	12669
chr17	44351599	44351600	rs2732707	chr17	44364201	44364600	16_EnhW1	12602
chr17	44351685	44351686	rs2732706	chr17	44364201	44364600	16_EnhW1	12516
chr17	44351730	44351731	rs2469940	chr17	44364201	44364600	16_EnhW1	12471
chr17	44351738	44351739	rs2469939	chr17	44364201	44364600	16_EnhW1	12463
chr17	44351742	44351743	rs2696541	chr17	44364201	44364600	16_EnhW1	12459
chr17	44351928	44351929	rs2732705	chr17	44364201	44364600	16_EnhW1	12273
chr17	44352130	44352131	rs2668622	chr17	44364201	44364600	16_EnhW1	12071
chr17	44353113	44353114	rs2732704	chr17	44364201	44364600	16_EnhW1	11088
chr17	44353174	44353175	rs2668626	chr17	44364201	44364600	16_EnhW1	11027
chr17	44353205	44353206	rs2458217	chr17	44364201	44364600	16_EnhW1	10996
chr17	44353413	44353414	rs36050210	chr17	44364201	44364600	16_EnhW1	10788
chr17	44353692	44353693	rs2668627	chr17	44364201	44364600	16_EnhW1	10509
chr17	44354568	44354569	rs139718809	chr17	44364201	44364600	16_EnhW1	9633
chr17	44354903	44354904	rs2732699	chr17	44364201	44364600	16_EnhW1	9298
chr17	44355129	44355130	rs2696535	chr17	44364201	44364600	16_EnhW1	9072
chr17	44355161	44355162	rs112758891	chr17	44364201	44364600	16_EnhW1	9040
chr17	44355172	44355173	rs111446248	chr17	44364201	44364600	16_EnhW1	9029
chr17	44355283	44355284	rs112243618	chr17	44364201	44364600	16_EnhW1	8918
chr17	44355302	44355303	rs112082260	chr17	44364201	44364600	16_EnhW1	8899
chr17	44355303	44355304	rs371894855	chr17	44364201	44364600	16_EnhW1	8898
chr17	44355342	44355343	rs2696533	chr17	44364201	44364600	16_EnhW1	8859
chr17	44355601	44355602	rs2696532	chr17	44364201	44364600	16_EnhW1	8600
chr17	44355713	44355714	rs2696530	chr17	44364201	44364600	16_EnhW1	8488
chr17	44355725	44355726	rs74807476	chr17	44364201	44364600	16_EnhW1	8476
chr17	44355749	44355750	rs113677423	chr17	44364201	44364600	16_EnhW1	8452
chr17	44356057	44356058	rs62071628	chr17	44364201	44364600	16_EnhW1	8144
chr17	44356319	44356320	rs2696528	chr17	44364201	44364600	16_EnhW1	7882
chr17	44356409	44356410	rs74390346	chr17	44364201	44364600	16_EnhW1	7792
chr17	44356432	44356433	rs2696527	chr17	44364201	44364600	16_EnhW1	7769
chr17	44356435	44356436	rs76167437	chr17	44364201	44364600	16_EnhW1	7766
chr17	44356636	44356637	rs2696525	chr17	44364201	44364600	16_EnhW1	7565
chr17	44356693	44356694	rs111912558	chr17	44364201	44364600	16_EnhW1	7508
chr17	44356745	44356746	rs113896715	chr17	44364201	44364600	16_EnhW1	7456
chr17	44356792	44356793	rs2696524	chr17	44364201	44364600	16_EnhW1	7409
chr17	44356889	44356890	rs2696522	chr17	44364201	44364600	16_EnhW1	7312
chr17	44357171	44357172	rs113130019	chr17	44364201	44364600	16_EnhW1	7030
chr17	44357197	44357198	rs80296410	chr17	44364201	44364600	16_EnhW1	7004
chr17	44357350	44357351	rs17665188	chr17	44364201	44364600	16_EnhW1	6851
chr17	44357359	44357360	rs75033119	chr17	44364201	44364600	16_EnhW1	6842
chr17	44357391	44357392	rs112254607	chr17	44364201	44364600	16_EnhW1	6810
chr17	44357452	44357453	rs74839514	chr17	44364201	44364600	16_EnhW1	6749
chr17	44357561	44357562	rs112750270	chr17	44364201	44364600	16_EnhW1	6640
chr17	44357884	44357885	rs2696518	chr17	44364201	44364600	16_EnhW1	6317
chr17	44358106	44358107	rs2696516	chr17	44364201	44364600	16_EnhW1	6095
chr17	44358108	44358109	rs2696515	chr17	44364201	44364600	16_EnhW1	6093
chr17	44358346	44358347	rs149535063	chr17	44364201	44364600	16_EnhW1	5855
chr17	44358427	44358428	rs2532322	chr17	44364201	44364600	16_EnhW1	5774
chr17	44358811	44358812	rs374242426	chr17	44364201	44364600	16_EnhW1	5390
chr17	44359498	44359499	rs79523636	chr17	44364201	44364600	16_EnhW1	4703
chr17	44359662	44359663	rs36123991	chr17	44364201	44364600	16_EnhW1	4539
chr17	44359778	44359779	rs192856660	chr17	44364201	44364600	16_EnhW1	4423
chr17	44359782	44359783	rs184837332	chr17	44364201	44364600	16_EnhW1	4419
chr17	44360348	44360349	rs373695612	chr17	44364201	44364600	16_EnhW1	3853
chr17	44361382	44361383	rs2458218	chr17	44364201	44364600	16_EnhW1	2819
chr17	44364828	44364829	rs2732613	chr17	44364201	44364600	16_EnhW1	229
chr17	44364863	44364864	rs2696495	chr17	44364201	44364600	16_EnhW1	264
chr17	44364999	44365000	rs2696494	chr17	44364201	44364600	16_EnhW1	400
chr17	44365489	44365490	rs2732610	chr17	44364201	44364600	16_EnhW1	890
chr17	44368211	44368212	rs2957297	chr17	44364201	44364600	16_EnhW1	3612
chr17	44368430	44368431	rs62073178	chr17	44364201	44364600	16_EnhW1	3831
chr17	44368925	44368926	rs2532424	chr17	44364201	44364600	16_EnhW1	4326
chr17	44374709	44374710	rs201223330	chr17	44364201	44364600	16_EnhW1	10110
chr17	44412075	44412076	rs369158541	chr17	44364201	44364600	16_EnhW1	47476
chr17	44477276	44477277	rs142948617	chr17	44364201	44364600	16_EnhW1	112677
chr17	44515705	44515706	rs144428250	chr17	44364201	44364600	16_EnhW1	151106
chr17	44574700	44574701	rs200194382	chr17	44364201	44364600	16_EnhW1	210101
chr17	44582283	44582284	rs145711463	chr17	44790601	44791000	17_EnhW2	208318
chr17	44611781	44611782	rs369234167	chr17	44790601	44791000	17_EnhW2	178820
chr17	44625865	44625866	rs199913382	chr17	44790601	44791000	17_EnhW2	164736
chr17	44630069	44630070	rs201101030	chr17	44790601	44791000	17_EnhW2	160532
chr17	44690707	44690708	rs140288713	chr17	44790601	44791000	17_EnhW2	99894
chr17	44699850	44699851	rs116956554	chr17	44790601	44791000	17_EnhW2	90751
chr17	44705516	44705517	rs151062946	chr17	44790601	44791000	17_EnhW2	85085
chr17	44708735	44708736	rs369268849	chr17	44790601	44791000	17_EnhW2	81866
chr17	44736721	44736722	rs145281367	chr17	44790601	44791000	17_EnhW2	53880
chr17	44753024	44753025	rs199470	chr17	44790601	44791000	17_EnhW2	37577
chr17	44753024	44753025	rs375366682	chr17	44790601	44791000	17_EnhW2	37577
chr17	44753349	44753350	rs117300236	chr17	44790601	44791000	17_EnhW2	37252
chr17	44753642	44753643	rs374952396	chr17	44790601	44791000	17_EnhW2	36959
chr17	44753644	44753645	rs369332489	chr17	44790601	44791000	17_EnhW2	36957
chr17	44755728	44755729	rs141783865	chr17	44790601	44791000	17_EnhW2	34873
chr17	44762588	44762589	rs77819282	chr17	44790601	44791000	17_EnhW2	28013
chr17	44764774	44764775	rs199460	chr17	44790601	44791000	17_EnhW2	25827
chr17	44782223	44782224	rs146122400	chr17	44790601	44791000	17_EnhW2	8378
chr17	44786335	44786336	rs199437	chr17	44790601	44791000	17_EnhW2	4266
chr17	44787311	44787312	rs1378358	chr17	44790601	44791000	17_EnhW2	3290
chr17	44787312	44787313	rs538628	chr17	44790601	44791000	17_EnhW2	3289
chr17	44788309	44788310	rs183211	chr17	44790601	44791000	17_EnhW2	2292
chr17	44789284	44789285	rs199436	chr17	44790601	44791000	17_EnhW2	1317
chr17	44790202	44790203	rs169201	chr17	44790601	44791000	17_EnhW2	399
chr17	44791642	44791643	rs199438	chr17	44790601	44791000	17_EnhW2	643
chr17	44793502	44793503	rs199439	chr17	44790601	44791000	17_EnhW2	2503
chr17	44793626	44793627	rs56755526	chr17	44790601	44791000	17_EnhW2	2627
chr17	44795233	44795234	rs142167	chr17	44798401	44798600	17_EnhW2	3168
chr17	44795468	44795469	rs199457	chr17	44798401	44798600	17_EnhW2	2933
chr17	44797918	44797919	rs199456	chr17	44798401	44798600	17_EnhW2	483
chr17	44799215	44799216	rs199455	chr17	44798401	44798600	17_EnhW2	616
chr17	44800045	44800046	rs7224296	chr17	44798401	44798600	17_EnhW2	1446
chr17	44800109	44800110	rs199454	chr17	44798401	44798600	17_EnhW2	1510
chr17	44800945	44800946	rs199453	chr17	44798401	44798600	17_EnhW2	2346
chr17	44801339	44801340	rs199452	chr17	44798401	44798600	17_EnhW2	2740
chr17	44801783	44801784	rs199451	chr17	44798401	44798600	17_EnhW2	3184
chr17	44808341	44808342	rs34162554	chr17	44809001	44809800	17_EnhW2	660
chr17	44808901	44808902	rs199449	chr17	44809001	44809800	17_EnhW2	100
chr17	44809000	44809001	rs199448	chr17	44809001	44809800	17_EnhW2	1
chr17	44812187	44812188	rs199447	chr17	44810601	44811600	17_EnhW2	588
chr17	44813168	44813169	rs199446	chr17	44813601	44813800	17_EnhW2	433
chr17	44817407	44817408	rs199445	chr17	44818401	44818600	17_EnhW2	994
chr17	44818275	44818276	rs199444	chr17	44818401	44818600	17_EnhW2	126
chr17	44818953	44818954	rs113562005	chr17	44818401	44818600	17_EnhW2	354
chr17	44819564	44819565	rs199443	chr17	44819801	44820000	17_EnhW2	237
chr17	44820121	44820122	rs199442	chr17	44819801	44820000	17_EnhW2	122
chr17	44820424	44820425	rs199536	chr17	44819801	44820000	17_EnhW2	425
chr17	44821986	44821987	rs111404933	chr17	44822201	44822400	17_EnhW2	215
chr17	44822661	44822662	rs199535	chr17	44822201	44822400	17_EnhW2	262
chr17	44824212	44824213	rs199534	chr17	44822201	44822400	17_EnhW2	1813
chr17	44826055	44826056	rs9896243	chr17	44822201	44822400	17_EnhW2	3656
chr17	44828930	44828931	rs199533	chr17	44822201	44822400	17_EnhW2	6531
chr17	44830413	44830414	rs199531	chr17	44822201	44822400	17_EnhW2	8014
chr17	44835366	44835367	rs201825860	chr17	44841801	44842800	17_EnhW2	6435
chr17	44836301	44836302	rs9912530	chr17	44841801	44842800	17_EnhW2	5500
chr17	44836652	44836653	rs199530	chr17	44841801	44842800	17_EnhW2	5149
chr17	44837216	44837217	rs199529	chr17	44841801	44842800	17_EnhW2	4585
chr17	44843135	44843136	rs199528	chr17	44841801	44842800	17_EnhW2	336
chr17	44843666	44843667	rs199527	chr17	44841801	44842800	17_EnhW2	867
chr17	44847706	44847707	rs199526	chr17	44841801	44842800	17_EnhW2	4907
chr17	44847833	44847834	rs199525	chr17	44841801	44842800	17_EnhW2	5034
chr17	44848437	44848438	rs199524	chr17	44841801	44842800	17_EnhW2	5638
chr17	44848516	44848517	rs199523	chr17	44841801	44842800	17_EnhW2	5717
chr17	44853455	44853456	rs199521	chr17	44862601	44862800	17_EnhW2	9146
chr17	44853871	44853872	rs199520	chr17	44862601	44862800	17_EnhW2	8730
chr17	44853923	44853924	rs199519	chr17	44862601	44862800	17_EnhW2	8678
chr17	44854579	44854580	rs199518	chr17	44862601	44862800	17_EnhW2	8022
chr17	44854586	44854587	rs199517	chr17	44862601	44862800	17_EnhW2	8015
chr17	44856484	44856485	rs199516	chr17	44862601	44862800	17_EnhW2	6117
chr17	44856640	44856641	rs199515	chr17	44862601	44862800	17_EnhW2	5961
chr17	44856880	44856881	rs199514	chr17	44862601	44862800	17_EnhW2	5721
chr17	44856931	44856932	rs199513	chr17	44862601	44862800	17_EnhW2	5670
chr17	44857125	44857126	rs372432390	chr17	44862601	44862800	17_EnhW2	5476
chr17	44857351	44857352	rs199512	chr17	44862601	44862800	17_EnhW2	5250
chr17	44857928	44857929	rs199510	chr17	44862601	44862800	17_EnhW2	4673
chr17	44858597	44858598	rs376907784	chr17	44862601	44862800	17_EnhW2	4004
chr17	44858727	44858728	rs199509	chr17	44862601	44862800	17_EnhW2	3874
chr17	44858837	44858838	rs199508	chr17	44862601	44862800	17_EnhW2	3764
chr17	44858854	44858855	rs199507	chr17	44862601	44862800	17_EnhW2	3747
chr17	44859030	44859031	rs199506	chr17	44862601	44862800	17_EnhW2	3571
chr17	44859143	44859144	rs415430	chr17	44862601	44862800	17_EnhW2	3458
chr17	44859147	44859148	rs430685	chr17	44862601	44862800	17_EnhW2	3454
chr17	44859409	44859410	rs199505	chr17	44862601	44862800	17_EnhW2	3192
chr17	44859714	44859715	rs70602	chr17	44862601	44862800	17_EnhW2	2887
chr17	44860020	44860021	rs70600	chr17	44862601	44862800	17_EnhW2	2581
chr17	44861002	44861003	rs199504	chr17	44862601	44862800	17_EnhW2	1599
chr17	44862161	44862162	rs199503	chr17	44862601	44862800	17_EnhW2	440
chr17	44862346	44862347	rs199502	chr17	44862601	44862800	17_EnhW2	255
chr17	44862612	44862613	rs199501	chr17	44862601	44862800	17_EnhW2	0
chr17	44863132	44863133	rs916888	chr17	44862801	44863200	15_EnhAF	0
chr17	44863412	44863413	rs199500	chr17	44863201	44863800	17_EnhW2	0
chr17	44865438	44865439	rs2074404	chr17	44863201	44863800	17_EnhW2	1639
chr17	44865497	44865498	rs199499	chr17	44863201	44863800	17_EnhW2	1698
chr17	44865602	44865603	rs199498	chr17	44863201	44863800	17_EnhW2	1803
chr17	49226416	49226417	rs145372333	chr17	49230001	49230200	16_EnhW1	3585
chr17	49237951	49237952	rs76221971	chr17	49230001	49230200	16_EnhW1	7752
chr17	49243858	49243859	rs115848216	chr17	49230001	49230200	16_EnhW1	13659
chr17	62968338	62968339	rs6504266	chr17	62970601	62971000	16_EnhW1	2263
chr17	62968828	62968829	rs62072157	chr17	62970601	62971000	16_EnhW1	1773
chr17	62971596	62971597	rs35122942	chr17	62970601	62971000	16_EnhW1	597
chr17	62972380	62972381	rs11650325	chr17	62970601	62971000	16_EnhW1	1381
chr17	62973008	62973009	rs35355477	chr17	62970601	62971000	16_EnhW1	2009
chr17	62973022	62973023	rs7212449	chr17	62970601	62971000	16_EnhW1	2023
chr17	62973077	62973078	rs35939580	chr17	62970601	62971000	16_EnhW1	2078
chr17	62973568	62973569	rs11868185	chr17	62970601	62971000	16_EnhW1	2569
chr17	62973718	62973719	rs62073261	chr17	62970601	62971000	16_EnhW1	2719
chr17	62973789	62973790	rs35020254	chr17	62970601	62971000	16_EnhW1	2790
chr17	62973892	62973893	rs56269638	chr17	62970601	62971000	16_EnhW1	2893
chr17	62974056	62974057	rs377204383	chr17	62970601	62971000	16_EnhW1	3057
chr17	62976403	62976404	rs59490819	chr17	62970601	62971000	16_EnhW1	5404
chr17	62976404	62976405	rs58511951	chr17	62970601	62971000	16_EnhW1	5405
chr17	62976590	62976591	rs59179879	chr17	62982001	62982600	16_EnhW1	5411
chr17	62976595	62976596	rs58671384	chr17	62982001	62982600	16_EnhW1	5406
chr17	62976656	62976657	rs59403188	chr17	62982001	62982600	16_EnhW1	5345
chr17	62977366	62977367	rs373337730	chr17	62982001	62982600	16_EnhW1	4635
chr17	62977918	62977919	rs59647069	chr17	62982001	62982600	16_EnhW1	4083
chr17	62978911	62978912	rs12948418	chr17	62982001	62982600	16_EnhW1	3090
chr17	62978980	62978981	rs12948710	chr17	62982001	62982600	16_EnhW1	3021
chr17	62979082	62979083	rs35742188	chr17	62982001	62982600	16_EnhW1	2919
chr17	62979573	62979574	rs62073271	chr17	62982001	62982600	16_EnhW1	2428
chr17	62979613	62979614	rs62073272	chr17	62982001	62982600	16_EnhW1	2388
chr17	62979781	62979782	rs56322039	chr17	62982001	62982600	16_EnhW1	2220
chr17	62979782	62979783	rs56410881	chr17	62982001	62982600	16_EnhW1	2219
chr17	62980285	62980286	rs34569554	chr17	62982001	62982600	16_EnhW1	1716
chr17	62980916	62980917	rs62073274	chr17	62982001	62982600	16_EnhW1	1085
chr17	62981232	62981233	rs62073275	chr17	62982001	62982600	16_EnhW1	769
chr17	62981332	62981333	rs17685439	chr17	62982001	62982600	16_EnhW1	669
chr17	62983144	62983145	rs4791250	chr17	62982601	62982800	17_EnhW2	345
chr17	62983302	62983303	rs4791249	chr17	62982601	62982800	17_EnhW2	503
chr17	62983455	62983456	rs3960393	chr17	62982601	62982800	17_EnhW2	656
chr17	62983525	62983526	rs35011716	chr17	62982601	62982800	17_EnhW2	726
chr17	62983930	62983931	rs12945457	chr17	62982601	62982800	17_EnhW2	1131
chr17	62984098	62984099	rs12946305	chr17	62982601	62982800	17_EnhW2	1299
chr17	62984209	62984210	rs28622424	chr17	62982601	62982800	17_EnhW2	1410
chr17	62984300	62984301	rs67542101	chr17	62982601	62982800	17_EnhW2	1501
chr17	62984434	62984435	rs67115810	chr17	62982601	62982800	17_EnhW2	1635
chr17	62984551	62984552	rs62073277	chr17	62982601	62982800	17_EnhW2	1752
chr17	62984608	62984609	rs34835781	chr17	62982601	62982800	17_EnhW2	1809
chr17	62984878	62984879	rs35575637	chr17	62982601	62982800	17_EnhW2	2079
chr17	62985006	62985007	rs140087804	chr17	62982601	62982800	17_EnhW2	2207
chr17	62985028	62985029	rs62073280	chr17	62982601	62982800	17_EnhW2	2229
chr17	62985049	62985050	rs62073281	chr17	62982601	62982800	17_EnhW2	2250
chr17	62985058	62985059	rs62073282	chr17	62982601	62982800	17_EnhW2	2259
chr17	62985352	62985353	rs62073283	chr17	62982601	62982800	17_EnhW2	2553
chr17	62985386	62985387	rs62073284	chr17	62982601	62982800	17_EnhW2	2587
chr17	62985397	62985398	rs35001236	chr17	62982601	62982800	17_EnhW2	2598
chr17	62985601	62985602	rs71377801	chr17	62982601	62982800	17_EnhW2	2802
chr17	62985606	62985607	rs71377802	chr17	62982601	62982800	17_EnhW2	2807
chr17	62985617	62985618	rs71379903	chr17	62982601	62982800	17_EnhW2	2818
chr17	62985690	62985691	rs62073285	chr17	62982601	62982800	17_EnhW2	2891
chr17	62985826	62985827	rs67665996	chr17	62982601	62982800	17_EnhW2	3027
chr17	62985836	62985837	rs2044178	chr17	62982601	62982800	17_EnhW2	3037
chr17	62986361	62986362	rs12938589	chr17	62982601	62982800	17_EnhW2	3562
chr17	62986439	62986440	rs12938666	chr17	62982601	62982800	17_EnhW2	3640
chr17	62986462	62986463	rs12941242	chr17	62982601	62982800	17_EnhW2	3663
chr17	62986500	62986501	rs12938922	chr17	62982601	62982800	17_EnhW2	3701
chr17	62986510	62986511	rs12939726	chr17	62982601	62982800	17_EnhW2	3711
chr17	62986560	62986561	rs12941507	chr17	62982601	62982800	17_EnhW2	3761
chr17	62987707	62987708	rs35093417	chr17	62982601	62982800	17_EnhW2	4908
chr17	62988404	62988405	rs62073286	chr17	62982601	62982800	17_EnhW2	5605
chr17	62988822	62988823	rs34238089	chr17	62982601	62982800	17_EnhW2	6023
chr17	62988862	62988863	rs35130720	chr17	62982601	62982800	17_EnhW2	6063
chr17	62988943	62988944	rs5022415	chr17	62982601	62982800	17_EnhW2	6144
chr17	62988946	62988947	rs57742155	chr17	62982601	62982800	17_EnhW2	6147
chr17	62989683	62989684	rs62073336	chr17	62982601	62982800	17_EnhW2	6884
chr17	62990239	62990240	rs12953318	chr17	62982601	62982800	17_EnhW2	7440
chr17	62990756	62990757	rs9910274	chr17	62982601	62982800	17_EnhW2	7957
chr17	62990824	62990825	rs1969178	chr17	62982601	62982800	17_EnhW2	8025
chr17	62990825	62990826	rs1969177	chr17	62982601	62982800	17_EnhW2	8026
chr17	62990828	62990829	rs1969176	chr17	62982601	62982800	17_EnhW2	8029
chr17	62990948	62990949	rs1969175	chr17	62982601	62982800	17_EnhW2	8149
chr17	62990950	62990951	rs12944772	chr17	62982601	62982800	17_EnhW2	8151
chr17	62991652	62991653	rs2869067	chr17	62982601	62982800	17_EnhW2	8853
chr17	62991862	62991863	rs35444681	chr17	62982601	62982800	17_EnhW2	9063
chr17	62991866	62991867	rs2869072	chr17	62982601	62982800	17_EnhW2	9067
chr17	62991896	62991897	rs12937231	chr17	62982601	62982800	17_EnhW2	9097
chr17	62992290	62992291	rs28411155	chr17	62982601	62982800	17_EnhW2	9491
chr17	62992456	62992457	rs11079545	chr17	62982601	62982800	17_EnhW2	9657
chr17	62992631	62992632	rs35292793	chr17	62982601	62982800	17_EnhW2	9832
chr17	62992681	62992682	rs7503878	chr17	62982601	62982800	17_EnhW2	9882
chr17	62996268	62996269	rs7223152	chr17	63003201	63003600	17_EnhW2	6933
chr17	62998486	62998487	rs8076385	chr17	63003201	63003600	17_EnhW2	4715
chr17	62998710	62998711	rs62065479	chr17	63003201	63003600	17_EnhW2	4491
chr17	62999082	62999083	rs11314335	chr17	63003201	63003600	17_EnhW2	4119
chr17	62999706	62999707	rs34604706	chr17	63003201	63003600	17_EnhW2	3495
chr17	62999784	62999785	rs7224520	chr17	63003201	63003600	17_EnhW2	3417
chr17	62999931	62999932	rs34550853	chr17	63003201	63003600	17_EnhW2	3270
chr17	63001237	63001238	rs3960369	chr17	63003201	63003600	17_EnhW2	1964
chr17	63001277	63001278	rs12947222	chr17	63003201	63003600	17_EnhW2	1924
chr17	63001291	63001292	rs12947730	chr17	63003201	63003600	17_EnhW2	1910
chr17	63001413	63001414	rs34476326	chr17	63003201	63003600	17_EnhW2	1788
chr17	63001551	63001552	rs7501452	chr17	63003201	63003600	17_EnhW2	1650
chr17	63001750	63001751	rs8082406	chr17	63003201	63003600	17_EnhW2	1451
chr17	63001981	63001982	rs4239089	chr17	63003201	63003600	17_EnhW2	1220
chr17	63002381	63002382	rs12939956	chr17	63003201	63003600	17_EnhW2	820
chr17	63002787	63002788	rs12941130	chr17	63003201	63003600	17_EnhW2	414
chr17	63002789	63002790	rs77496416	chr17	63003201	63003600	17_EnhW2	412
chr17	63002946	63002947	rs111926566	chr17	63003201	63003600	17_EnhW2	255
chr17	63004390	63004391	rs62065481	chr17	63003801	63004200	17_EnhW2	191
chr17	65800139	65800140	rs11650220	chr17	65793001	65793400	17_EnhW2	6740
chr17	65821165	65821166	rs8079078	chr17	65793001	65793400	17_EnhW2	27766
chr17	65825227	65825228	rs139786693	chr17	65793001	65793400	17_EnhW2	31828
chr17	65825247	65825248	rs12603589	chr17	65793001	65793400	17_EnhW2	31848
chr17	65825353	65825354	rs12601921	chr17	65793001	65793400	17_EnhW2	31954
chr17	65825373	65825374	rs12601919	chr17	65793001	65793400	17_EnhW2	31974
chr17	65826089	65826090	rs9915591	chr17	65793001	65793400	17_EnhW2	32690
chr17	65826860	65826861	rs12602556	chr17	65793001	65793400	17_EnhW2	33461
chr17	65827442	65827443	rs62084208	chr17	65793001	65793400	17_EnhW2	34043
chr17	65828370	65828371	rs2080090	chr17	65793001	65793400	17_EnhW2	34971
chr17	65828709	65828710	rs62084210	chr17	65793001	65793400	17_EnhW2	35310
chr17	65829357	65829358	rs12449312	chr17	65793001	65793400	17_EnhW2	35958
chr17	65830281	65830282	rs7223643	chr17	65793001	65793400	17_EnhW2	36882
chr17	65830577	65830578	rs1976052	chr17	65793001	65793400	17_EnhW2	37178
chr17	65831257	65831258	rs7209675	chr17	65793001	65793400	17_EnhW2	37858
chr17	65831740	65831741	rs75873575	chr17	65793001	65793400	17_EnhW2	38341
chr17	65831778	65831779	rs142633440	chr17	65793001	65793400	17_EnhW2	38379
chr17	65832015	65832016	rs7218014	chr17	65793001	65793400	17_EnhW2	38616
chr17	65832389	65832390	rs7221651	chr17	65793001	65793400	17_EnhW2	38990
chr17	65832575	65832576	rs12452511	chr17	65793001	65793400	17_EnhW2	39176
chr17	65833001	65833002	rs1976053	chr17	65793001	65793400	17_EnhW2	39602
chr17	65833223	65833224	rs1976054	chr17	65793001	65793400	17_EnhW2	39824
chr17	65833545	65833546	rs7208909	chr17	65793001	65793400	17_EnhW2	40146
chr17	65834736	65834737	rs2052187	chr17	65793001	65793400	17_EnhW2	41337
chr17	65835451	65835452	rs11079705	chr17	65793001	65793400	17_EnhW2	42052
chr17	65835469	65835470	rs11079706	chr17	65793001	65793400	17_EnhW2	42070
chr17	65835616	65835617	rs11079707	chr17	65793001	65793400	17_EnhW2	42217
chr17	65836000	65836001	rs80135947	chr17	65793001	65793400	17_EnhW2	42601
chr17	65836219	65836220	rs113437066	chr17	65793001	65793400	17_EnhW2	42820
chr17	65836641	65836642	rs6504542	chr17	65793001	65793400	17_EnhW2	43242
chr17	65837058	65837059	rs8082512	chr17	65793001	65793400	17_EnhW2	43659
chr17	65837192	65837193	rs1599859	chr17	65793001	65793400	17_EnhW2	43793
chr17	65837214	65837215	rs1966410	chr17	65793001	65793400	17_EnhW2	43815
chr17	65837234	65837235	rs58551145	chr17	65793001	65793400	17_EnhW2	43835
chr17	65837658	65837659	rs6504543	chr17	65793001	65793400	17_EnhW2	44259
chr17	65837982	65837983	rs8067892	chr17	65793001	65793400	17_EnhW2	44583
chr17	65838742	65838743	rs8074078	chr17	65793001	65793400	17_EnhW2	45343
chr17	65839209	65839210	rs8073510	chr17	65793001	65793400	17_EnhW2	45810
chr17	65840107	65840108	rs12450363	chr17	65793001	65793400	17_EnhW2	46708
chr17	65840243	65840244	rs62084212	chr17	65793001	65793400	17_EnhW2	46844
chr17	65840523	65840524	rs112222385	chr17	65793001	65793400	17_EnhW2	47124
chr17	65840808	65840809	rs11871285	chr17	65793001	65793400	17_EnhW2	47409
chr17	65840809	65840810	rs11868959	chr17	65793001	65793400	17_EnhW2	47410
chr17	65841128	65841129	rs2365466	chr17	65793001	65793400	17_EnhW2	47729
chr17	65841282	65841283	rs3029927	chr17	65793001	65793400	17_EnhW2	47883
chr17	65841284	65841285	rs2365467	chr17	65793001	65793400	17_EnhW2	47885
chr17	65841317	65841318	rs2365468	chr17	65793001	65793400	17_EnhW2	47918
chr17	65842015	65842016	rs62084213	chr17	65793001	65793400	17_EnhW2	48616
chr17	65842185	65842186	rs7223930	chr17	65793001	65793400	17_EnhW2	48786
chr17	65842264	65842265	rs7224923	chr17	65793001	65793400	17_EnhW2	48865
chr17	65843324	65843325	rs62084214	chr17	65793001	65793400	17_EnhW2	49925
chr17	65844286	65844287	rs11367624	chr17	65793001	65793400	17_EnhW2	50887
chr17	65845696	65845697	rs8081517	chr17	65793001	65793400	17_EnhW2	52297
chr17	65845917	65845918	rs8081856	chr17	65793001	65793400	17_EnhW2	52518
chr17	65847059	65847060	rs62084234	chr17	65793001	65793400	17_EnhW2	53660
chr17	65847324	65847325	rs7212293	chr17	65793001	65793400	17_EnhW2	53925
chr17	65848034	65848035	rs34000805	chr17	65793001	65793400	17_EnhW2	54635
chr17	65848117	65848118	rs34733047	chr17	65793001	65793400	17_EnhW2	54718
chr17	65848521	65848522	rs78452260	chr17	65793001	65793400	17_EnhW2	55122
chr17	65848576	65848577	rs79993364	chr17	65793001	65793400	17_EnhW2	55177
chr17	65848993	65848994	rs4791048	chr17	65793001	65793400	17_EnhW2	55594
chr17	65849274	65849275	rs2086744	chr17	65793001	65793400	17_EnhW2	55875
chr17	65849926	65849927	rs2046323	chr17	65793001	65793400	17_EnhW2	56527
chr17	65851972	65851973	rs4791046	chr17	65793001	65793400	17_EnhW2	58573
chr17	65852906	65852907	rs4790908	chr17	65793001	65793400	17_EnhW2	59507
chr17	65853362	65853363	rs11079709	chr17	65793001	65793400	17_EnhW2	59963
chr17	65853436	65853437	rs62084235	chr17	65793001	65793400	17_EnhW2	60037
chr17	65853516	65853517	rs12450072	chr17	65793001	65793400	17_EnhW2	60117
chr17	65853650	65853651	rs74541577	chr17	65793001	65793400	17_EnhW2	60251
chr17	65853758	65853759	rs74561219	chr17	65793001	65793400	17_EnhW2	60359
chr17	65854601	65854602	rs55931203	chr17	65793001	65793400	17_EnhW2	61202
chr17	65854806	65854807	rs62084237	chr17	65793001	65793400	17_EnhW2	61407
chr17	65855103	65855104	rs28609796	chr17	65793001	65793400	17_EnhW2	61704
chr17	65856572	65856573	rs62084238	chr17	65793001	65793400	17_EnhW2	63173
chr17	65857176	65857177	rs2128792	chr17	65793001	65793400	17_EnhW2	63777
chr17	65857713	65857714	rs2365764	chr17	65793001	65793400	17_EnhW2	64314
chr17	65859232	65859233	rs62084240	chr17	65793001	65793400	17_EnhW2	65833
chr17	65860058	65860059	rs75352663	chr17	65793001	65793400	17_EnhW2	66659
chr17	65860406	65860407	rs60432293	chr17	65793001	65793400	17_EnhW2	67007
chr17	65860858	65860859	rs59950564	chr17	65793001	65793400	17_EnhW2	67459
chr17	65861058	65861059	rs8077872	chr17	65793001	65793400	17_EnhW2	67659
chr17	65862113	65862114	rs34739687	chr17	65793001	65793400	17_EnhW2	68714
chr17	65863349	65863350	rs4790905	chr17	65793001	65793400	17_EnhW2	69950
chr17	65863465	65863466	rs34872586	chr17	65793001	65793400	17_EnhW2	70066
chr17	65864901	65864902	rs58141639	chr17	65793001	65793400	17_EnhW2	71502
chr17	65866034	65866035	rs61067468	chr17	65793001	65793400	17_EnhW2	72635
chr17	65867128	65867129	rs62084245	chr17	65793001	65793400	17_EnhW2	73729
chr17	65867910	65867911	rs62084246	chr17	65793001	65793400	17_EnhW2	74511
chr17	65868034	65868035	rs9912084	chr17	65793001	65793400	17_EnhW2	74635
chr17	65868232	65868233	rs9912770	chr17	65793001	65793400	17_EnhW2	74833
chr17	65868668	65868669	rs11869819	chr17	65793001	65793400	17_EnhW2	75269
chr17	65869296	65869297	rs55939964	chr17	65793001	65793400	17_EnhW2	75897
chr17	65870072	65870073	rs12602912	chr17	65793001	65793400	17_EnhW2	76673
chr17	65870643	65870644	rs12450907	chr17	65793001	65793400	17_EnhW2	77244
chr17	65871558	65871559	rs9890629	chr17	65793001	65793400	17_EnhW2	78159
chr17	65871597	65871598	rs12451707	chr17	65793001	65793400	17_EnhW2	78198
chr17	65872749	65872750	rs4569324	chr17	65793001	65793400	17_EnhW2	79350
chr17	65872902	65872903	rs62084247	chr17	65793001	65793400	17_EnhW2	79503
chr17	65872934	65872935	rs10583750	chr17	65793001	65793400	17_EnhW2	79535
chr17	65873768	65873769	rs67006216	chr17	65793001	65793400	17_EnhW2	80369
chr17	65874462	65874463	rs9915108	chr17	65793001	65793400	17_EnhW2	81063
chr17	65874494	65874495	rs9913471	chr17	65793001	65793400	17_EnhW2	81095
chr17	65874540	65874541	rs62084248	chr17	65793001	65793400	17_EnhW2	81141
chr17	65874860	65874861	rs12451511	chr17	65793001	65793400	17_EnhW2	81461
chr17	65874997	65874998	rs62084249	chr17	65793001	65793400	17_EnhW2	81598
chr17	65875156	65875157	rs73352808	chr17	65793001	65793400	17_EnhW2	81757
chr17	65875183	65875184	rs73352810	chr17	65793001	65793400	17_EnhW2	81784
chr17	65875325	65875326	rs11867517	chr17	65793001	65793400	17_EnhW2	81926
chr17	65875491	65875492	rs11867537	chr17	65793001	65793400	17_EnhW2	82092
chr17	65876476	65876477	rs35243555	chr17	65793001	65793400	17_EnhW2	83077
chr17	65876914	65876915	rs58122682	chr17	65793001	65793400	17_EnhW2	83515
chr17	65878216	65878217	rs8074644	chr17	65793001	65793400	17_EnhW2	84817
chr17	65878735	65878736	rs62084251	chr17	65793001	65793400	17_EnhW2	85336
chr17	65879242	65879243	rs9892803	chr17	65793001	65793400	17_EnhW2	85843
chr17	65879571	65879572	rs140912776	chr17	65793001	65793400	17_EnhW2	86172
chr17	65879577	65879578	rs62084252	chr17	65793001	65793400	17_EnhW2	86178
chr17	65879591	65879592	rs9897982	chr17	65793001	65793400	17_EnhW2	86192
chr17	65880253	65880254	rs200471908	chr17	65793001	65793400	17_EnhW2	86854
chr17	65880258	65880259	rs34432450	chr17	65793001	65793400	17_EnhW2	86859
chr17	65880366	65880367	rs6504545	chr17	65793001	65793400	17_EnhW2	86967
chr17	65880384	65880385	rs6504546	chr17	65793001	65793400	17_EnhW2	86985
chr17	65880442	65880443	rs7213292	chr17	65793001	65793400	17_EnhW2	87043
chr17	65880536	65880537	rs60432162	chr17	65793001	65793400	17_EnhW2	87137
chr17	65880537	65880538	rs7214758	chr17	65793001	65793400	17_EnhW2	87138
chr17	65880538	65880539	rs115210018	chr17	65793001	65793400	17_EnhW2	87139
chr17	65881958	65881959	rs3935969	chr17	65969601	65969800	15_EnhAF	87643
chr17	65882171	65882172	rs4318247	chr17	65969601	65969800	15_EnhAF	87430
chr17	65882541	65882542	rs75360723	chr17	65969601	65969800	15_EnhAF	87060
chr17	65884700	65884701	rs8082661	chr17	65969601	65969800	15_EnhAF	84901
chr17	65885170	65885171	rs7208663	chr17	65969601	65969800	15_EnhAF	84431
chr17	65885484	65885485	rs75231441	chr17	65969601	65969800	15_EnhAF	84117
chr17	65885782	65885783	rs12452823	chr17	65969601	65969800	15_EnhAF	83819
chr17	65885910	65885911	rs11079710	chr17	65969601	65969800	15_EnhAF	83691
chr17	65886047	65886048	rs6504548	chr17	65969601	65969800	15_EnhAF	83554
chr17	65887621	65887622	rs8079291	chr17	65969601	65969800	15_EnhAF	81980
chr17	65887895	65887896	rs8079754	chr17	65969601	65969800	15_EnhAF	81706
chr17	65888783	65888784	rs6504549	chr17	65969601	65969800	15_EnhAF	80818
chr17	65892063	65892064	rs11653507	chr17	65969601	65969800	15_EnhAF	77538
chr17	65892279	65892280	rs59640213	chr17	65969601	65969800	15_EnhAF	77322
chr17	65892342	65892343	rs60856912	chr17	65969601	65969800	15_EnhAF	77259
chr17	65892506	65892507	rs61676547	chr17	65969601	65969800	15_EnhAF	77095
chr17	65892586	65892587	rs5024718	chr17	65969601	65969800	15_EnhAF	77015
chr17	65892751	65892752	rs56148300	chr17	65969601	65969800	15_EnhAF	76850
chr17	65892833	65892834	rs3206817	chr17	65969601	65969800	15_EnhAF	76768
chr17	65893018	65893019	rs56404791	chr17	65969601	65969800	15_EnhAF	76583
chr17	65893288	65893289	rs145606454	chr17	65969601	65969800	15_EnhAF	76313
chr17	65894541	65894542	rs6504550	chr17	65969601	65969800	15_EnhAF	75060
chr17	65894776	65894777	rs11289448	chr17	65969601	65969800	15_EnhAF	74825
chr17	65898808	65898809	rs7216064	chr17	65969601	65969800	15_EnhAF	70793
chr17	65902644	65902645	rs8065906	chr17	65969601	65969800	15_EnhAF	66957
chr17	65903005	65903006	rs12947658	chr17	65969601	65969800	15_EnhAF	66596
chr17	65903300	65903301	rs34520139	chr17	65969601	65969800	15_EnhAF	66301
chr17	65903325	65903326	rs6504551	chr17	65969601	65969800	15_EnhAF	66276
chr17	65903371	65903372	rs10706190	chr17	65969601	65969800	15_EnhAF	66230
chr17	65903628	65903629	rs4468667	chr17	65969601	65969800	15_EnhAF	65973
chr17	65906925	65906926	rs368956376	chr17	65969601	65969800	15_EnhAF	62676
chr17	65906927	65906928	rs202228218	chr17	65969601	65969800	15_EnhAF	62674
chr17	65909441	65909442	rs12602655	chr17	65969601	65969800	15_EnhAF	60160
chr17	65912959	65912960	rs8072225	chr17	65969601	65969800	15_EnhAF	56642
chr17	65913357	65913358	rs55896768	chr17	65969601	65969800	15_EnhAF	56244
chr17	65915288	65915289	rs200595745	chr17	65969601	65969800	15_EnhAF	54313
chr17	65918806	65918807	rs12600941	chr17	65969601	65969800	15_EnhAF	50795
chr17	65920507	65920508	rs62085991	chr17	65969601	65969800	15_EnhAF	49094
chr17	65921833	65921834	rs4790981	chr17	65969601	65969800	15_EnhAF	47768
chr17	65923082	65923083	rs62085992	chr17	65969601	65969800	15_EnhAF	46519
chr17	65923151	65923152	rs62085993	chr17	65969601	65969800	15_EnhAF	46450
chr17	65926603	65926604	rs73338706	chr17	65969601	65969800	15_EnhAF	42998
chr17	65930132	65930133	rs4271626	chr17	65969601	65969800	15_EnhAF	39469
chr17	65930771	65930772	rs4791300	chr17	65969601	65969800	15_EnhAF	38830
chr17	65930936	65930937	rs4791299	chr17	65969601	65969800	15_EnhAF	38665
chr17	65933917	65933918	rs56393562	chr17	65969601	65969800	15_EnhAF	35684
chr17	65936178	65936179	rs5821447	chr17	65969601	65969800	15_EnhAF	33423
chr17	65938654	65938655	rs8071463	chr17	65969601	65969800	15_EnhAF	30947
chr17	65939074	65939075	rs12451721	chr17	65969601	65969800	15_EnhAF	30527
chr17	65940726	65940727	rs6504555	chr17	65969601	65969800	15_EnhAF	28875
chr17	65944514	65944515	rs11870068	chr17	65969601	65969800	15_EnhAF	25087
chr17	65945535	65945536	rs7223357	chr17	65969601	65969800	15_EnhAF	24066
chr17	65945839	65945840	rs7223813	chr17	65969601	65969800	15_EnhAF	23762
chr17	65947639	65947640	rs12449442	chr17	65969601	65969800	15_EnhAF	21962
chr17	65947969	65947970	rs11867401	chr17	65969601	65969800	15_EnhAF	21632
chr17	65949992	65949993	rs9907491	chr17	65969601	65969800	15_EnhAF	19609
chr17	65950289	65950290	rs71142114	chr17	65969601	65969800	15_EnhAF	19312
chr17	65951106	65951107	rs4790974	chr17	65969601	65969800	15_EnhAF	18495
chr17	65951132	65951133	rs4790973	chr17	65969601	65969800	15_EnhAF	18469
chr17	65955283	65955284	rs12601759	chr17	65969601	65969800	15_EnhAF	14318
chr17	65957567	65957568	rs9899520	chr17	65969601	65969800	15_EnhAF	12034
chr17	65958249	65958250	rs148803332	chr17	65969601	65969800	15_EnhAF	11352
chr17	65960853	65960854	rs59956089	chr17	65969601	65969800	15_EnhAF	8748
chr17	65962237	65962238	rs10445361	chr17	65969601	65969800	15_EnhAF	7364
chr17	65962537	65962538	rs5821446	chr17	65969601	65969800	15_EnhAF	7064
chr17	65964169	65964170	rs77596502	chr17	65969601	65969800	15_EnhAF	5432
chr17	65967442	65967443	rs62086042	chr17	65969601	65969800	15_EnhAF	2159
chr17	65967561	65967562	rs12942774	chr17	65969601	65969800	15_EnhAF	2040
chr17	65967942	65967943	rs58841746	chr17	65969601	65969800	15_EnhAF	1659
chr17	65968002	65968003	rs62086043	chr17	65969601	65969800	15_EnhAF	1599
chr17	65970836	65970837	rs62086044	chr17	65969801	65971600	13_EnhA1	0
chr17	65973730	65973731	rs62086045	chr17	65972001	65972200	17_EnhW2	1531
chr17	65974419	65974420	rs201734103	chr17	65972001	65972200	17_EnhW2	2220
chr17	65975384	65975385	rs4791212	chr17	65972001	65972200	17_EnhW2	3185
chr17	65976053	65976054	rs11650332	chr17	65972001	65972200	17_EnhW2	3854
chr17	65977052	65977053	rs7210027	chr17	65972001	65972200	17_EnhW2	4853
chr17	65977131	65977132	rs4790941	chr17	65972001	65972200	17_EnhW2	4932
chr17	65980288	65980289	rs11656743	chr17	65972001	65972200	17_EnhW2	8089
chr17	65982942	65982943	rs62086046	chr17	65972001	65972200	17_EnhW2	10743
chr17	65987508	65987509	rs60956467	chr17	65972001	65972200	17_EnhW2	15309
chr17	65988048	65988049	rs9891146	chr17	65972001	65972200	17_EnhW2	15849
chr17	65989960	65989961	rs7502307	chr17	65972001	65972200	17_EnhW2	17761
chr17	65989970	65989971	rs113985803	chr17	65972001	65972200	17_EnhW2	17771
chr17	65990499	65990500	rs56305452	chr17	65972001	65972200	17_EnhW2	18300
chr17	65990570	65990571	rs56315139	chr17	65972001	65972200	17_EnhW2	18371
chr17	65992188	65992189	rs7502578	chr17	65972001	65972200	17_EnhW2	19989
chr17	65993023	65993024	rs8077219	chr17	65972001	65972200	17_EnhW2	20824
chr17	65994399	65994400	rs62086884	chr17	65972001	65972200	17_EnhW2	22200
chr17	65995943	65995944	rs139770737	chr17	66017001	66017200	16_EnhW1	21058
chr17	65997299	65997300	rs7223253	chr17	66017001	66017200	16_EnhW1	19702
chr17	65997316	65997317	rs4791295	chr17	66017001	66017200	16_EnhW1	19685
chr17	65997663	65997664	rs7209427	chr17	66017001	66017200	16_EnhW1	19338
chr17	65998166	65998167	rs28855509	chr17	66017001	66017200	16_EnhW1	18835
chr17	65999566	65999567	rs74564337	chr17	66017001	66017200	16_EnhW1	17435
chr17	65999647	65999648	rs6504568	chr17	66017001	66017200	16_EnhW1	17354
chr17	66000577	66000578	rs75756093	chr17	66017001	66017200	16_EnhW1	16424
chr17	66000602	66000603	rs62086889	chr17	66017001	66017200	16_EnhW1	16399
chr17	66000940	66000941	rs8081806	chr17	66017001	66017200	16_EnhW1	16061
chr17	66001129	66001130	rs8081714	chr17	66017001	66017200	16_EnhW1	15872
chr17	66002694	66002695	rs151274443	chr17	66017001	66017200	16_EnhW1	14307
chr17	66003540	66003541	rs146266972	chr17	66017001	66017200	16_EnhW1	13461
chr17	66004513	66004514	rs79699242	chr17	66017001	66017200	16_EnhW1	12488
chr17	66004670	66004671	rs28437386	chr17	66017001	66017200	16_EnhW1	12331
chr17	66004685	66004686	rs62086891	chr17	66017001	66017200	16_EnhW1	12316
chr17	66004714	66004715	rs78186330	chr17	66017001	66017200	16_EnhW1	12287
chr17	66006696	66006697	rs6504570	chr17	66017001	66017200	16_EnhW1	10305
chr17	66007278	66007279	rs34122828	chr17	66017001	66017200	16_EnhW1	9723
chr17	66007547	66007548	rs201874160	chr17	66017001	66017200	16_EnhW1	9454
chr17	66008043	66008044	rs62086897	chr17	66017001	66017200	16_EnhW1	8958
chr17	66009119	66009120	rs62086898	chr17	66017001	66017200	16_EnhW1	7882
chr17	66009133	66009134	rs62086899	chr17	66017001	66017200	16_EnhW1	7868
chr17	66015108	66015109	rs7225959	chr17	66017001	66017200	16_EnhW1	1893
chr17	66016005	66016006	rs62086903	chr17	66017001	66017200	16_EnhW1	996
chr17	66016095	66016096	rs62086904	chr17	66017001	66017200	16_EnhW1	906
chr17	66018504	66018505	rs8182243	chr17	66017001	66017200	16_EnhW1	1305
chr17	66018561	66018562	rs8065296	chr17	66017001	66017200	16_EnhW1	1362
chr17	66019925	66019926	rs62086906	chr17	66022601	66023000	17_EnhW2	2676
chr17	66020610	66020611	rs145520076	chr17	66022601	66023000	17_EnhW2	1991
chr17	66020617	66020618	rs189628481	chr17	66022601	66023000	17_EnhW2	1984
chr17	66020619	66020620	rs192988621	chr17	66022601	66023000	17_EnhW2	1982
chr17	66020621	66020622	rs183763906	chr17	66022601	66023000	17_EnhW2	1980
chr17	66020622	66020623	rs200026262	chr17	66022601	66023000	17_EnhW2	1979
chr17	66021166	66021167	rs62086907	chr17	66022601	66023000	17_EnhW2	1435
chr17	66021213	66021214	rs62086908	chr17	66022601	66023000	17_EnhW2	1388
chr17	66021393	66021394	rs7405987	chr17	66022601	66023000	17_EnhW2	1208
chr17	66021752	66021753	rs7406031	chr17	66022601	66023000	17_EnhW2	849
chr17	66021985	66021986	rs7406141	chr17	66022601	66023000	17_EnhW2	616
chr17	66022840	66022841	rs8076753	chr17	66022601	66023000	17_EnhW2	0
chr17	66023010	66023011	rs6504574	chr17	66022601	66023000	17_EnhW2	11
chr17	66023124	66023125	rs202098671	chr17	66022601	66023000	17_EnhW2	125
chr17	66023704	66023705	rs78794747	chr17	66022601	66023000	17_EnhW2	705
chr17	66023785	66023786	rs79778350	chr17	66022601	66023000	17_EnhW2	786
chr17	66024169	66024170	rs62084669	chr17	66022601	66023000	17_EnhW2	1170
chr17	66024594	66024595	rs7211282	chr17	66025801	66026000	16_EnhW1	1207
chr17	66025574	66025575	rs200926965	chr17	66025801	66026000	16_EnhW1	227
chr17	66027024	66027025	rs62084675	chr17	66025801	66026000	16_EnhW1	1025
chr17	66028230	66028231	rs77536355	chr17	66029601	66030400	15_EnhAF	1371
chr17	66029036	66029037	rs199554208	chr17	66029601	66030400	15_EnhAF	565
chr17	66029589	66029590	rs35229997	chr17	66029601	66030400	15_EnhAF	12
chr17	66030092	66030093	rs62084679	chr17	66029601	66030400	15_EnhAF	0
chr17	66030548	66030549	rs10636181	chr17	66030401	66030600	14_EnhA2	0
chr17	66030549	66030550	rs11378527	chr17	66030401	66030600	14_EnhA2	0
chr17	66030991	66030992	rs62084681	chr17	66030601	66031200	13_EnhA1	0
chr17	66031198	66031199	rs75236169	chr17	66030601	66031200	13_EnhA1	0
chr17	66031520	66031521	rs62084682	chr17	66030601	66031200	13_EnhA1	321
chr17	66031724	66031725	rs62084683	chr17	66030601	66031200	13_EnhA1	525
chr17	66031899	66031900	rs12752	chr17	66030601	66031200	13_EnhA1	700
chr17	66032256	66032257	rs7214869	chr17	66030601	66031200	13_EnhA1	1057
chr17	66032297	66032298	rs7214119	chr17	66030601	66031200	13_EnhA1	1098
chr17	66033108	66033109	rs8075764	chr17	66030601	66031200	13_EnhA1	1909
chr17	66033983	66033984	rs7503834	chr17	66030601	66031200	13_EnhA1	2784
chr17	66034475	66034476	rs6504576	chr17	66030601	66031200	13_EnhA1	3276
chr17	66035127	66035128	rs146286181	chr17	66030601	66031200	13_EnhA1	3928
chr17	66035288	66035289	rs62084689	chr17	66030601	66031200	13_EnhA1	4089
chr17	66035517	66035518	rs62084691	chr17	66030601	66031200	13_EnhA1	4318
chr17	66035843	66035844	rs62084692	chr17	66030601	66031200	13_EnhA1	4644
chr17	66036109	66036110	rs62084693	chr17	66030601	66031200	13_EnhA1	4910
chr17	66036193	66036194	rs145465053	chr17	66030601	66031200	13_EnhA1	4994
chr17	66037250	66037251	rs8078543	chr17	66030601	66031200	13_EnhA1	6051
chr17	66037593	66037594	rs62084694	chr17	66030601	66031200	13_EnhA1	6394
chr17	66038180	66038181	rs62084696	chr17	66030601	66031200	13_EnhA1	6981
chr17	66038555	66038556	rs62084697	chr17	66030601	66031200	13_EnhA1	7356
chr17	66039349	66039350	rs4638	chr17	66030601	66031200	13_EnhA1	8150
chr17	66039617	66039618	rs35594666	chr17	66030601	66031200	13_EnhA1	8418
chr17	66039667	66039668	rs35453056	chr17	66030601	66031200	13_EnhA1	8468
chr17	66042237	66042238	rs62084701	chr17	66030601	66031200	13_EnhA1	11038
chr17	66043156	66043157	rs62084702	chr17	66030601	66031200	13_EnhA1	11957
chr17	66043383	66043384	rs62084703	chr17	66030601	66031200	13_EnhA1	12184
chr17	66043537	66043538	rs7405743	chr17	66030601	66031200	13_EnhA1	12338
chr17	66045028	66045029	rs62084704	chr17	66030601	66031200	13_EnhA1	13829
chr17	66045162	66045163	rs78496681	chr17	66030601	66031200	13_EnhA1	13963
chr17	66045830	66045831	rs74354868	chr17	66030601	66031200	13_EnhA1	14631
chr17	66046805	66046806	rs75885145	chr17	66030601	66031200	13_EnhA1	15606
chr17	66047729	66047730	rs7214557	chr17	66030601	66031200	13_EnhA1	16530
chr17	66048331	66048332	rs145024643	chr17	66030601	66031200	13_EnhA1	17132
chr17	66048461	66048462	rs7503050	chr17	66030601	66031200	13_EnhA1	17262
chr17	66048648	66048649	rs7503056	chr17	66030601	66031200	13_EnhA1	17449
chr17	66048678	66048679	rs34503060	chr17	66030601	66031200	13_EnhA1	17479
chr17	66048794	66048795	rs7503096	chr17	66030601	66031200	13_EnhA1	17595
chr17	66048844	66048845	rs35670842	chr17	66030601	66031200	13_EnhA1	17645
chr17	66049173	66049174	rs7503206	chr17	66030601	66031200	13_EnhA1	17974
chr17	66049530	66049531	rs7503810	chr17	66030601	66031200	13_EnhA1	18331
chr17	66049706	66049707	rs62084708	chr17	66030601	66031200	13_EnhA1	18507
chr17	66050404	66050405	rs7209959	chr17	66030601	66031200	13_EnhA1	19205
chr17	66050910	66050911	rs62084711	chr17	66030601	66031200	13_EnhA1	19711
chr17	66051060	66051061	rs78192857	chr17	66030601	66031200	13_EnhA1	19861
chr17	66056681	66056682	rs35040337	chr17	66081801	66082400	16_EnhW1	25120
chr17	66060905	66060906	rs74976757	chr17	66081801	66082400	16_EnhW1	20896
chr17	66061183	66061184	rs62084740	chr17	66081801	66082400	16_EnhW1	20618
chr17	66062872	66062873	rs74900486	chr17	66081801	66082400	16_EnhW1	18929
chr17	66066437	66066438	rs75544834	chr17	66081801	66082400	16_EnhW1	15364
chr17	66067691	66067692	rs184478609	chr17	66081801	66082400	16_EnhW1	14110
chr17	66069194	66069195	rs9747971	chr17	66081801	66082400	16_EnhW1	12607
chr17	66069897	66069898	rs9330556	chr17	66081801	66082400	16_EnhW1	11904
chr17	66075530	66075531	rs62084742	chr17	66081801	66082400	16_EnhW1	6271
chr17	66075876	66075877	rs34937122	chr17	66081801	66082400	16_EnhW1	5925
chr17	66076022	66076023	rs147170518	chr17	66081801	66082400	16_EnhW1	5779
chr17	66078216	66078217	rs78352159	chr17	66081801	66082400	16_EnhW1	3585
chr17	66078394	66078395	rs75428197	chr17	66081801	66082400	16_EnhW1	3407
chr17	66078535	66078536	rs62084744	chr17	66081801	66082400	16_EnhW1	3266
chr17	66078864	66078865	rs143136750	chr17	66081801	66082400	16_EnhW1	2937
chr17	66079555	66079556	rs62084746	chr17	66081801	66082400	16_EnhW1	2246
chr17	66079618	66079619	rs62084747	chr17	66081801	66082400	16_EnhW1	2183
chr17	66080123	66080124	rs35377288	chr17	66081801	66082400	16_EnhW1	1678
chr17	66080224	66080225	rs62084748	chr17	66081801	66082400	16_EnhW1	1577
chr17	66083796	66083797	rs111730207	chr17	66081801	66082400	16_EnhW1	1397
chr17	66085080	66085081	rs67996590	chr17	66081801	66082400	16_EnhW1	2681
chr17	66085207	66085208	rs62084750	chr17	66081801	66082400	16_EnhW1	2808
chr17	66085565	66085566	rs12943289	chr17	66081801	66082400	16_EnhW1	3166
chr17	66085702	66085703	rs12940060	chr17	66081801	66082400	16_EnhW1	3303
chr17	66089085	66089086	rs76877263	chr17	66081801	66082400	16_EnhW1	6686
chr17	66089392	66089393	rs62084752	chr17	66081801	66082400	16_EnhW1	6993
chr17	66089872	66089873	rs28512206	chr17	66081801	66082400	16_EnhW1	7473
chr17	66095905	66095906	rs62084755	chr17	66081801	66082400	16_EnhW1	13506
chr17	66096450	66096451	rs35537952	chr17	66081801	66082400	16_EnhW1	14051
chr17	66097291	66097292	rs62084759	chr17	66081801	66082400	16_EnhW1	14892
chr17	66097428	66097429	rs34417254	chr17	66081801	66082400	16_EnhW1	15029
chr17	66097738	66097739	rs62085660	chr17	66081801	66082400	16_EnhW1	15339
chr17	66097801	66097802	rs62085661	chr17	66081801	66082400	16_EnhW1	15402
chr17	66098153	66098154	rs75868869	chr17	66081801	66082400	16_EnhW1	15754
chr17	71424491	71424492	rs78834970	chr17	71425601	71426800	17_EnhW2	1110
chr17	73846313	73846314	rs4572466	chr17	73850201	73850400	13_EnhA1	3888
chr17	73846315	73846316	rs141406180	chr17	73850201	73850400	13_EnhA1	3886
chr17	73846515	73846516	rs2004452	chr17	73850201	73850400	13_EnhA1	3686
chr17	73846828	73846829	rs936396	chr17	73850201	73850400	13_EnhA1	3373
chr17	73847612	73847613	rs936393	chr17	73850201	73850400	13_EnhA1	2589
chr17	73847798	73847799	rs936391	chr17	73850201	73850400	13_EnhA1	2403
chr17	73848476	73848477	rs9906971	chr17	73850201	73850400	13_EnhA1	1725
chr17	73848535	73848536	rs34780615	chr17	73850201	73850400	13_EnhA1	1666
chr17	73849306	73849307	rs11382097	chr17	73850201	73850400	13_EnhA1	895
chr17	73850413	73850414	rs9894009	chr17	73850201	73850400	13_EnhA1	14
chr17	73850818	73850819	rs58363746	chr17	73850201	73850400	13_EnhA1	419
chr17	73850939	73850940	rs57287238	chr17	73850201	73850400	13_EnhA1	540
chr17	73851112	73851113	rs55868394	chr17	73850201	73850400	13_EnhA1	713
chr17	73851790	73851791	rs1463485	chr17	73850201	73850400	13_EnhA1	1391
chr17	73852007	73852008	rs936394	chr17	73850201	73850400	13_EnhA1	1608
chr17	73852406	73852407	rs112700585	chr17	73850201	73850400	13_EnhA1	2007
chr17	73852889	73852890	rs56760067	chr17	73850201	73850400	13_EnhA1	2490
chr17	73853266	73853267	rs148907043	chr17	73850201	73850400	13_EnhA1	2867
chr17	73854064	73854065	rs72289457	chr17	73850201	73850400	13_EnhA1	3665
chr17	73854077	73854078	rs9897770	chr17	73850201	73850400	13_EnhA1	3678
chr17	73854740	73854741	rs4588035	chr17	73850201	73850400	13_EnhA1	4341
chr17	73855278	73855279	rs12103594	chr17	73850201	73850400	13_EnhA1	4879
chr17	73855923	73855924	rs59875761	chr17	73860401	73861000	16_EnhW1	4478
chr17	73856999	73857000	rs371080599	chr17	73860401	73861000	16_EnhW1	3402
chr17	73857205	73857206	rs11867560	chr17	73860401	73861000	16_EnhW1	3196
chr17	73857305	73857306	rs11867582	chr17	73860401	73861000	16_EnhW1	3096
chr17	73857381	73857382	rs11869977	chr17	73860401	73861000	16_EnhW1	3020
chr17	73857698	73857699	rs8082060	chr17	73860401	73861000	16_EnhW1	2703
chr17	73858937	73858938	rs11870121	chr17	73860401	73861000	16_EnhW1	1464
chr17	73859001	73859002	rs11870142	chr17	73860401	73861000	16_EnhW1	1400
chr17	73859185	73859186	rs55699990	chr17	73860401	73861000	16_EnhW1	1216
chr17	73859359	73859360	rs55992471	chr17	73860401	73861000	16_EnhW1	1042
chr17	73860302	73860303	rs56098714	chr17	73860401	73861000	16_EnhW1	99
chr17	73861834	73861835	rs11867315	chr17	73861001	73861600	17_EnhW2	235
chr17	73862092	73862093	rs11867339	chr17	73861001	73861600	17_EnhW2	493
chr17	73862428	73862429	rs58133639	chr17	73861001	73861600	17_EnhW2	829
chr17	73862645	73862646	rs8081606	chr17	73861001	73861600	17_EnhW2	1046
chr17	73863345	73863346	rs2034945	chr17	73861001	73861600	17_EnhW2	1746
chr17	73863588	73863589	rs2034946	chr17	73865401	73865600	17_EnhW2	1813
chr17	73863928	73863929	rs2034947	chr17	73865401	73865600	17_EnhW2	1473
chr17	73865656	73865657	rs9894383	chr17	73865601	73866000	16_EnhW1	0
chr17	73865666	73865667	rs56901103	chr17	73865601	73866000	16_EnhW1	0
chr17	73866070	73866071	rs72860389	chr17	73865601	73866000	16_EnhW1	71
chr17	73866797	73866798	rs57512270	chr17	73867001	73867200	17_EnhW2	204
chr17	73869611	73869612	rs56040381	chr17	73868601	73869400	15_EnhAF	212
chr17	73869913	73869914	rs72860390	chr17	73868601	73869400	15_EnhAF	514
chr17	73870202	73870203	rs66584478	chr17	73868601	73869400	15_EnhAF	803
chr17	73871466	73871467	rs3744017	chr17	73871801	73872200	17_EnhW2	335
chr17	73871772	73871773	rs3744020	chr17	73871801	73872200	17_EnhW2	29
chr17	73872968	73872969	rs3833085	chr17	73872201	73872600	16_EnhW1	369
chr17	73873393	73873394	rs9908862	chr17	73872201	73872600	16_EnhW1	794
chr17	73873655	73873656	rs1105917	chr17	73872201	73872600	16_EnhW1	1056
chr17	73874011	73874012	rs3903010	chr17	73872201	73872600	16_EnhW1	1412
chr17	73874070	73874071	rs4600514	chr17	73872201	73872600	16_EnhW1	1471
chr17	73874137	73874138	rs4072479	chr17	73872201	73872600	16_EnhW1	1538
chr17	73874683	73874684	rs116044941	chr17	73872201	73872600	16_EnhW1	2084
chr17	73874769	73874770	rs9889965	chr17	73872201	73872600	16_EnhW1	2170
chr17	73876472	73876473	rs76154832	chr17	73872201	73872600	16_EnhW1	3873
chr17	73879850	73879851	rs142186653	chr17	73872201	73872600	16_EnhW1	7251
chr17	73880296	73880297	rs111961862	chr17	73872201	73872600	16_EnhW1	7697
chr17	73880391	73880392	rs59623743	chr17	73872201	73872600	16_EnhW1	7792
chr17	73882147	73882148	rs7214628	chr17	73890601	73891000	17_EnhW2	8454
chr17	73882691	73882692	rs61510938	chr17	73890601	73891000	17_EnhW2	7910
chr17	73883917	73883918	rs35392904	chr17	73890601	73891000	17_EnhW2	6684
chr17	73884248	73884249	rs8067275	chr17	73890601	73891000	17_EnhW2	6353
chr17	73884947	73884948	rs56018637	chr17	73890601	73891000	17_EnhW2	5654
chr17	73884979	73884980	rs56255629	chr17	73890601	73891000	17_EnhW2	5622
chr17	73885037	73885038	rs8066711	chr17	73890601	73891000	17_EnhW2	5564
chr17	73885804	73885805	rs1551619	chr17	73890601	73891000	17_EnhW2	4797
chr17	73887806	73887807	rs374771847	chr17	73890601	73891000	17_EnhW2	2795
chr17	73888353	73888354	rs34974290	chr17	73890601	73891000	17_EnhW2	2248
chr17	73888671	73888672	rs3744028	chr17	73890601	73891000	17_EnhW2	1930
chr17	73888742	73888743	rs3744027	chr17	73890601	73891000	17_EnhW2	1859
chr17	73890362	73890363	rs55823223	chr17	73890601	73891000	17_EnhW2	239
chr17	73906221	73906222	rs3785437	chr17	73907001	73907200	17_EnhW2	780
chr17	73920218	73920219	rs58587945	chr17	73907001	73907200	17_EnhW2	13019
chr18	35017832	35017833	rs12456639	chr18	35016201	35016400	17_EnhW2	1433
chr18	35026089	35026090	rs7227410	chr18	35024601	35025800	17_EnhW2	290
chr18	35026793	35026794	rs4799926	chr18	35024601	35025800	17_EnhW2	994
chr18	35027695	35027696	rs9948984	chr18	35024601	35025800	17_EnhW2	1896
chr18	35028181	35028182	rs4799928	chr18	35030001	35030600	17_EnhW2	1820
chr18	35028900	35028901	rs4799450	chr18	35030001	35030600	17_EnhW2	1101
chr18	35029505	35029506	rs9966170	chr18	35030001	35030600	17_EnhW2	496
chr18	40199689	40199690	rs633289	chr18	40211401	40212000	17_EnhW2	11712
chr18	40201176	40201177	rs652050	chr18	40211401	40212000	17_EnhW2	10225
chr18	40203611	40203612	rs147646346	chr18	40211401	40212000	17_EnhW2	7790
chr18	40203776	40203777	rs35172912	chr18	40211401	40212000	17_EnhW2	7625
chr18	40207215	40207216	rs144413283	chr18	40211401	40212000	17_EnhW2	4186
chr18	40207369	40207370	rs9952041	chr18	40211401	40212000	17_EnhW2	4032
chr18	40207585	40207586	rs7239039	chr18	40211401	40212000	17_EnhW2	3816
chr18	40208204	40208205	rs8099658	chr18	40211401	40212000	17_EnhW2	3197
chr18	40208271	40208272	rs10163867	chr18	40211401	40212000	17_EnhW2	3130
chr18	40208384	40208385	rs8098670	chr18	40211401	40212000	17_EnhW2	3017
chr18	40209556	40209557	rs7230783	chr18	40211401	40212000	17_EnhW2	1845
chr18	40209611	40209612	rs7232187	chr18	40211401	40212000	17_EnhW2	1790
chr18	40209892	40209893	rs9652967	chr18	40211401	40212000	17_EnhW2	1509
chr18	40210300	40210301	rs9652968	chr18	40211401	40212000	17_EnhW2	1101
chr18	40211121	40211122	rs3910100	chr18	40211401	40212000	17_EnhW2	280
chr18	40214390	40214391	rs3861285	chr18	40212801	40213000	17_EnhW2	1391
chr18	40222310	40222311	rs714295	chr18	40220201	40220400	17_EnhW2	1911
chr18	40222337	40222338	rs714298	chr18	40220201	40220400	17_EnhW2	1938
chr18	40222855	40222856	rs658728	chr18	40220201	40220400	17_EnhW2	2456
chr18	40225584	40225585	rs8089174	chr18	40225601	40226000	17_EnhW2	17
chr18	40225585	40225586	rs9949554	chr18	40225601	40226000	17_EnhW2	16
chr18	40227507	40227508	rs8099810	chr18	40225601	40226000	17_EnhW2	1508
chr18	40228267	40228268	rs626676	chr18	40225601	40226000	17_EnhW2	2268
chr18	40230723	40230724	rs9304275	chr18	40234001	40234400	17_EnhW2	3278
chr18	40230964	40230965	rs58137875	chr18	40234001	40234400	17_EnhW2	3037
chr18	40231240	40231241	rs7236623	chr18	40234001	40234400	17_EnhW2	2761
chr18	40231346	40231347	rs7236781	chr18	40234001	40234400	17_EnhW2	2655
chr18	40231822	40231823	rs5824444	chr18	40234001	40234400	17_EnhW2	2179
chr18	40234486	40234487	rs7234212	chr18	40234001	40234400	17_EnhW2	87
chr18	40234630	40234631	rs111540226	chr18	40234001	40234400	17_EnhW2	231
chr18	40234682	40234683	rs1346889	chr18	40234001	40234400	17_EnhW2	283
chr18	40235037	40235038	rs1346890	chr18	40234001	40234400	17_EnhW2	638
chr18	40235357	40235358	rs4263023	chr18	40234001	40234400	17_EnhW2	958
chr18	40235404	40235405	rs1430908	chr18	40234001	40234400	17_EnhW2	1005
chr18	40235713	40235714	rs7359791	chr18	40234001	40234400	17_EnhW2	1314
chr18	40236403	40236404	rs34265336	chr18	40234001	40234400	17_EnhW2	2004
chr18	40236518	40236519	rs1835496	chr18	40234001	40234400	17_EnhW2	2119
chr18	40236599	40236600	rs12456498	chr18	40234001	40234400	17_EnhW2	2200
chr18	40236830	40236831	rs1835497	chr18	40234001	40234400	17_EnhW2	2431
chr18	40237243	40237244	rs919563	chr18	40234001	40234400	17_EnhW2	2844
chr18	40237555	40237556	rs12457128	chr18	40234001	40234400	17_EnhW2	3156
chr18	40237784	40237785	rs7359732	chr18	40234001	40234400	17_EnhW2	3385
chr18	40237824	40237825	rs12457214	chr18	40234001	40234400	17_EnhW2	3425
chr18	40238334	40238335	rs9916901	chr18	40234001	40234400	17_EnhW2	3935
chr18	40238841	40238842	rs2116100	chr18	40234001	40234400	17_EnhW2	4442
chr18	40238867	40238868	rs2116101	chr18	40234001	40234400	17_EnhW2	4468
chr18	40239572	40239573	rs7242107	chr18	40234001	40234400	17_EnhW2	5173
chr18	40239937	40239938	rs113145095	chr18	40234001	40234400	17_EnhW2	5538
chr18	40239942	40239943	rs12456769	chr18	40234001	40234400	17_EnhW2	5543
chr18	40240032	40240033	rs12454144	chr18	40234001	40234400	17_EnhW2	5633
chr18	40240053	40240054	rs12454146	chr18	40234001	40234400	17_EnhW2	5654
chr18	40240112	40240113	rs12454214	chr18	40234001	40234400	17_EnhW2	5713
chr18	40240309	40240310	rs8084332	chr18	40234001	40234400	17_EnhW2	5910
chr18	40240450	40240451	rs8085626	chr18	40234001	40234400	17_EnhW2	6051
chr18	40240575	40240576	rs28456360	chr18	40234001	40234400	17_EnhW2	6176
chr18	40240625	40240626	rs8085891	chr18	40234001	40234400	17_EnhW2	6226
chr18	40240709	40240710	rs8085016	chr18	40234001	40234400	17_EnhW2	6310
chr18	40240731	40240732	rs8084914	chr18	40234001	40234400	17_EnhW2	6332
chr18	40240768	40240769	rs142800612	chr18	40234001	40234400	17_EnhW2	6369
chr18	40241169	40241170	rs77646415	chr18	40234001	40234400	17_EnhW2	6770
chr18	40241195	40241196	rs28805389	chr18	40234001	40234400	17_EnhW2	6796
chr18	40241436	40241437	rs9954750	chr18	40234001	40234400	17_EnhW2	7037
chr18	40241467	40241468	rs9955013	chr18	40234001	40234400	17_EnhW2	7068
chr18	40241618	40241619	rs9955046	chr18	40234001	40234400	17_EnhW2	7219
chr18	40241622	40241623	rs9955047	chr18	40234001	40234400	17_EnhW2	7223
chr18	40242086	40242087	rs28857851	chr18	40234001	40234400	17_EnhW2	7687
chr18	40242565	40242566	rs138851457	chr18	40234001	40234400	17_EnhW2	8166
chr18	40243130	40243131	rs8090385	chr18	40234001	40234400	17_EnhW2	8731
chr18	40243410	40243411	rs8090578	chr18	40234001	40234400	17_EnhW2	9011
chr18	40243481	40243482	rs8090610	chr18	40234001	40234400	17_EnhW2	9082
chr18	40243774	40243775	rs139472044	chr18	40234001	40234400	17_EnhW2	9375
chr18	40243839	40243840	rs149659986	chr18	40234001	40234400	17_EnhW2	9440
chr18	40244222	40244223	rs200021324	chr18	40234001	40234400	17_EnhW2	9823
chr18	40244290	40244291	rs75741494	chr18	40234001	40234400	17_EnhW2	9891
chr18	40244297	40244298	rs200182350	chr18	40234001	40234400	17_EnhW2	9898
chr18	40244366	40244367	rs200959587	chr18	40234001	40234400	17_EnhW2	9967
chr18	40244447	40244448	rs9964638	chr18	40234001	40234400	17_EnhW2	10048
chr18	40244447	40244448	rs76863477	chr18	40234001	40234400	17_EnhW2	10048
chr18	40244449	40244450	rs80339672	chr18	40234001	40234400	17_EnhW2	10050
chr18	40244475	40244476	rs77928550	chr18	40234001	40234400	17_EnhW2	10076
chr18	40244516	40244517	rs78830989	chr18	40234001	40234400	17_EnhW2	10117
chr18	40244594	40244595	rs200375701	chr18	40234001	40234400	17_EnhW2	10195
chr18	40244599	40244600	rs185293851	chr18	40234001	40234400	17_EnhW2	10200
chr18	40244746	40244747	rs142089311	chr18	40234001	40234400	17_EnhW2	10347
chr18	40244964	40244965	rs199617330	chr18	40234001	40234400	17_EnhW2	10565
chr18	40245038	40245039	rs190170649	chr18	40234001	40234400	17_EnhW2	10639
chr18	40245086	40245087	rs369582338	chr18	40234001	40234400	17_EnhW2	10687
chr18	40245190	40245191	rs142202809	chr18	40234001	40234400	17_EnhW2	10791
chr18	40245307	40245308	rs111731025	chr18	40234001	40234400	17_EnhW2	10908
chr18	40245376	40245377	rs149952937	chr18	40234001	40234400	17_EnhW2	10977
chr18	40245522	40245523	rs28785503	chr18	40234001	40234400	17_EnhW2	11123
chr18	40246275	40246276	rs36183165	chr18	40234001	40234400	17_EnhW2	11876
chr18	40246319	40246320	rs11873011	chr18	40234001	40234400	17_EnhW2	11920
chr18	40246501	40246502	rs11873040	chr18	40234001	40234400	17_EnhW2	12102
chr18	40246507	40246508	rs11876227	chr18	40234001	40234400	17_EnhW2	12108
chr18	40246536	40246537	rs656293	chr18	40234001	40234400	17_EnhW2	12137
chr18	40247000	40247001	rs8093235	chr18	40234001	40234400	17_EnhW2	12601
chr18	40247100	40247101	rs8092588	chr18	40234001	40234400	17_EnhW2	12701
chr18	40247140	40247141	rs8093416	chr18	40234001	40234400	17_EnhW2	12741
chr18	40247150	40247151	rs8092254	chr18	40234001	40234400	17_EnhW2	12751
chr18	40247192	40247193	rs8093431	chr18	40234001	40234400	17_EnhW2	12793
chr18	40247239	40247240	rs8093569	chr18	40234001	40234400	17_EnhW2	12840
chr18	40247944	40247945	rs12458705	chr18	40234001	40234400	17_EnhW2	13545
chr18	40248348	40248349	rs9954391	chr18	40234001	40234400	17_EnhW2	13949
chr18	40248510	40248511	rs4632207	chr18	40234001	40234400	17_EnhW2	14111
chr18	40248554	40248555	rs8097737	chr18	40234001	40234400	17_EnhW2	14155
chr18	40249025	40249026	rs8084832	chr18	40234001	40234400	17_EnhW2	14626
chr18	40249399	40249400	rs8085638	chr18	40234001	40234400	17_EnhW2	15000
chr18	40249521	40249522	rs8085433	chr18	40234001	40234400	17_EnhW2	15122
chr18	40249831	40249832	rs1430911	chr18	40234001	40234400	17_EnhW2	15432
chr18	40250235	40250236	rs1430912	chr18	40234001	40234400	17_EnhW2	15836
chr18	40250403	40250404	rs9304277	chr18	40234001	40234400	17_EnhW2	16004
chr18	40250615	40250616	rs9304278	chr18	40234001	40234400	17_EnhW2	16216
chr18	40250761	40250762	rs9304279	chr18	40234001	40234400	17_EnhW2	16362
chr18	40250773	40250774	rs9304280	chr18	40234001	40234400	17_EnhW2	16374
chr18	40251013	40251014	rs9946710	chr18	40234001	40234400	17_EnhW2	16614
chr18	40251278	40251279	rs1430913	chr18	40234001	40234400	17_EnhW2	16879
chr18	40251788	40251789	rs12454638	chr18	40234001	40234400	17_EnhW2	17389
chr18	40251856	40251857	rs9959724	chr18	40234001	40234400	17_EnhW2	17457
chr18	40251943	40251944	rs9962119	chr18	40234001	40234400	17_EnhW2	17544
chr18	40252374	40252375	rs4555232	chr18	40234001	40234400	17_EnhW2	17975
chr18	40253309	40253310	rs752902	chr18	40234001	40234400	17_EnhW2	18910
chr18	40253378	40253379	rs8096149	chr18	40234001	40234400	17_EnhW2	18979
chr18	40254872	40254873	rs891566	chr18	40234001	40234400	17_EnhW2	20473
chr18	40254962	40254963	rs891567	chr18	40234001	40234400	17_EnhW2	20563
chr18	40255165	40255166	rs643363	chr18	40234001	40234400	17_EnhW2	20766
chr18	40255278	40255279	rs9959873	chr18	40234001	40234400	17_EnhW2	20879
chr18	40255490	40255491	rs8088723	chr18	40234001	40234400	17_EnhW2	21091
chr18	40256208	40256209	rs9963299	chr18	40234001	40234400	17_EnhW2	21809
chr18	40260234	40260235	rs2051334	chr18	40234001	40234400	17_EnhW2	25835
chr18	40260491	40260492	rs11082290	chr18	40234001	40234400	17_EnhW2	26092
chr18	40260493	40260494	rs9953625	chr18	40234001	40234400	17_EnhW2	26094
chr18	40261606	40261607	rs9951863	chr18	40234001	40234400	17_EnhW2	27207
chr18	40261615	40261616	rs2448775	chr18	40234001	40234400	17_EnhW2	27216
chr18	40266470	40266471	rs9944914	chr18	40234001	40234400	17_EnhW2	32071
chr18	40273284	40273285	rs9961058	chr18	40310401	40310800	17_EnhW2	37117
chr18	40273958	40273959	rs1954958	chr18	40310401	40310800	17_EnhW2	36443
chr18	40274425	40274426	rs10084077	chr18	40310401	40310800	17_EnhW2	35976
chr18	40274481	40274482	rs635109	chr18	40310401	40310800	17_EnhW2	35920
chr18	40276476	40276477	rs1430917	chr18	40310401	40310800	17_EnhW2	33925
chr18	40280406	40280407	rs1430920	chr18	40310401	40310800	17_EnhW2	29995
chr18	40282017	40282018	rs763931	chr18	40310401	40310800	17_EnhW2	28384
chr18	40288027	40288028	rs8086502	chr18	40310401	40310800	17_EnhW2	22374
chr18	40288292	40288293	rs8085804	chr18	40310401	40310800	17_EnhW2	22109
chr18	40292146	40292147	rs9965523	chr18	40310401	40310800	17_EnhW2	18255
chr18	40295070	40295071	rs4511622	chr18	40310401	40310800	17_EnhW2	15331
chr18	40295556	40295557	rs199906980	chr18	40310401	40310800	17_EnhW2	14845
chr18	40296020	40296021	rs113043622	chr18	40310401	40310800	17_EnhW2	14381
chr18	40299311	40299312	rs9973172	chr18	40310401	40310800	17_EnhW2	11090
chr18	40299424	40299425	rs606140	chr18	40310401	40310800	17_EnhW2	10977
chr18	40301640	40301641	rs3810037	chr18	40310401	40310800	17_EnhW2	8761
chr18	40303753	40303754	rs3861288	chr18	40310401	40310800	17_EnhW2	6648
chr18	40303788	40303789	rs12605254	chr18	40310401	40310800	17_EnhW2	6613
chr18	40308747	40308748	rs3910101	chr18	40310401	40310800	17_EnhW2	1654
chr18	40313139	40313140	rs12454989	chr18	40310401	40310800	17_EnhW2	2340
chr18	40318076	40318077	rs13313639	chr18	40320201	40320400	18_EnhAc	2125
chr19	18519996	18519997	rs142780001	chr19	18521201	18521600	16_EnhW1	1205
chr19	18520864	18520865	rs34509804	chr19	18521201	18521600	16_EnhW1	337
chr19	18524829	18524830	rs201421081	chr19	18525001	18527000	17_EnhW2	172
chr19	18527256	18527257	rs7257932	chr19	18527201	18527400	13_EnhA1	0
chr19	18530160	18530161	rs28375303	chr19	18527201	18527400	13_EnhA1	2761
chr19	18533641	18533642	rs7258465	chr19	18539201	18539600	17_EnhW2	5560
chr19	18536415	18536416	rs8106096	chr19	18539201	18539600	17_EnhW2	2786
chr19	18538741	18538742	rs10405636	chr19	18539201	18539600	17_EnhW2	460
chr19	18539743	18539744	rs34746918	chr19	18539601	18539800	14_EnhA2	0
chr19	18540987	18540988	rs11673604	chr19	18540801	18541000	16_EnhW1	0
chr19	18541999	18542000	rs146733624	chr19	18541001	18543600	17_EnhW2	0
chr19	18542700	18542701	rs10408290	chr19	18541001	18543600	17_EnhW2	0
chr19	18543053	18543054	rs10409003	chr19	18541001	18543600	17_EnhW2	0
chr19	18543269	18543270	rs3810429	chr19	18541001	18543600	17_EnhW2	0
chr19	18545340	18545341	rs10442	chr19	18545201	18545400	17_EnhW2	0
chr19	18545539	18545540	rs2385088	chr19	18545201	18545400	17_EnhW2	140
chr19	18546677	18546678	rs2303697	chr19	18545201	18545400	17_EnhW2	1278
chr19	18547304	18547305	rs4595905	chr19	18549201	18549600	13_EnhA1	1897
chr19	18548248	18548249	rs10413237	chr19	18549201	18549600	13_EnhA1	953
chr19	18548883	18548884	rs2303696	chr19	18549201	18549600	13_EnhA1	318
chr19	18550275	18550276	rs10427083	chr19	18549601	18550400	15_EnhAF	0
chr19	18552207	18552208	rs28572537	chr19	18550401	18551600	17_EnhW2	608
chr19	18554971	18554972	rs1043327	chr19	18550401	18551600	17_EnhW2	3372
chr19	18556748	18556749	rs34053595	chr19	18550401	18551600	17_EnhW2	5149
chr19	18558875	18558876	rs8111708	chr19	18550401	18551600	17_EnhW2	7276
chr19	18559409	18559410	rs34171762	chr19	18550401	18551600	17_EnhW2	7810
chr19	18559656	18559657	rs34010330	chr19	18550401	18551600	17_EnhW2	8057
chr19	18560281	18560282	rs748609	chr19	18550401	18551600	17_EnhW2	8682
chr19	18562623	18562624	rs2303695	chr19	18550401	18551600	17_EnhW2	11024
chr19	18563879	18563880	rs10405479	chr19	18550401	18551600	17_EnhW2	12280
chr19	18564704	18564705	rs8107367	chr19	18550401	18551600	17_EnhW2	13105
chr19	18565038	18565039	rs8107743	chr19	18550401	18551600	17_EnhW2	13439
chr19	18565950	18565951	rs34585634	chr19	18550401	18551600	17_EnhW2	14351
chr19	18566394	18566395	rs8103660	chr19	18550401	18551600	17_EnhW2	14795
chr19	18566803	18566804	rs1806980	chr19	18550401	18551600	17_EnhW2	15204
chr19	18567554	18567555	rs2007981	chr19	18550401	18551600	17_EnhW2	15955
chr19	18569491	18569492	rs10164323	chr19	18550401	18551600	17_EnhW2	17892
chr19	18569832	18569833	rs10164319	chr19	18550401	18551600	17_EnhW2	18233
chr19	18570034	18570035	rs1560118	chr19	18550401	18551600	17_EnhW2	18435
chr19	18571140	18571141	rs4808801	chr19	18550401	18551600	17_EnhW2	19541
chr19	18572833	18572834	rs8103622	chr19	18550401	18551600	17_EnhW2	21234
chr19	18573027	18573028	rs10542630	chr19	18550401	18551600	17_EnhW2	21428
chr19	18573674	18573675	rs1560119	chr19	18550401	18551600	17_EnhW2	22075
chr19	18575299	18575300	rs34753193	chr19	18550401	18551600	17_EnhW2	23700
chr19	18576483	18576484	rs2278238	chr19	18550401	18551600	17_EnhW2	24884
chr19	18578653	18578654	rs10419404	chr19	18550401	18551600	17_EnhW2	27054
chr19	18585324	18585325	rs4808804	chr19	18550401	18551600	17_EnhW2	33725
chr19	18586298	18586299	rs34771824	chr19	18550401	18551600	17_EnhW2	34699
chr19	18586518	18586519	rs10425982	chr19	18550401	18551600	17_EnhW2	34919
chr19	18586790	18586791	rs7256534	chr19	18550401	18551600	17_EnhW2	35191
chr19	18589087	18589088	rs8100767	chr19	18550401	18551600	17_EnhW2	37488
chr19	18590222	18590223	rs10409483	chr19	18550401	18551600	17_EnhW2	38623
chr19	18590250	18590251	rs10409505	chr19	18550401	18551600	17_EnhW2	38651
chr19	18591744	18591745	rs7254249	chr19	18550401	18551600	17_EnhW2	40145
chr19	18593552	18593553	rs8105994	chr19	18550401	18551600	17_EnhW2	41953
chr19	18604084	18604085	rs7253990	chr19	18655001	18655400	16_EnhW1	50917
chr19	18604941	18604942	rs10403249	chr19	18655001	18655400	16_EnhW1	50060
chr19	18606265	18606266	rs10411009	chr19	18655001	18655400	16_EnhW1	48736
chr19	18606471	18606472	rs34256197	chr19	18655001	18655400	16_EnhW1	48530
chr19	18607336	18607337	rs35231179	chr19	18655001	18655400	16_EnhW1	47665
chr19	18608146	18608147	rs7249020	chr19	18655001	18655400	16_EnhW1	46855
chr19	18608282	18608283	rs7251653	chr19	18655001	18655400	16_EnhW1	46719
chr19	18608517	18608518	rs4808133	chr19	18655001	18655400	16_EnhW1	46484
chr19	18608578	18608579	rs4808134	chr19	18655001	18655400	16_EnhW1	46423
chr19	18611146	18611147	rs875396	chr19	18655001	18655400	16_EnhW1	43855
chr19	18612256	18612257	rs7252707	chr19	18655001	18655400	16_EnhW1	42745
chr19	18612350	18612351	rs7252848	chr19	18655001	18655400	16_EnhW1	42651
chr19	18612747	18612748	rs8107347	chr19	18655001	18655400	16_EnhW1	42254
chr19	18612757	18612758	rs8107351	chr19	18655001	18655400	16_EnhW1	42244
chr19	18617150	18617151	rs8109573	chr19	18655001	18655400	16_EnhW1	37851
chr19	18618866	18618867	rs4808136	chr19	18655001	18655400	16_EnhW1	36135
chr19	18620407	18620408	rs2434469	chr19	18655001	18655400	16_EnhW1	34594
chr19	18622682	18622683	rs2561043	chr19	18655001	18655400	16_EnhW1	32319
chr19	18623197	18623198	rs271629	chr19	18655001	18655400	16_EnhW1	31804
chr19	18624332	18624333	rs271628	chr19	18655001	18655400	16_EnhW1	30669
chr19	18627066	18627067	rs271626	chr19	18655001	18655400	16_EnhW1	27935
chr19	18627952	18627953	rs271624	chr19	18655001	18655400	16_EnhW1	27049
chr19	18628946	18628947	rs271623	chr19	18655001	18655400	16_EnhW1	26055
chr19	18629276	18629277	rs271622	chr19	18655001	18655400	16_EnhW1	25725
chr19	18629829	18629830	rs76195	chr19	18655001	18655400	16_EnhW1	25172
chr19	18630579	18630580	rs76194	chr19	18655001	18655400	16_EnhW1	24422
chr19	18631331	18631332	rs271621	chr19	18655001	18655400	16_EnhW1	23670
chr19	18633754	18633755	rs172032	chr19	18655001	18655400	16_EnhW1	21247
chr19	18635388	18635389	rs12162221	chr19	18655001	18655400	16_EnhW1	19613
chr19	18635456	18635457	rs12162223	chr19	18655001	18655400	16_EnhW1	19545
chr19	18636644	18636645	rs62121135	chr19	18655001	18655400	16_EnhW1	18357
chr19	18637193	18637194	rs12981981	chr19	18655001	18655400	16_EnhW1	17808
chr19	36079703	36079704	rs756783	chr19	36095801	36096000	16_EnhW1	16098
chr19	36094204	36094205	rs12986154	chr19	36095801	36096000	16_EnhW1	1597
chr19	36097527	36097528	rs4806180	chr19	36095801	36096000	16_EnhW1	1528
chr19	36098042	36098043	rs4806181	chr19	36095801	36096000	16_EnhW1	2043
chr19	36099817	36099818	rs34733820	chr19	36095801	36096000	16_EnhW1	3818
chr19	36100385	36100386	rs4806183	chr19	36104201	36104400	16_EnhW1	3816
chr19	36103516	36103517	rs8110747	chr19	36104201	36104400	16_EnhW1	685
chr19	36113657	36113658	rs2285414	chr19	36119001	36119200	16_EnhW1	5344
chr19	36115344	36115345	rs147428237	chr19	36119001	36119200	16_EnhW1	3657
chr19	36122440	36122441	rs2285415	chr19	36119001	36119200	16_EnhW1	3241
chr19	36123402	36123403	rs2239914	chr19	36119001	36119200	16_EnhW1	4203
chr19	36123490	36123491	rs756784	chr19	36119001	36119200	16_EnhW1	4291
chr19	36129006	36129007	rs34752014	chr19	36129801	36130600	17_EnhW2	795
chr19	36129788	36129789	rs4547459	chr19	36129801	36130600	17_EnhW2	13
chr19	36136919	36136920	rs916659	chr19	36133001	36133200	17_EnhW2	3720
chr19	36143991	36143992	rs6510503	chr19	36133001	36133200	17_EnhW2	10792
chr19	36149760	36149761	rs4806187	chr19	36133001	36133200	17_EnhW2	16561
chr19	36150763	36150764	rs12986089	chr19	36133001	36133200	17_EnhW2	17564
chr19	36157166	36157167	rs10422762	chr19	36133001	36133200	17_EnhW2	23967
chr19	36160833	36160834	rs10401695	chr19	36133001	36133200	17_EnhW2	27634
chr19	36168913	36168914	rs2285421	chr19	36201601	36202600	17_EnhW2	32688
chr19	36171528	36171529	rs200261326	chr19	36201601	36202600	17_EnhW2	30073
chr19	36171529	36171530	rs183388514	chr19	36201601	36202600	17_EnhW2	30072
chr19	36171715	36171716	rs61218414	chr19	36201601	36202600	17_EnhW2	29886
chr19	36182703	36182704	rs9917056	chr19	36201601	36202600	17_EnhW2	18898
chr19	36183754	36183755	rs11302520	chr19	36201601	36202600	17_EnhW2	17847
chr19	36185102	36185103	rs55939240	chr19	36201601	36202600	17_EnhW2	16499
chr19	36193678	36193679	rs1269214	chr19	36201601	36202600	17_EnhW2	7923
chr19	36197913	36197914	rs614225	chr19	36201601	36202600	17_EnhW2	3688
chr19	36199019	36199020	rs231588	chr19	36201601	36202600	17_EnhW2	2582
chr19	36204689	36204690	rs107068	chr19	36205401	36206000	17_EnhW2	712
chr19	36204830	36204831	rs23595	chr19	36205401	36206000	17_EnhW2	571
chr19	36208692	36208693	rs77563037	chr19	36205401	36206000	17_EnhW2	2693
chr19	36219208	36219209	rs231592	chr19	36230601	36230800	16_EnhW1	11393
chr19	36224704	36224705	rs231591	chr19	36230601	36230800	16_EnhW1	5897
chr19	36228953	36228954	rs2242522	chr19	36230601	36230800	16_EnhW1	1648
chr19	36231645	36231646	rs2242523	chr19	36230601	36230800	16_EnhW1	846
chr19	36240959	36240960	rs173003	chr19	36238801	36239000	16_EnhW1	1960
chr19	36243189	36243190	rs231244	chr19	36238801	36239000	16_EnhW1	4190
chr19	36248665	36248666	rs231238	chr19	36247801	36248000	13_EnhA1	666
chr19	36249520	36249521	rs231237	chr19	36247801	36248000	13_EnhA1	1521
chr19	36251325	36251326	rs179570	chr19	36247801	36248000	13_EnhA1	3326
chr19	36252493	36252494	rs807478	chr19	36247801	36248000	13_EnhA1	4494
chr19	36253316	36253317	rs807479	chr19	36258401	36258600	17_EnhW2	5085
chr19	36257931	36257932	rs35876904	chr19	36258401	36258600	17_EnhW2	470
chr19	36261372	36261373	rs2619197	chr19	36259001	36259200	16_EnhW1	2173
chr19	36264985	36264986	rs807484	chr19	36259001	36259200	16_EnhW1	5786
chr19	36265507	36265508	rs807485	chr19	36259001	36259200	16_EnhW1	6308
chr19	36276766	36276767	rs120960	chr19	36272401	36273000	17_EnhW2	3767
chr19	36282542	36282543	rs231236	chr19	36272401	36273000	17_EnhW2	9543
chr19	36287868	36287869	rs35417480	chr19	36299201	36299400	17_EnhW2	11333
chr19	39138607	39138608	rs2303040	chr19	39136801	39137000	17_EnhW2	1608
chr19	39138947	39138948	rs10424568	chr19	39136801	39137000	17_EnhW2	1948
chr19	39143288	39143289	rs13344413	chr19	39136801	39137000	17_EnhW2	6289
chr19	39143883	39143884	rs12460849	chr19	39136801	39137000	17_EnhW2	6884
chr19	39144166	39144167	rs979972	chr19	39136801	39137000	17_EnhW2	7167
chr19	39144243	39144244	rs979971	chr19	39136801	39137000	17_EnhW2	7244
chr19	39146779	39146780	rs55876653	chr19	39136801	39137000	17_EnhW2	9780
chr19	39148102	39148103	rs56365761	chr19	39136801	39137000	17_EnhW2	11103
chr19	39150234	39150235	rs10415219	chr19	39136801	39137000	17_EnhW2	13235
chr19	39151033	39151034	rs1808382	chr19	39136801	39137000	17_EnhW2	14034
chr19	39153043	39153044	rs16972767	chr19	39136801	39137000	17_EnhW2	16044
chr19	39155879	39155880	rs3786835	chr19	39174401	39174600	13_EnhA1	18522
chr19	39158345	39158346	rs77347323	chr19	39174401	39174600	13_EnhA1	16056
chr19	39159382	39159383	rs34229804	chr19	39174401	39174600	13_EnhA1	15019
chr19	39159728	39159729	rs62121814	chr19	39174401	39174600	13_EnhA1	14673
chr19	39161437	39161438	rs28377909	chr19	39174401	39174600	13_EnhA1	12964
chr19	39163442	39163443	rs11670636	chr19	39174401	39174600	13_EnhA1	10959
chr19	39164463	39164464	rs62121816	chr19	39174401	39174600	13_EnhA1	9938
chr19	39167359	39167360	rs755690	chr19	39174401	39174600	13_EnhA1	7042
chr19	39167759	39167760	rs62121818	chr19	39174401	39174600	13_EnhA1	6642
chr19	39168009	39168010	rs59162138	chr19	39174401	39174600	13_EnhA1	6392
chr19	39170472	39170473	rs10406778	chr19	39174401	39174600	13_EnhA1	3929
chr19	39170855	39170856	rs60687267	chr19	39174401	39174600	13_EnhA1	3546
chr19	39170907	39170908	rs7252589	chr19	39174401	39174600	13_EnhA1	3494
chr19	39172041	39172042	rs3786837	chr19	39174401	39174600	13_EnhA1	2360
chr19	39173485	39173486	rs7254100	chr19	39174401	39174600	13_EnhA1	916
chr19	39179270	39179271	rs13343794	chr19	39174401	39174600	13_EnhA1	4671
chr19	39179933	39179934	rs11083473	chr19	39174401	39174600	13_EnhA1	5334
chr19	39180457	39180458	rs10415646	chr19	39174401	39174600	13_EnhA1	5858
chr19	39182564	39182565	rs3786839	chr19	39174401	39174600	13_EnhA1	7965
chr19	39184165	39184166	rs56113315	chr19	39174401	39174600	13_EnhA1	9566
chr19	39184810	39184811	rs7251903	chr19	39174401	39174600	13_EnhA1	10211
chr19	39186612	39186613	rs10421560	chr19	39174401	39174600	13_EnhA1	12013
chr19	39186949	39186950	rs10426809	chr19	39174401	39174600	13_EnhA1	12350
chr19	39188111	39188112	rs11083475	chr19	39174401	39174600	13_EnhA1	13512
chr19	39189745	39189746	rs749701	chr19	39174401	39174600	13_EnhA1	15146
chr19	39195082	39195083	rs3786845	chr19	39174401	39174600	13_EnhA1	20483
chr19	39195301	39195302	rs3217235	chr19	39174401	39174600	13_EnhA1	20702
chr19	39195313	39195314	rs2287729	chr19	39174401	39174600	13_EnhA1	20714
chr19	39196327	39196328	rs11665964	chr19	39174401	39174600	13_EnhA1	21728
chr19	39196744	39196745	rs3745859	chr19	39174401	39174600	13_EnhA1	22145
chr19	39201487	39201488	rs12462270	chr19	39224801	39225200	17_EnhW2	23314
chr19	39201780	39201781	rs2279144	chr19	39224801	39225200	17_EnhW2	23021
chr19	39202887	39202888	rs28488032	chr19	39224801	39225200	17_EnhW2	21914
chr19	39202896	39202897	rs28624276	chr19	39224801	39225200	17_EnhW2	21905
chr19	39204845	39204846	rs10403540	chr19	39224801	39225200	17_EnhW2	19956
chr19	39205612	39205613	rs883394	chr19	39224801	39225200	17_EnhW2	19189
chr19	39206287	39206288	rs883433	chr19	39224801	39225200	17_EnhW2	18514
chr19	39207328	39207329	rs3786848	chr19	39224801	39225200	17_EnhW2	17473
chr19	39212858	39212859	rs8111746	chr19	39224801	39225200	17_EnhW2	11943
chr19	39213116	39213117	rs11338400	chr19	39224801	39225200	17_EnhW2	11685
chr19	39215332	39215333	rs3786851	chr19	39224801	39225200	17_EnhW2	9469
chr19	39223734	39223735	rs138619262	chr19	39224801	39225200	17_EnhW2	1067
chr19	39223735	39223736	rs547948198	chr19	39224801	39225200	17_EnhW2	1066
chr19	39227650	39227651	rs71165571	chr19	39225601	39225800	13_EnhA1	1851
chr19	39230045	39230046	rs55945853	chr19	39233601	39234600	17_EnhW2	3556
chr19	39230349	39230350	rs369516427	chr19	39233601	39234600	17_EnhW2	3252
chr19	39231980	39231981	rs62120083	chr19	39233601	39234600	17_EnhW2	1621
chr19	39237949	39237950	rs8107416	chr19	39233601	39234600	17_EnhW2	3350
chr19	39239703	39239704	rs62120087	chr19	39233601	39234600	17_EnhW2	5104
chr19	39240218	39240219	rs55923191	chr19	39233601	39234600	17_EnhW2	5619
chr19	39240268	39240269	rs56172450	chr19	39233601	39234600	17_EnhW2	5669
chr19	39241923	39241924	rs12978100	chr19	39233601	39234600	17_EnhW2	7324
chr19	39242558	39242559	rs147179796	chr19	39233601	39234600	17_EnhW2	7959
chr19	39243968	39243969	rs150394753	chr19	39233601	39234600	17_EnhW2	9369
chr19	39243969	39243970	rs138217270	chr19	39233601	39234600	17_EnhW2	9370
chr19	39246975	39246976	rs10416718	chr19	39233601	39234600	17_EnhW2	12376
chr19	39247301	39247302	rs10418728	chr19	39233601	39234600	17_EnhW2	12702
chr19	39248185	39248186	rs11673323	chr19	39233601	39234600	17_EnhW2	13586
chr19	39248629	39248630	rs2126969	chr19	39233601	39234600	17_EnhW2	14030
chr19	39249305	39249306	rs10407371	chr19	39233601	39234600	17_EnhW2	14706
chr19	39250336	39250337	rs9304578	chr19	39233601	39234600	17_EnhW2	15737
chr19	45386466	45386467	rs142042446	chr19	45386201	45386600	17_EnhW2	0
chr19	45387458	45387459	rs12972156	chr19	45386201	45386600	17_EnhW2	859
chr19	45387595	45387596	rs12972970	chr19	45386201	45386600	17_EnhW2	996
chr19	45388129	45388130	rs34342646	chr19	45386201	45386600	17_EnhW2	1530
chr19	45388499	45388500	rs283811	chr19	45386201	45386600	17_EnhW2	1900
chr19	45390332	45390333	rs283815	chr19	45393001	45393200	16_EnhW1	2669
chr19	45392253	45392254	rs6857	chr19	45393001	45393200	16_EnhW1	748
chr19	45394335	45394336	rs71352238	chr19	45393001	45393200	16_EnhW1	1136
chr19	45394968	45394969	rs184017	chr19	45393001	45393200	16_EnhW1	1769
chr19	45395618	45395619	rs2075650	chr19	45393001	45393200	16_EnhW1	2419
chr19	45395713	45395714	rs157581	chr19	45393001	45393200	16_EnhW1	2514
chr19	45395843	45395844	rs34095326	chr19	45393001	45393200	16_EnhW1	2644
chr19	45395908	45395909	rs34404554	chr19	45393001	45393200	16_EnhW1	2709
chr19	45396143	45396144	rs11556505	chr19	45393001	45393200	16_EnhW1	2944
chr19	45396218	45396219	rs157582	chr19	45393001	45393200	16_EnhW1	3019
chr19	45396664	45396665	rs59007384	chr19	45393001	45393200	16_EnhW1	3465
chr19	45410001	45410002	rs769449	chr19	45406801	45408000	17_EnhW2	2002
chr19	45411940	45411941	rs429358	chr19	45414201	45415000	17_EnhW2	2261
chr19	45415712	45415713	rs10414043	chr19	45414201	45415000	17_EnhW2	713
chr19	45415934	45415935	rs7256200	chr19	45416801	45417400	17_EnhW2	867
chr19	45421253	45421254	rs12721046	chr19	45417401	45417800	13_EnhA1	3454
chr19	45422159	45422160	rs12721051	chr19	45417401	45417800	13_EnhA1	4360
chr19	45422845	45422846	rs56131196	chr19	45427601	45427800	17_EnhW2	4756
chr19	45422945	45422946	rs4420638	chr19	45427601	45427800	17_EnhW2	4656
chr19	45424350	45424351	rs814573	chr19	45427601	45427800	17_EnhW2	3251
chr19	45424513	45424514	rs157592	chr19	45427601	45427800	17_EnhW2	3088
chr19	45427124	45427125	rs111789331	chr19	45427601	45427800	17_EnhW2	477
chr19	45428233	45428234	rs66626994	chr19	45428601	45429000	17_EnhW2	368
chr19	55846804	55846805	rs9749556	chr19	55849801	55850000	16_EnhW1	2997
chr19	55881350	55881351	rs8104023	chr19	55874001	55874800	17_EnhW2	6551
chr19	55884848	55884849	rs11669243	chr19	55874001	55874800	17_EnhW2	10049
chr19	55886018	55886019	rs35791293	chr19	55874001	55874800	17_EnhW2	11219
chr19	55886021	55886022	rs11666163	chr19	55874001	55874800	17_EnhW2	11222
chr19	55886191	55886192	rs11666276	chr19	55874001	55874800	17_EnhW2	11392
chr19	55888094	55888095	rs4806666	chr19	55874001	55874800	17_EnhW2	13295
chr19	55888155	55888156	rs35117389	chr19	55874001	55874800	17_EnhW2	13356
chr19	55890414	55890415	rs2305786	chr19	55903401	55904200	17_EnhW2	12987
chr19	55891158	55891159	rs11672008	chr19	55903401	55904200	17_EnhW2	12243
chr19	55900416	55900417	rs11668142	chr19	55903401	55904200	17_EnhW2	2985
chr19	55905236	55905237	rs12972170	chr19	55904601	55905000	15_EnhAF	237
chr2	19183756	19183757	rs11684998	chr2	19171601	19172600	17_EnhW2	11157
chr2	19184216	19184217	rs2346965	chr2	19171601	19172600	17_EnhW2	11617
chr2	19184368	19184369	rs16985823	chr2	19171601	19172600	17_EnhW2	11769
chr2	19184880	19184881	rs884894	chr2	19171601	19172600	17_EnhW2	12281
chr2	19184995	19184996	rs884895	chr2	19171601	19172600	17_EnhW2	12396
chr2	19185447	19185448	rs78302845	chr2	19171601	19172600	17_EnhW2	12848
chr2	19186314	19186315	rs77070624	chr2	19171601	19172600	17_EnhW2	13715
chr2	19187218	19187219	rs72780760	chr2	19171601	19172600	17_EnhW2	14619
chr2	21178725	21178726	rs148458076	chr2	21206601	21207000	17_EnhW2	27876
chr2	21179377	21179378	rs36145916	chr2	21206601	21207000	17_EnhW2	27224
chr2	21180941	21180942	rs36187918	chr2	21206601	21207000	17_EnhW2	25660
chr2	21184544	21184545	rs1344063	chr2	21206601	21207000	17_EnhW2	22057
chr2	21184763	21184764	rs2337382	chr2	21206601	21207000	17_EnhW2	21838
chr2	21186162	21186163	rs66611801	chr2	21206601	21207000	17_EnhW2	20439
chr2	21186890	21186891	rs4665639	chr2	21206601	21207000	17_EnhW2	19711
chr2	21187640	21187641	rs6707950	chr2	21206601	21207000	17_EnhW2	18961
chr2	21188569	21188570	rs4665790	chr2	21206601	21207000	17_EnhW2	18032
chr2	21189067	21189068	rs17041662	chr2	21206601	21207000	17_EnhW2	17534
chr2	21190237	21190238	rs17041663	chr2	21206601	21207000	17_EnhW2	16364
chr2	21190286	21190287	rs35695820	chr2	21206601	21207000	17_EnhW2	16315
chr2	21191408	21191409	rs6706783	chr2	21206601	21207000	17_EnhW2	15193
chr2	21192111	21192112	rs1320144	chr2	21206601	21207000	17_EnhW2	14490
chr2	21192361	21192362	rs1320145	chr2	21206601	21207000	17_EnhW2	14240
chr2	21192522	21192523	rs35893087	chr2	21206601	21207000	17_EnhW2	14079
chr2	21194731	21194732	rs62120841	chr2	21206601	21207000	17_EnhW2	11870
chr2	21195411	21195412	rs17041679	chr2	21206601	21207000	17_EnhW2	11190
chr2	21196249	21196250	rs34335269	chr2	21206601	21207000	17_EnhW2	10352
chr2	21198135	21198136	rs6733447	chr2	21206601	21207000	17_EnhW2	8466
chr2	21200518	21200519	rs10495713	chr2	21206601	21207000	17_EnhW2	6083
chr2	21202878	21202879	rs7608123	chr2	21206601	21207000	17_EnhW2	3723
chr2	21204480	21204481	rs7571469	chr2	21206601	21207000	17_EnhW2	2121
chr2	21205913	21205914	rs35131127	chr2	21206601	21207000	17_EnhW2	688
chr2	21206051	21206052	rs9789416	chr2	21206601	21207000	17_EnhW2	550
chr2	21206835	21206836	rs56327713	chr2	21206601	21207000	17_EnhW2	0
chr2	21206905	21206906	rs56403064	chr2	21206601	21207000	17_EnhW2	0
chr2	21206994	21206995	rs56213756	chr2	21206601	21207000	17_EnhW2	0
chr2	21209765	21209766	rs34059329	chr2	21208201	21208600	17_EnhW2	1166
chr2	21212347	21212348	rs1320143	chr2	21214401	21215000	17_EnhW2	2054
chr2	21212570	21212571	rs6721844	chr2	21214401	21215000	17_EnhW2	1831
chr2	21213184	21213185	rs4665642	chr2	21214401	21215000	17_EnhW2	1217
chr2	21214151	21214152	rs1318006	chr2	21214401	21215000	17_EnhW2	250
chr2	21214207	21214208	rs1318005	chr2	21214401	21215000	17_EnhW2	194
chr2	21214208	21214209	rs1318004	chr2	21214401	21215000	17_EnhW2	193
chr2	25911303	25911304	rs11892454	chr2	25915201	25915400	17_EnhW2	3898
chr2	25932709	25932710	rs6740433	chr2	25944601	25944800	17_EnhW2	11892
chr2	25932997	25932998	rs6711346	chr2	25944601	25944800	17_EnhW2	11604
chr2	25935576	25935577	rs28707636	chr2	25944601	25944800	17_EnhW2	9025
chr2	25935884	25935885	rs12713642	chr2	25944601	25944800	17_EnhW2	8717
chr2	25936128	25936129	rs371052396	chr2	25944601	25944800	17_EnhW2	8473
chr2	25937164	25937165	rs934073	chr2	25944601	25944800	17_EnhW2	7437
chr2	25938076	25938077	rs41521945	chr2	25944601	25944800	17_EnhW2	6525
chr2	25938176	25938177	rs13430199	chr2	25944601	25944800	17_EnhW2	6425
chr2	25938830	25938831	rs72799618	chr2	25944601	25944800	17_EnhW2	5771
chr2	25939098	25939099	rs10439496	chr2	25944601	25944800	17_EnhW2	5503
chr2	25940370	25940371	rs71399316	chr2	25944601	25944800	17_EnhW2	4231
chr2	25941632	25941633	rs7564034	chr2	25944601	25944800	17_EnhW2	2969
chr2	25942249	25942250	rs13409567	chr2	25944601	25944800	17_EnhW2	2352
chr2	25942604	25942605	rs13418772	chr2	25944601	25944800	17_EnhW2	1997
chr2	25942694	25942695	rs72799623	chr2	25944601	25944800	17_EnhW2	1907
chr2	25943373	25943374	rs10190878	chr2	25944601	25944800	17_EnhW2	1228
chr2	25943776	25943777	rs7574653	chr2	25944601	25944800	17_EnhW2	825
chr2	25944670	25944671	rs6706535	chr2	25944601	25944800	17_EnhW2	0
chr2	25945661	25945662	rs3856392	chr2	25944601	25944800	17_EnhW2	862
chr2	25945819	25945820	rs3856393	chr2	25944601	25944800	17_EnhW2	1020
chr2	25945995	25945996	rs7562477	chr2	25944601	25944800	17_EnhW2	1196
chr2	25946021	25946022	rs7599023	chr2	25944601	25944800	17_EnhW2	1222
chr2	25946080	25946081	rs374321585	chr2	25944601	25944800	17_EnhW2	1281
chr2	25946081	25946082	rs377729896	chr2	25944601	25944800	17_EnhW2	1282
chr2	25946115	25946116	rs7565234	chr2	25944601	25944800	17_EnhW2	1316
chr2	25946345	25946346	rs4289132	chr2	25944601	25944800	17_EnhW2	1546
chr2	25946635	25946636	rs10171272	chr2	25944601	25944800	17_EnhW2	1836
chr2	25946812	25946813	rs10171467	chr2	25944601	25944800	17_EnhW2	2013
chr2	25946814	25946815	rs10171468	chr2	25944601	25944800	17_EnhW2	2015
chr2	25946968	25946969	rs7566238	chr2	25944601	25944800	17_EnhW2	2169
chr2	25947876	25947877	rs66524787	chr2	25944601	25944800	17_EnhW2	3077
chr2	25948599	25948600	rs890682	chr2	25944601	25944800	17_EnhW2	3800
chr2	25948654	25948655	rs10200754	chr2	25944601	25944800	17_EnhW2	3855
chr2	25949658	25949659	rs10181262	chr2	25944601	25944800	17_EnhW2	4859
chr2	25950157	25950158	rs35190411	chr2	25944601	25944800	17_EnhW2	5358
chr2	25950510	25950511	rs10184492	chr2	25944601	25944800	17_EnhW2	5711
chr2	25951105	25951106	rs12713653	chr2	25956401	25956800	17_EnhW2	5296
chr2	25951110	25951111	rs12713654	chr2	25956401	25956800	17_EnhW2	5291
chr2	25952795	25952796	rs6739177	chr2	25956401	25956800	17_EnhW2	3606
chr2	25954201	25954202	rs7572629	chr2	25956401	25956800	17_EnhW2	2200
chr2	25955333	25955334	rs11422383	chr2	25956401	25956800	17_EnhW2	1068
chr2	25956444	25956445	rs919205	chr2	25956401	25956800	17_EnhW2	0
chr2	25956935	25956936	rs35480086	chr2	25956401	25956800	17_EnhW2	136
chr2	25957535	25957536	rs3731639	chr2	25957801	25958000	17_EnhW2	266
chr2	25958922	25958923	rs7591277	chr2	25958201	25959000	17_EnhW2	0
chr2	25959476	25959477	rs13004845	chr2	25958201	25959000	17_EnhW2	477
chr2	25961582	25961583	rs10153560	chr2	25963201	25963800	17_EnhW2	1619
chr2	25968195	25968196	rs7564262	chr2	25963801	25964400	15_EnhAF	3796
chr2	25968821	25968822	rs55946759	chr2	25963801	25964400	15_EnhAF	4422
chr2	25969049	25969050	rs7609004	chr2	25963801	25964400	15_EnhAF	4650
chr2	25969562	25969563	rs7609372	chr2	25963801	25964400	15_EnhAF	5163
chr2	25970503	25970504	rs10180842	chr2	25963801	25964400	15_EnhAF	6104
chr2	25971371	25971372	rs56694749	chr2	25963801	25964400	15_EnhAF	6972
chr2	25971933	25971934	rs10700323	chr2	25963801	25964400	15_EnhAF	7534
chr2	25972178	25972179	rs6729339	chr2	25963801	25964400	15_EnhAF	7779
chr2	25973308	25973309	rs10178552	chr2	25963801	25964400	15_EnhAF	8909
chr2	25975692	25975693	rs62130130	chr2	25963801	25964400	15_EnhAF	11293
chr2	25976109	25976110	rs5829987	chr2	25963801	25964400	15_EnhAF	11710
chr2	25976774	25976775	rs10171348	chr2	25963801	25964400	15_EnhAF	12375
chr2	25976964	25976965	rs10194371	chr2	25963801	25964400	15_EnhAF	12565
chr2	25977355	25977356	rs1076000	chr2	25963801	25964400	15_EnhAF	12956
chr2	25977547	25977548	rs35860666	chr2	25963801	25964400	15_EnhAF	13148
chr2	25978486	25978487	rs890681	chr2	25963801	25964400	15_EnhAF	14087
chr2	25979333	25979334	rs71399321	chr2	25963801	25964400	15_EnhAF	14934
chr2	25979377	25979378	rs890680	chr2	25963801	25964400	15_EnhAF	14978
chr2	25981548	25981549	rs36035749	chr2	25963801	25964400	15_EnhAF	17149
chr2	25984209	25984210	rs11888512	chr2	25963801	25964400	15_EnhAF	19810
chr2	25984640	25984641	rs11888724	chr2	25963801	25964400	15_EnhAF	20241
chr2	25984694	25984695	rs11893562	chr2	25963801	25964400	15_EnhAF	20295
chr2	25986728	25986729	rs6753192	chr2	25963801	25964400	15_EnhAF	22329
chr2	25987005	25987006	rs6724092	chr2	25963801	25964400	15_EnhAF	22606
chr2	25992831	25992832	rs10202756	chr2	26018801	26019000	17_EnhW2	25970
chr2	25992893	25992894	rs7571093	chr2	26018801	26019000	17_EnhW2	25908
chr2	25993141	25993142	rs13022852	chr2	26018801	26019000	17_EnhW2	25660
chr2	25993548	25993549	rs6751767	chr2	26018801	26019000	17_EnhW2	25253
chr2	25994411	25994412	rs71399322	chr2	26018801	26019000	17_EnhW2	24390
chr2	25997019	25997020	rs7582924	chr2	26018801	26019000	17_EnhW2	21782
chr2	25997568	25997569	rs13382805	chr2	26018801	26019000	17_EnhW2	21233
chr2	25997820	25997821	rs11894959	chr2	26018801	26019000	17_EnhW2	20981
chr2	25998005	25998006	rs35210018	chr2	26018801	26019000	17_EnhW2	20796
chr2	25999210	25999211	rs28562485	chr2	26018801	26019000	17_EnhW2	19591
chr2	25999412	25999413	rs34357652	chr2	26018801	26019000	17_EnhW2	19389
chr2	26000353	26000354	rs56121630	chr2	26018801	26019000	17_EnhW2	18448
chr2	26000523	26000524	rs17680961	chr2	26018801	26019000	17_EnhW2	18278
chr2	26001426	26001427	rs10490569	chr2	26018801	26019000	17_EnhW2	17375
chr2	26002304	26002305	rs13004909	chr2	26018801	26019000	17_EnhW2	16497
chr2	26003067	26003068	rs7591614	chr2	26018801	26019000	17_EnhW2	15734
chr2	26003229	26003230	rs7605347	chr2	26018801	26019000	17_EnhW2	15572
chr2	26003849	26003850	rs35723988	chr2	26018801	26019000	17_EnhW2	14952
chr2	26004119	26004120	rs35404220	chr2	26018801	26019000	17_EnhW2	14682
chr2	26004258	26004259	rs74469416	chr2	26018801	26019000	17_EnhW2	14543
chr2	26004623	26004624	rs34762852	chr2	26018801	26019000	17_EnhW2	14178
chr2	26005955	26005956	rs62127680	chr2	26018801	26019000	17_EnhW2	12846
chr2	26006377	26006378	rs11370153	chr2	26018801	26019000	17_EnhW2	12424
chr2	26006478	26006479	rs7599961	chr2	26018801	26019000	17_EnhW2	12323
chr2	26007958	26007959	rs7560314	chr2	26018801	26019000	17_EnhW2	10843
chr2	26008004	26008005	rs7560429	chr2	26018801	26019000	17_EnhW2	10797
chr2	26009402	26009403	rs77262249	chr2	26018801	26019000	17_EnhW2	9399
chr2	26009581	26009582	rs7567507	chr2	26018801	26019000	17_EnhW2	9220
chr2	26010266	26010267	rs66878742	chr2	26018801	26019000	17_EnhW2	8535
chr2	26010302	26010303	rs55737015	chr2	26018801	26019000	17_EnhW2	8499
chr2	26010418	26010419	rs13410396	chr2	26018801	26019000	17_EnhW2	8383
chr2	26011809	26011810	rs34921778	chr2	26018801	26019000	17_EnhW2	6992
chr2	26011890	26011891	rs35701447	chr2	26018801	26019000	17_EnhW2	6911
chr2	26014351	26014352	rs13032091	chr2	26018801	26019000	17_EnhW2	4450
chr2	26018843	26018844	rs10191905	chr2	26018801	26019000	17_EnhW2	0
chr2	26020875	26020876	rs10198667	chr2	26018801	26019000	17_EnhW2	1876
chr2	26021255	26021256	rs34721056	chr2	26018801	26019000	17_EnhW2	2256
chr2	26022753	26022754	rs34946160	chr2	26018801	26019000	17_EnhW2	3754
chr2	26022848	26022849	rs35716821	chr2	26018801	26019000	17_EnhW2	3849
chr2	26024449	26024450	rs13413825	chr2	26018801	26019000	17_EnhW2	5450
chr2	26026597	26026598	rs13030095	chr2	26018801	26019000	17_EnhW2	7598
chr2	26026985	26026986	rs13405775	chr2	26018801	26019000	17_EnhW2	7986
chr2	26027151	26027152	rs56397444	chr2	26018801	26019000	17_EnhW2	8152
chr2	26027688	26027689	rs10427353	chr2	26018801	26019000	17_EnhW2	8689
chr2	26029406	26029407	rs10207926	chr2	26018801	26019000	17_EnhW2	10407
chr2	26029484	26029485	rs10210497	chr2	26018801	26019000	17_EnhW2	10485
chr2	26030338	26030339	rs2176181	chr2	26040401	26040600	17_EnhW2	10063
chr2	26030367	26030368	rs2176180	chr2	26040401	26040600	17_EnhW2	10034
chr2	26032164	26032165	rs71399325	chr2	26040401	26040600	17_EnhW2	8237
chr2	26033486	26033487	rs10174199	chr2	26040401	26040600	17_EnhW2	6915
chr2	26034814	26034815	rs62127689	chr2	26040401	26040600	17_EnhW2	5587
chr2	26035031	26035032	rs70950124	chr2	26040401	26040600	17_EnhW2	5370
chr2	26036035	26036036	rs6758088	chr2	26040401	26040600	17_EnhW2	4366
chr2	26037536	26037537	rs35430508	chr2	26040401	26040600	17_EnhW2	2865
chr2	26038664	26038665	rs878223	chr2	26040401	26040600	17_EnhW2	1737
chr2	26042514	26042515	rs4063544	chr2	26040801	26041000	17_EnhW2	1515
chr2	26043531	26043532	rs35926307	chr2	26040801	26041000	17_EnhW2	2532
chr2	26046596	26046597	rs35822311	chr2	26040801	26041000	17_EnhW2	5597
chr2	26046844	26046845	rs3731638	chr2	26040801	26041000	17_EnhW2	5845
chr2	26049122	26049123	rs13398541	chr2	26040801	26041000	17_EnhW2	8123
chr2	26050345	26050346	rs13418205	chr2	26040801	26041000	17_EnhW2	9346
chr2	26053165	26053166	rs10168718	chr2	26040801	26041000	17_EnhW2	12166
chr2	26053575	26053576	rs10208202	chr2	26040801	26041000	17_EnhW2	12576
chr2	26053842	26053843	rs12713680	chr2	26040801	26041000	17_EnhW2	12843
chr2	26055667	26055668	rs9941574	chr2	26040801	26041000	17_EnhW2	14668
chr2	26055872	26055873	rs10182811	chr2	26040801	26041000	17_EnhW2	14873
chr2	26057966	26057967	rs36073668	chr2	26040801	26041000	17_EnhW2	16967
chr2	26063774	26063775	rs11888036	chr2	26040801	26041000	17_EnhW2	22775
chr2	26065472	26065473	rs13418437	chr2	26040801	26041000	17_EnhW2	24473
chr2	26065591	26065592	rs13392329	chr2	26040801	26041000	17_EnhW2	24592
chr2	26065856	26065857	rs373802106	chr2	26040801	26041000	17_EnhW2	24857
chr2	26066126	26066127	rs35410678	chr2	26040801	26041000	17_EnhW2	25127
chr2	26066569	26066570	rs13422139	chr2	26040801	26041000	17_EnhW2	25570
chr2	26067438	26067439	rs13021454	chr2	26040801	26041000	17_EnhW2	26439
chr2	26067685	26067686	rs13022069	chr2	26040801	26041000	17_EnhW2	26686
chr2	26068508	26068509	rs6741640	chr2	26040801	26041000	17_EnhW2	27509
chr2	26069523	26069524	rs35452199	chr2	26040801	26041000	17_EnhW2	28524
chr2	26071262	26071263	rs6710966	chr2	26040801	26041000	17_EnhW2	30263
chr2	26073576	26073577	rs13421137	chr2	26102201	26102400	16_EnhW1	28625
chr2	26076425	26076426	rs9309434	chr2	26102201	26102400	16_EnhW1	25776
chr2	26077721	26077722	rs10173557	chr2	26102201	26102400	16_EnhW1	24480
chr2	26077946	26077947	rs10185886	chr2	26102201	26102400	16_EnhW1	24255
chr2	26078530	26078531	rs10199550	chr2	26102201	26102400	16_EnhW1	23671
chr2	26078651	26078652	rs34982027	chr2	26102201	26102400	16_EnhW1	23550
chr2	26078703	26078704	rs200980536	chr2	26102201	26102400	16_EnhW1	23498
chr2	26078750	26078751	rs147256555	chr2	26102201	26102400	16_EnhW1	23451
chr2	26078996	26078997	rs7581694	chr2	26102201	26102400	16_EnhW1	23205
chr2	26081555	26081556	rs78715885	chr2	26102201	26102400	16_EnhW1	20646
chr2	26081785	26081786	rs13009710	chr2	26102201	26102400	16_EnhW1	20416
chr2	26082045	26082046	rs34236477	chr2	26102201	26102400	16_EnhW1	20156
chr2	26082211	26082212	rs13425195	chr2	26102201	26102400	16_EnhW1	19990
chr2	26084196	26084197	rs2891480	chr2	26102201	26102400	16_EnhW1	18005
chr2	26085691	26085692	rs35019945	chr2	26102201	26102400	16_EnhW1	16510
chr2	26087394	26087395	rs10187156	chr2	26102201	26102400	16_EnhW1	14807
chr2	26088451	26088452	rs28558872	chr2	26102201	26102400	16_EnhW1	13750
chr2	26089829	26089830	rs12999323	chr2	26102201	26102400	16_EnhW1	12372
chr2	26090248	26090249	rs11898327	chr2	26102201	26102400	16_EnhW1	11953
chr2	26090412	26090413	rs11897276	chr2	26102201	26102400	16_EnhW1	11789
chr2	26091957	26091958	rs2872783	chr2	26102201	26102400	16_EnhW1	10244
chr2	26094368	26094369	rs55986564	chr2	26102201	26102400	16_EnhW1	7833
chr2	26095839	26095840	rs13414077	chr2	26102201	26102400	16_EnhW1	6362
chr2	26095858	26095859	rs13416792	chr2	26102201	26102400	16_EnhW1	6343
chr2	26098258	26098259	rs34820121	chr2	26102201	26102400	16_EnhW1	3943
chr2	26100226	26100227	rs7592985	chr2	26102201	26102400	16_EnhW1	1975
chr2	26101402	26101403	rs6748220	chr2	26102201	26102400	16_EnhW1	799
chr2	26101631	26101632	rs10469884	chr2	26102201	26102400	16_EnhW1	570
chr2	26101941	26101942	rs146325065	chr2	26102201	26102400	16_EnhW1	260
chr2	26104263	26104264	rs10193672	chr2	26102201	26102400	16_EnhW1	1864
chr2	26104637	26104638	rs7600595	chr2	26102201	26102400	16_EnhW1	2238
chr2	26105364	26105365	rs10172838	chr2	26102201	26102400	16_EnhW1	2965
chr2	26105584	26105585	rs6546575	chr2	26102201	26102400	16_EnhW1	3185
chr2	26105861	26105862	rs6546577	chr2	26102201	26102400	16_EnhW1	3462
chr2	26105876	26105877	rs7595455	chr2	26102201	26102400	16_EnhW1	3477
chr2	33734125	33734126	rs6743600	chr2	33765001	33765400	17_EnhW2	30876
chr2	33740854	33740855	rs3845781	chr2	33765001	33765400	17_EnhW2	24147
chr2	33748912	33748913	rs6735997	chr2	33765001	33765400	17_EnhW2	16089
chr2	33752151	33752152	rs10189430	chr2	33765001	33765400	17_EnhW2	12850
chr2	33753078	33753079	rs1551486	chr2	33765001	33765400	17_EnhW2	11923
chr2	33754925	33754926	rs57240539	chr2	33765001	33765400	17_EnhW2	10076
chr2	33758034	33758035	rs13408890	chr2	33765001	33765400	17_EnhW2	6967
chr2	33758338	33758339	rs13425000	chr2	33765001	33765400	17_EnhW2	6663
chr2	33758454	33758455	rs13411635	chr2	33765001	33765400	17_EnhW2	6547
chr2	33759128	33759129	rs7605981	chr2	33765001	33765400	17_EnhW2	5873
chr2	33759394	33759395	rs35933402	chr2	33765001	33765400	17_EnhW2	5607
chr2	33759562	33759563	rs74326828	chr2	33765001	33765400	17_EnhW2	5439
chr2	33760621	33760622	rs11379834	chr2	33765001	33765400	17_EnhW2	4380
chr2	33761009	33761010	rs12479397	chr2	33765001	33765400	17_EnhW2	3992
chr2	33762483	33762484	rs13426291	chr2	33765001	33765400	17_EnhW2	2518
chr2	33763496	33763497	rs4670189	chr2	33765001	33765400	17_EnhW2	1505
chr2	33763518	33763519	rs4670190	chr2	33765001	33765400	17_EnhW2	1483
chr2	33764175	33764176	rs13388394	chr2	33765001	33765400	17_EnhW2	826
chr2	33764578	33764579	rs376609228	chr2	33765001	33765400	17_EnhW2	423
chr2	33768346	33768347	rs13428482	chr2	33765001	33765400	17_EnhW2	2947
chr2	33770266	33770267	rs4670680	chr2	33765001	33765400	17_EnhW2	4867
chr2	33770402	33770403	rs4670681	chr2	33765001	33765400	17_EnhW2	5003
chr2	33771413	33771414	rs13388446	chr2	33765001	33765400	17_EnhW2	6014
chr2	33771539	33771540	rs13388566	chr2	33765001	33765400	17_EnhW2	6140
chr2	33774449	33774450	rs10209773	chr2	33777801	33778600	17_EnhW2	3352
chr2	33775664	33775665	rs17597696	chr2	33777801	33778600	17_EnhW2	2137
chr2	33776106	33776107	rs1971224	chr2	33777801	33778600	17_EnhW2	1695
chr2	37059461	37059462	rs13021393	chr2	37058401	37058600	17_EnhW2	862
chr2	37059556	37059557	rs13021775	chr2	37058401	37058600	17_EnhW2	957
chr2	37063239	37063240	rs35050623	chr2	37063001	37063200	17_EnhW2	40
chr2	37066017	37066018	rs1504	chr2	37063001	37063200	17_EnhW2	2818
chr2	37067136	37067137	rs7600413	chr2	37071001	37072000	17_EnhW2	3865
chr2	37068427	37068428	rs711244	chr2	37071001	37072000	17_EnhW2	2574
chr2	37075012	37075013	rs1861435	chr2	37071001	37072000	17_EnhW2	3013
chr2	37078838	37078839	rs3770781	chr2	37082601	37083200	17_EnhW2	3763
chr2	37079582	37079583	rs62132522	chr2	37082601	37083200	17_EnhW2	3019
chr2	37081211	37081212	rs5830444	chr2	37082601	37083200	17_EnhW2	1390
chr2	37086196	37086197	rs2245109	chr2	37082601	37083200	17_EnhW2	2997
chr2	37090232	37090233	rs2110944	chr2	37082601	37083200	17_EnhW2	7033
chr2	37090896	37090897	rs2540926	chr2	37082601	37083200	17_EnhW2	7697
chr2	37095138	37095139	rs6752845	chr2	37082601	37083200	17_EnhW2	11939
chr2	37095396	37095397	rs34989109	chr2	37082601	37083200	17_EnhW2	12197
chr2	37097008	37097009	rs2110942	chr2	37082601	37083200	17_EnhW2	13809
chr2	37099338	37099339	rs2252032	chr2	37082601	37083200	17_EnhW2	16139
chr2	37102248	37102249	rs17496249	chr2	37082601	37083200	17_EnhW2	19049
chr2	37102619	37102620	rs12476515	chr2	37082601	37083200	17_EnhW2	19420
chr2	37111044	37111045	rs2691106	chr2	37082601	37083200	17_EnhW2	27845
chr2	37115781	37115782	rs70946958	chr2	37145801	37146800	15_EnhAF	30020
chr2	37117072	37117073	rs888083	chr2	37145801	37146800	15_EnhAF	28729
chr2	37117501	37117502	rs17443495	chr2	37145801	37146800	15_EnhAF	28300
chr2	37118664	37118665	rs66993681	chr2	37145801	37146800	15_EnhAF	27137
chr2	37122551	37122552	rs2717493	chr2	37145801	37146800	15_EnhAF	23250
chr2	37123382	37123383	rs2003585	chr2	37145801	37146800	15_EnhAF	22419
chr2	37124754	37124755	rs2691112	chr2	37145801	37146800	15_EnhAF	21047
chr2	37132111	37132112	rs199913588	chr2	37145801	37146800	15_EnhAF	13690
chr2	37133126	37133127	rs3845778	chr2	37145801	37146800	15_EnhAF	12675
chr2	37134091	37134092	rs79579364	chr2	37145801	37146800	15_EnhAF	11710
chr2	37136035	37136036	rs7592902	chr2	37145801	37146800	15_EnhAF	9766
chr2	37136637	37136638	rs13418962	chr2	37145801	37146800	15_EnhAF	9164
chr2	37136759	37136760	rs57747847	chr2	37145801	37146800	15_EnhAF	9042
chr2	37137252	37137253	rs4016033	chr2	37145801	37146800	15_EnhAF	8549
chr2	37138045	37138046	rs7573966	chr2	37145801	37146800	15_EnhAF	7756
chr2	37138464	37138465	rs45504994	chr2	37145801	37146800	15_EnhAF	7337
chr2	37140712	37140713	rs28527412	chr2	37145801	37146800	15_EnhAF	5089
chr2	37141084	37141085	rs62132550	chr2	37145801	37146800	15_EnhAF	4717
chr2	37141335	37141336	rs7561572	chr2	37145801	37146800	15_EnhAF	4466
chr2	37141494	37141495	rs7588378	chr2	37145801	37146800	15_EnhAF	4307
chr2	37144194	37144195	rs3770778	chr2	37145801	37146800	15_EnhAF	1607
chr2	37147227	37147228	rs33946465	chr2	37145801	37146800	15_EnhAF	428
chr2	37147974	37147975	rs7605601	chr2	37145801	37146800	15_EnhAF	1175
chr2	37149497	37149498	rs11124554	chr2	37145801	37146800	15_EnhAF	2698
chr2	37150530	37150531	rs11681167	chr2	37153201	37154000	17_EnhW2	2671
chr2	37150792	37150793	rs3770776	chr2	37153201	37154000	17_EnhW2	2409
chr2	37151497	37151498	rs35060141	chr2	37153201	37154000	17_EnhW2	1704
chr2	37152898	37152899	rs2372785	chr2	37153201	37154000	17_EnhW2	303
chr2	37154424	37154425	rs2110994	chr2	37153201	37154000	17_EnhW2	425
chr2	37155248	37155249	rs17020071	chr2	37153201	37154000	17_EnhW2	1249
chr2	37158166	37158167	rs62132558	chr2	37158201	37158400	15_EnhAF	35
chr2	37159798	37159799	rs2372786	chr2	37158201	37158400	15_EnhAF	1399
chr2	37167190	37167191	rs58370258	chr2	37158201	37158400	15_EnhAF	8791
chr2	37169048	37169049	rs10193295	chr2	37179401	37180200	17_EnhW2	10353
chr2	37172624	37172625	rs62135860	chr2	37179401	37180200	17_EnhW2	6777
chr2	37175443	37175444	rs11695609	chr2	37179401	37180200	17_EnhW2	3958
chr2	37176212	37176213	rs11124555	chr2	37179401	37180200	17_EnhW2	3189
chr2	37184484	37184485	rs4016036	chr2	37179401	37180200	17_EnhW2	4285
chr2	37189295	37189296	rs3845780	chr2	37194801	37195800	16_EnhW1	5506
chr2	37192494	37192495	rs3770774	chr2	37194801	37195800	16_EnhW1	2307
chr2	37197372	37197373	rs58717433	chr2	37194801	37195800	16_EnhW1	1573
chr2	37199726	37199727	rs2110992	chr2	37200001	37200200	17_EnhW2	275
chr2	37201670	37201671	rs111361006	chr2	37200001	37200200	17_EnhW2	1471
chr2	37202707	37202708	rs4670643	chr2	37200001	37200200	17_EnhW2	2508
chr2	37209683	37209684	rs11124556	chr2	37200001	37200200	17_EnhW2	9484
chr2	37210515	37210516	rs200810025	chr2	37200001	37200200	17_EnhW2	10316
chr2	37220942	37220943	rs4670647	chr2	37238201	37238400	17_EnhW2	17259
chr2	37223719	37223720	rs13420311	chr2	37238201	37238400	17_EnhW2	14482
chr2	37224124	37224125	rs11417751	chr2	37238201	37238400	17_EnhW2	14077
chr2	37224186	37224187	rs6544050	chr2	37238201	37238400	17_EnhW2	14015
chr2	37232013	37232014	rs2247935	chr2	37238201	37238400	17_EnhW2	6188
chr2	37244321	37244322	rs10192867	chr2	37248801	37249000	17_EnhW2	4480
chr2	37253432	37253433	rs12104444	chr2	37248801	37249000	17_EnhW2	4433
chr2	37253686	37253687	rs12105601	chr2	37248801	37249000	17_EnhW2	4687
chr2	37254034	37254035	rs13394987	chr2	37248801	37249000	17_EnhW2	5035
chr2	71941149	71941150	rs7598653	chr2	71928001	71928600	17_EnhW2	12550
chr2	71943246	71943247	rs2589513	chr2	71928001	71928600	17_EnhW2	14647
chr2	71945443	71945444	rs749314	chr2	71928001	71928600	17_EnhW2	16844
chr2	71949887	71949888	rs10198353	chr2	71928001	71928600	17_EnhW2	21288
chr2	71951049	71951050	rs9789361	chr2	71928001	71928600	17_EnhW2	22450
chr2	71951666	71951667	rs34754475	chr2	71973801	71974600	17_EnhW2	22135
chr2	71952795	71952796	rs1365975	chr2	71973801	71974600	17_EnhW2	21006
chr2	71953685	71953686	rs6749644	chr2	71973801	71974600	17_EnhW2	20116
chr2	71954467	71954468	rs6760396	chr2	71973801	71974600	17_EnhW2	19334
chr2	71955771	71955772	rs2217222	chr2	71973801	71974600	17_EnhW2	18030
chr2	71955854	71955855	rs2195193	chr2	71973801	71974600	17_EnhW2	17947
chr2	71955994	71955995	rs2195194	chr2	71973801	71974600	17_EnhW2	17807
chr2	71956042	71956043	rs12475748	chr2	71973801	71974600	17_EnhW2	17759
chr2	71956470	71956471	rs13018971	chr2	71973801	71974600	17_EnhW2	17331
chr2	71958302	71958303	rs4417739	chr2	71973801	71974600	17_EnhW2	15499
chr2	71958436	71958437	rs2419759	chr2	71973801	71974600	17_EnhW2	15365
chr2	71958448	71958449	rs4401226	chr2	71973801	71974600	17_EnhW2	15353
chr2	71958479	71958480	rs2900976	chr2	71973801	71974600	17_EnhW2	15322
chr2	71958591	71958592	rs2419760	chr2	71973801	71974600	17_EnhW2	15210
chr2	71958861	71958862	rs6719862	chr2	71973801	71974600	17_EnhW2	14940
chr2	71959138	71959139	rs2900977	chr2	71973801	71974600	17_EnhW2	14663
chr2	71960287	71960288	rs4852824	chr2	71973801	71974600	17_EnhW2	13514
chr2	71961306	71961307	rs12466122	chr2	71973801	71974600	17_EnhW2	12495
chr2	71961720	71961721	rs11126343	chr2	71973801	71974600	17_EnhW2	12081
chr2	71961786	71961787	rs113094343	chr2	71973801	71974600	17_EnhW2	12015
chr2	71962450	71962451	rs12987560	chr2	71973801	71974600	17_EnhW2	11351
chr2	71965628	71965629	rs4643567	chr2	71973801	71974600	17_EnhW2	8173
chr2	71965758	71965759	rs4481011	chr2	71973801	71974600	17_EnhW2	8043
chr2	71968398	71968399	rs13016097	chr2	71973801	71974600	17_EnhW2	5403
chr2	71972142	71972143	rs6725822	chr2	71973801	71974600	17_EnhW2	1659
chr2	71972578	71972579	rs6726430	chr2	71973801	71974600	17_EnhW2	1223
chr2	71975452	71975453	rs11126344	chr2	71975401	71975800	17_EnhW2	0
chr2	71977196	71977197	rs1459265	chr2	71976801	71977000	17_EnhW2	197
chr2	71977238	71977239	rs6724498	chr2	71976801	71977000	17_EnhW2	239
chr2	71977553	71977554	rs6740021	chr2	71976801	71977000	17_EnhW2	554
chr2	71980268	71980269	rs1427687	chr2	71983001	71984400	17_EnhW2	2733
chr2	71981392	71981393	rs1947641	chr2	71983001	71984400	17_EnhW2	1609
chr2	71981933	71981934	rs12477144	chr2	71983001	71984400	17_EnhW2	1068
chr2	71982454	71982455	rs7593865	chr2	71983001	71984400	17_EnhW2	547
chr2	71983081	71983082	rs13010457	chr2	71983001	71984400	17_EnhW2	0
chr2	71986419	71986420	rs7570634	chr2	71983001	71984400	17_EnhW2	2020
chr2	71988941	71988942	rs6728798	chr2	71983001	71984400	17_EnhW2	4542
chr2	71990604	71990605	rs13012656	chr2	71983001	71984400	17_EnhW2	6205
chr2	71991191	71991192	rs35269799	chr2	71983001	71984400	17_EnhW2	6792
chr2	71991195	71991196	rs3925118	chr2	71983001	71984400	17_EnhW2	6796
chr2	71991625	71991626	rs6711543	chr2	71983001	71984400	17_EnhW2	7226
chr2	71991756	71991757	rs35160671	chr2	71983001	71984400	17_EnhW2	7357
chr2	71993618	71993619	rs13033187	chr2	71983001	71984400	17_EnhW2	9219
chr2	71993962	71993963	rs6748598	chr2	71983001	71984400	17_EnhW2	9563
chr2	71994565	71994566	rs11126345	chr2	71983001	71984400	17_EnhW2	10166
chr2	71999801	71999802	rs2419770	chr2	72006401	72007000	17_EnhW2	6600
chr2	133514241	133514242	rs138934657	chr2	133518401	133518800	17_EnhW2	4160
chr2	133515845	133515846	rs73957656	chr2	133518401	133518800	17_EnhW2	2556
chr2	133516969	133516970	rs72844792	chr2	133518401	133518800	17_EnhW2	1432
chr2	133517976	133517977	rs72844794	chr2	133518401	133518800	17_EnhW2	425
chr2	133518609	133518610	rs150477177	chr2	133518401	133518800	17_EnhW2	0
chr2	133519027	133519028	rs74579064	chr2	133518401	133518800	17_EnhW2	228
chr2	133519759	133519760	rs72844795	chr2	133518401	133518800	17_EnhW2	960
chr2	133520191	133520192	rs16840842	chr2	133518401	133518800	17_EnhW2	1392
chr2	133520304	133520305	rs16840849	chr2	133518401	133518800	17_EnhW2	1505
chr2	133520516	133520517	rs67767426	chr2	133518401	133518800	17_EnhW2	1717
chr2	133521230	133521231	rs10496692	chr2	133518401	133518800	17_EnhW2	2431
chr2	133521874	133521875	rs68149408	chr2	133518401	133518800	17_EnhW2	3075
chr2	133522215	133522216	rs149242858	chr2	133518401	133518800	17_EnhW2	3416
chr2	133522414	133522415	rs72844797	chr2	133518401	133518800	17_EnhW2	3615
chr2	133523454	133523455	rs72844799	chr2	133518401	133518800	17_EnhW2	4655
chr2	133525285	133525286	rs72844800	chr2	133518401	133518800	17_EnhW2	6486
chr2	133526234	133526235	rs182997192	chr2	133518401	133518800	17_EnhW2	7435
chr2	133527059	133527060	rs67540832	chr2	133518401	133518800	17_EnhW2	8260
chr2	133527525	133527526	rs72844801	chr2	133518401	133518800	17_EnhW2	8726
chr2	133528651	133528652	rs72844802	chr2	133518401	133518800	17_EnhW2	9852
chr2	133529457	133529458	rs111763437	chr2	133518401	133518800	17_EnhW2	10658
chr2	133529792	133529793	rs67872798	chr2	133518401	133518800	17_EnhW2	10993
chr2	170151745	170151746	rs16856759	chr2	170147201	170149000	17_EnhW2	2746
chr2	170152285	170152286	rs2673165	chr2	170147201	170149000	17_EnhW2	3286
chr2	170152351	170152352	rs11301096	chr2	170147201	170149000	17_EnhW2	3352
chr2	170153325	170153326	rs13396247	chr2	170156401	170158600	17_EnhW2	3076
chr2	170153525	170153526	rs2673164	chr2	170156401	170158600	17_EnhW2	2876
chr2	170154481	170154482	rs10548576	chr2	170156401	170158600	17_EnhW2	1920
chr2	170155246	170155247	rs9287914	chr2	170156401	170158600	17_EnhW2	1155
chr2	170156030	170156031	rs3770616	chr2	170156401	170158600	17_EnhW2	371
chr2	170156047	170156048	rs34543659	chr2	170156401	170158600	17_EnhW2	354
chr2	170156205	170156206	rs7575260	chr2	170156401	170158600	17_EnhW2	196
chr2	170156879	170156880	rs830964	chr2	170156401	170158600	17_EnhW2	0
chr2	170156944	170156945	rs59551931	chr2	170156401	170158600	17_EnhW2	0
chr2	170156989	170156990	rs4667600	chr2	170156401	170158600	17_EnhW2	0
chr2	170157399	170157400	rs3914468	chr2	170156401	170158600	17_EnhW2	0
chr2	170161594	170161595	rs7600757	chr2	170160001	170160200	17_EnhW2	1395
chr2	188075496	188075497	rs13427277	chr2	188080401	188080600	17_EnhW2	4905
chr2	188077392	188077393	rs36001850	chr2	188080401	188080600	17_EnhW2	3009
chr2	188081695	188081696	rs141355057	chr2	188080401	188080600	17_EnhW2	1096
chr2	188083122	188083123	rs13424740	chr2	188080401	188080600	17_EnhW2	2523
chr2	188083299	188083300	rs7593799	chr2	188080401	188080600	17_EnhW2	2700
chr2	188084468	188084469	rs62172508	chr2	188080401	188080600	17_EnhW2	3869
chr2	188084534	188084535	rs62172509	chr2	188080401	188080600	17_EnhW2	3935
chr2	188086886	188086887	rs1528239	chr2	188089401	188089600	15_EnhAF	2515
chr2	188087665	188087666	rs11694265	chr2	188089401	188089600	15_EnhAF	1736
chr2	188087886	188087887	rs11683016	chr2	188089401	188089600	15_EnhAF	1515
chr2	188088526	188088527	rs1528241	chr2	188089401	188089600	15_EnhAF	875
chr2	188091510	188091511	rs1918902	chr2	188089601	188090800	18_EnhAc	711
chr2	188093670	188093671	rs62172510	chr2	188089601	188090800	18_EnhAc	2871
chr2	188099668	188099669	rs142092374	chr2	188089601	188090800	18_EnhAc	8869
chr2	188100093	188100094	rs11680724	chr2	188089601	188090800	18_EnhAc	9294
chr2	188109421	188109422	rs201083572	chr2	188127401	188128000	17_EnhW2	17980
chr2	188112035	188112036	rs2049693	chr2	188127401	188128000	17_EnhW2	15366
chr2	188112486	188112487	rs13390389	chr2	188127401	188128000	17_EnhW2	14915
chr2	188115397	188115398	rs1569135	chr2	188127401	188128000	17_EnhW2	12004
chr2	188116195	188116196	rs13404250	chr2	188127401	188128000	17_EnhW2	11206
chr2	188116909	188116910	rs36194161	chr2	188127401	188128000	17_EnhW2	10492
chr2	188119379	188119380	rs17705202	chr2	188127401	188128000	17_EnhW2	8022
chr2	188119753	188119754	rs6715210	chr2	188127401	188128000	17_EnhW2	7648
chr2	188122282	188122283	rs11893895	chr2	188127401	188128000	17_EnhW2	5119
chr2	188123378	188123379	rs10931281	chr2	188127401	188128000	17_EnhW2	4023
chr2	188125531	188125532	rs10197758	chr2	188127401	188128000	17_EnhW2	1870
chr2	188125849	188125850	rs13383378	chr2	188127401	188128000	17_EnhW2	1552
chr2	188126126	188126127	rs62172531	chr2	188127401	188128000	17_EnhW2	1275
chr2	188126630	188126631	rs1918906	chr2	188127401	188128000	17_EnhW2	771
chr2	188127129	188127130	rs13387337	chr2	188127401	188128000	17_EnhW2	272
chr2	188127330	188127331	rs62172532	chr2	188127401	188128000	17_EnhW2	71
chr2	188128391	188128392	rs6742071	chr2	188128001	188128600	15_EnhAF	0
chr2	188128677	188128678	rs13431546	chr2	188128601	188129000	17_EnhW2	0
chr2	188128890	188128891	rs144762405	chr2	188128601	188129000	17_EnhW2	0
chr2	188129126	188129127	rs13406361	chr2	188129001	188129200	14_EnhA2	0
chr2	188129232	188129233	rs13432218	chr2	188129201	188129800	17_EnhW2	0
chr2	188130615	188130616	rs13432996	chr2	188129201	188129800	17_EnhW2	816
chr2	188131584	188131585	rs62172533	chr2	188129201	188129800	17_EnhW2	1785
chr2	188131715	188131716	rs147418701	chr2	188129201	188129800	17_EnhW2	1916
chr2	188132221	188132222	rs4436927	chr2	188129201	188129800	17_EnhW2	2422
chr2	188132396	188132397	rs13018456	chr2	188129201	188129800	17_EnhW2	2597
chr2	188132505	188132506	rs4441433	chr2	188129201	188129800	17_EnhW2	2706
chr2	188137240	188137241	rs62172534	chr2	188129201	188129800	17_EnhW2	7441
chr2	188137850	188137851	rs1950020	chr2	188129201	188129800	17_EnhW2	8051
chr2	188138255	188138256	rs1950019	chr2	188129201	188129800	17_EnhW2	8456
chr2	188139291	188139292	rs4356630	chr2	188129201	188129800	17_EnhW2	9492
chr2	188139929	188139930	rs72896770	chr2	188129201	188129800	17_EnhW2	10130
chr2	188140296	188140297	rs11688138	chr2	188129201	188129800	17_EnhW2	10497
chr2	188140490	188140491	rs62172535	chr2	188129201	188129800	17_EnhW2	10691
chr2	188141366	188141367	rs13020893	chr2	188129201	188129800	17_EnhW2	11567
chr2	188141689	188141690	rs4667159	chr2	188129201	188129800	17_EnhW2	11890
chr2	188142120	188142121	rs13389733	chr2	188129201	188129800	17_EnhW2	12321
chr2	188142165	188142166	rs144875941	chr2	188129201	188129800	17_EnhW2	12366
chr2	188142958	188142959	rs10174643	chr2	188129201	188129800	17_EnhW2	13159
chr2	188143074	188143075	rs10174942	chr2	188129201	188129800	17_EnhW2	13275
chr2	188143093	188143094	rs10187342	chr2	188129201	188129800	17_EnhW2	13294
chr2	188143556	188143557	rs62172536	chr2	188129201	188129800	17_EnhW2	13757
chr2	188143599	188143600	rs62172537	chr2	188129201	188129800	17_EnhW2	13800
chr2	188143936	188143937	rs1918900	chr2	188129201	188129800	17_EnhW2	14137
chr2	188144514	188144515	rs13397298	chr2	188129201	188129800	17_EnhW2	14715
chr2	188144521	188144522	rs200585771	chr2	188129201	188129800	17_EnhW2	14722
chr2	188144522	188144523	rs13422676	chr2	188129201	188129800	17_EnhW2	14723
chr2	188144622	188144623	rs13413480	chr2	188129201	188129800	17_EnhW2	14823
chr2	188144641	188144642	rs12693468	chr2	188129201	188129800	17_EnhW2	14842
chr2	188146886	188146887	rs62172550	chr2	188129201	188129800	17_EnhW2	17087
chr2	188148848	188148849	rs1098424	chr2	188164201	188164600	17_EnhW2	15353
chr2	188149141	188149142	rs1098425	chr2	188164201	188164600	17_EnhW2	15060
chr2	188149334	188149335	rs11688157	chr2	188164201	188164600	17_EnhW2	14867
chr2	188149414	188149415	rs11688116	chr2	188164201	188164600	17_EnhW2	14787
chr2	188150148	188150149	rs13392947	chr2	188164201	188164600	17_EnhW2	14053
chr2	188150213	188150214	rs13418561	chr2	188164201	188164600	17_EnhW2	13988
chr2	188150328	188150329	rs60343740	chr2	188164201	188164600	17_EnhW2	13873
chr2	188152052	188152053	rs3079450	chr2	188164201	188164600	17_EnhW2	12149
chr2	188152165	188152166	rs1706246	chr2	188164201	188164600	17_EnhW2	12036
chr2	188152748	188152749	rs7606059	chr2	188164201	188164600	17_EnhW2	11453
chr2	188152855	188152856	rs7592141	chr2	188164201	188164600	17_EnhW2	11346
chr2	188152942	188152943	rs7592255	chr2	188164201	188164600	17_EnhW2	11259
chr2	188153307	188153308	rs10190916	chr2	188164201	188164600	17_EnhW2	10894
chr2	188153332	188153333	rs1728666	chr2	188164201	188164600	17_EnhW2	10869
chr2	188153420	188153421	rs1728667	chr2	188164201	188164600	17_EnhW2	10781
chr2	188153661	188153662	rs1728668	chr2	188164201	188164600	17_EnhW2	10540
chr2	188153717	188153718	rs1706249	chr2	188164201	188164600	17_EnhW2	10484
chr2	188153874	188153875	rs1728669	chr2	188164201	188164600	17_EnhW2	10327
chr2	188154356	188154357	rs1728670	chr2	188164201	188164600	17_EnhW2	9845
chr2	188154488	188154489	rs1528229	chr2	188164201	188164600	17_EnhW2	9713
chr2	188154824	188154825	rs1528230	chr2	188164201	188164600	17_EnhW2	9377
chr2	188155298	188155299	rs67736541	chr2	188164201	188164600	17_EnhW2	8903
chr2	188155443	188155444	rs1706251	chr2	188164201	188164600	17_EnhW2	8758
chr2	188156424	188156425	rs1728672	chr2	188164201	188164600	17_EnhW2	7777
chr2	188156451	188156452	rs1728673	chr2	188164201	188164600	17_EnhW2	7750
chr2	188156577	188156578	rs1706252	chr2	188164201	188164600	17_EnhW2	7624
chr2	188156634	188156635	rs1706253	chr2	188164201	188164600	17_EnhW2	7567
chr2	188156907	188156908	rs1706254	chr2	188164201	188164600	17_EnhW2	7294
chr2	188156935	188156936	rs144274160	chr2	188164201	188164600	17_EnhW2	7266
chr2	188156936	188156937	rs74178551	chr2	188164201	188164600	17_EnhW2	7265
chr2	188157116	188157117	rs1628318	chr2	188164201	188164600	17_EnhW2	7085
chr2	188157328	188157329	rs1881284	chr2	188164201	188164600	17_EnhW2	6873
chr2	188157331	188157332	rs1881285	chr2	188164201	188164600	17_EnhW2	6870
chr2	188157666	188157667	rs858919	chr2	188164201	188164600	17_EnhW2	6535
chr2	188157673	188157674	rs861458	chr2	188164201	188164600	17_EnhW2	6528
chr2	188159177	188159178	rs844479	chr2	188164201	188164600	17_EnhW2	5024
chr2	188159272	188159273	rs860860	chr2	188164201	188164600	17_EnhW2	4929
chr2	188159749	188159750	rs840600	chr2	188164201	188164600	17_EnhW2	4452
chr2	188159886	188159887	rs840601	chr2	188164201	188164600	17_EnhW2	4315
chr2	188160900	188160901	rs840603	chr2	188164201	188164600	17_EnhW2	3301
chr2	188160924	188160925	rs840604	chr2	188164201	188164600	17_EnhW2	3277
chr2	188161210	188161211	rs68046459	chr2	188164201	188164600	17_EnhW2	2991
chr2	188163249	188163250	rs17756804	chr2	188164201	188164600	17_EnhW2	952
chr2	188165950	188165951	rs2203117	chr2	188166801	188167400	17_EnhW2	851
chr2	188166856	188166857	rs1728678	chr2	188166801	188167400	17_EnhW2	0
chr2	188166861	188166862	rs1706273	chr2	188166801	188167400	17_EnhW2	0
chr2	188166880	188166881	rs4667160	chr2	188166801	188167400	17_EnhW2	0
chr2	188167104	188167105	rs840578	chr2	188166801	188167400	17_EnhW2	0
chr2	188167829	188167830	rs865763	chr2	188166801	188167400	17_EnhW2	430
chr2	188168058	188168059	rs840577	chr2	188168601	188169000	17_EnhW2	543
chr2	188168349	188168350	rs840576	chr2	188168601	188169000	17_EnhW2	252
chr2	188170059	188170060	rs1540859	chr2	188169801	188170000	17_EnhW2	60
chr2	188170150	188170151	rs1528236	chr2	188169801	188170000	17_EnhW2	151
chr2	188171067	188171068	rs840574	chr2	188169801	188170000	17_EnhW2	1068
chr2	188171252	188171253	rs840572	chr2	188169801	188170000	17_EnhW2	1253
chr2	188171336	188171337	rs10191833	chr2	188169801	188170000	17_EnhW2	1337
chr2	188171675	188171676	rs840571	chr2	188169801	188170000	17_EnhW2	1676
chr2	188172351	188172352	rs67679062	chr2	188169801	188170000	17_EnhW2	2352
chr2	188172676	188172677	rs840570	chr2	188169801	188170000	17_EnhW2	2677
chr2	188172978	188172979	rs68048637	chr2	188169801	188170000	17_EnhW2	2979
chr2	188173124	188173125	rs840569	chr2	188169801	188170000	17_EnhW2	3125
chr2	188173206	188173207	rs840568	chr2	188169801	188170000	17_EnhW2	3207
chr2	188174432	188174433	rs840567	chr2	188177801	188178000	17_EnhW2	3369
chr2	188175033	188175034	rs840564	chr2	188177801	188178000	17_EnhW2	2768
chr2	188175385	188175386	rs10181845	chr2	188177801	188178000	17_EnhW2	2416
chr2	188175773	188175774	rs71782390	chr2	188177801	188178000	17_EnhW2	2028
chr2	188175995	188175996	rs145254781	chr2	188177801	188178000	17_EnhW2	1806
chr2	188177198	188177199	rs10534640	chr2	188177801	188178000	17_EnhW2	603
chr2	188177313	188177314	rs13013355	chr2	188177801	188178000	17_EnhW2	488
chr2	188177707	188177708	rs150257437	chr2	188177801	188178000	17_EnhW2	94
chr2	188178479	188178480	rs840597	chr2	188177801	188178000	17_EnhW2	480
chr2	188178523	188178524	rs840596	chr2	188177801	188178000	17_EnhW2	524
chr2	188179493	188179494	rs840595	chr2	188177801	188178000	17_EnhW2	1494
chr2	188181194	188181195	rs2308093	chr2	188177801	188178000	17_EnhW2	3195
chr2	188181340	188181341	rs840593	chr2	188177801	188178000	17_EnhW2	3341
chr2	188181423	188181424	rs840591	chr2	188177801	188178000	17_EnhW2	3424
chr2	188181578	188181579	rs5837027	chr2	188177801	188178000	17_EnhW2	3579
chr2	188181913	188181914	rs840590	chr2	188177801	188178000	17_EnhW2	3914
chr2	188182526	188182527	rs840589	chr2	188177801	188178000	17_EnhW2	4527
chr2	188182660	188182661	rs13409829	chr2	188177801	188178000	17_EnhW2	4661
chr2	188183780	188183781	rs840588	chr2	188177801	188178000	17_EnhW2	5781
chr2	188183804	188183805	rs840587	chr2	188177801	188178000	17_EnhW2	5805
chr2	188183893	188183894	rs148493699	chr2	188177801	188178000	17_EnhW2	5894
chr2	188183917	188183918	rs840586	chr2	188177801	188178000	17_EnhW2	5918
chr2	188184434	188184435	rs840585	chr2	188177801	188178000	17_EnhW2	6435
chr2	188184499	188184500	rs880890	chr2	188177801	188178000	17_EnhW2	6500
chr2	188185286	188185287	rs907463	chr2	188177801	188178000	17_EnhW2	7287
chr2	188186078	188186079	rs840584	chr2	188177801	188178000	17_EnhW2	8079
chr2	188186319	188186320	rs840583	chr2	188177801	188178000	17_EnhW2	8320
chr2	188190583	188190584	rs840581	chr2	188177801	188178000	17_EnhW2	12584
chr2	188191050	188191051	rs840580	chr2	188177801	188178000	17_EnhW2	13051
chr2	188191833	188191834	rs6758089	chr2	188177801	188178000	17_EnhW2	13834
chr2	188192018	188192019	rs13031901	chr2	188177801	188178000	17_EnhW2	14019
chr2	188193462	188193463	rs1728680	chr2	188177801	188178000	17_EnhW2	15463
chr2	188194922	188194923	rs57701960	chr2	188177801	188178000	17_EnhW2	16923
chr2	188195364	188195365	rs863972	chr2	188177801	188178000	17_EnhW2	17365
chr2	188196468	188196469	rs840616	chr2	188177801	188178000	17_EnhW2	18469
chr2	188198445	188198446	rs840611	chr2	188177801	188178000	17_EnhW2	20446
chr2	188198651	188198652	rs10174456	chr2	188177801	188178000	17_EnhW2	20652
chr2	188199582	188199583	rs840609	chr2	188177801	188178000	17_EnhW2	21583
chr2	188199740	188199741	rs60803191	chr2	188177801	188178000	17_EnhW2	21741
chr2	188201215	188201216	rs17707196	chr2	188177801	188178000	17_EnhW2	23216
chr2	188202672	188202673	rs3106352	chr2	188177801	188178000	17_EnhW2	24673
chr2	188202988	188202989	rs3106351	chr2	188177801	188178000	17_EnhW2	24989
chr2	188203847	188203848	rs1706262	chr2	188177801	188178000	17_EnhW2	25848
chr2	188204915	188204916	rs1706261	chr2	188177801	188178000	17_EnhW2	26916
chr2	188205597	188205598	rs1609268	chr2	188177801	188178000	17_EnhW2	27598
chr2	188206663	188206664	rs1706276	chr2	188177801	188178000	17_EnhW2	28664
chr2	188206952	188206953	rs1728690	chr2	188177801	188178000	17_EnhW2	28953
chr2	188207244	188207245	rs1528233	chr2	188177801	188178000	17_EnhW2	29245
chr2	188208011	188208012	rs1632282	chr2	188177801	188178000	17_EnhW2	30012
chr2	188209708	188209709	rs860859	chr2	188177801	188178000	17_EnhW2	31709
chr2	188210213	188210214	rs696092	chr2	188177801	188178000	17_EnhW2	32214
chr2	188213234	188213235	rs698593	chr2	188177801	188178000	17_EnhW2	35235
chr2	188213818	188213819	rs10177093	chr2	188177801	188178000	17_EnhW2	35819
chr2	188214238	188214239	rs698592	chr2	188177801	188178000	17_EnhW2	36239
chr2	188214822	188214823	rs698590	chr2	188177801	188178000	17_EnhW2	36823
chr2	188214923	188214924	rs698588	chr2	188177801	188178000	17_EnhW2	36924
chr2	188216782	188216783	rs858744	chr2	188177801	188178000	17_EnhW2	38783
chr2	188217499	188217500	rs1398057	chr2	188177801	188178000	17_EnhW2	39500
chr2	188221792	188221793	rs36146505	chr2	188177801	188178000	17_EnhW2	43793
chr2	188227007	188227008	rs698583	chr2	188268601	188273200	17_EnhW2	41594
chr2	188227612	188227613	rs1983492	chr2	188268601	188273200	17_EnhW2	40989
chr2	188227920	188227921	rs698582	chr2	188268601	188273200	17_EnhW2	40681
chr2	188229006	188229007	rs13430665	chr2	188268601	188273200	17_EnhW2	39595
chr2	188229819	188229820	rs698579	chr2	188268601	188273200	17_EnhW2	38782
chr2	188233713	188233714	rs858756	chr2	188268601	188273200	17_EnhW2	34888
chr2	188234519	188234520	rs13430354	chr2	188268601	188273200	17_EnhW2	34082
chr2	188234927	188234928	rs860846	chr2	188268601	188273200	17_EnhW2	33674
chr2	188235257	188235258	rs858758	chr2	188268601	188273200	17_EnhW2	33344
chr2	188235610	188235611	rs858759	chr2	188268601	188273200	17_EnhW2	32991
chr2	188235999	188236000	rs13411274	chr2	188268601	188273200	17_EnhW2	32602
chr2	188236457	188236458	rs11296466	chr2	188268601	188273200	17_EnhW2	32144
chr2	188237867	188237868	rs59400383	chr2	188268601	188273200	17_EnhW2	30734
chr2	188238100	188238101	rs6759535	chr2	188268601	188273200	17_EnhW2	30501
chr2	188241518	188241519	rs6744012	chr2	188268601	188273200	17_EnhW2	27083
chr2	188241952	188241953	rs6434219	chr2	188268601	188273200	17_EnhW2	26649
chr2	188243632	188243633	rs3771084	chr2	188268601	188273200	17_EnhW2	24969
chr2	188243939	188243940	rs2030976	chr2	188268601	188273200	17_EnhW2	24662
chr2	188244429	188244430	rs12621307	chr2	188268601	188273200	17_EnhW2	24172
chr2	188248726	188248727	rs3836100	chr2	188268601	188273200	17_EnhW2	19875
chr2	188249419	188249420	rs3821184	chr2	188268601	188273200	17_EnhW2	19182
chr2	188250859	188250860	rs150581356	chr2	188268601	188273200	17_EnhW2	17742
chr2	188251426	188251427	rs146179051	chr2	188268601	188273200	17_EnhW2	17175
chr2	188251431	188251432	rs13002070	chr2	188268601	188273200	17_EnhW2	17170
chr2	188252410	188252411	rs6753700	chr2	188268601	188273200	17_EnhW2	16191
chr2	188254172	188254173	rs9288140	chr2	188268601	188273200	17_EnhW2	14429
chr2	188255236	188255237	rs3836099	chr2	188268601	188273200	17_EnhW2	13365
chr2	188257984	188257985	rs1398061	chr2	188268601	188273200	17_EnhW2	10617
chr2	188260400	188260401	rs3771081	chr2	188268601	188273200	17_EnhW2	8201
chr2	188260746	188260747	rs5837034	chr2	188268601	188273200	17_EnhW2	7855
chr2	188260911	188260912	rs111294283	chr2	188268601	188273200	17_EnhW2	7690
chr2	188265241	188265242	rs2349313	chr2	188268601	188273200	17_EnhW2	3360
chr2	188265542	188265543	rs10931288	chr2	188268601	188273200	17_EnhW2	3059
chr2	188269684	188269685	rs2349315	chr2	188268601	188273200	17_EnhW2	0
chr2	188270336	188270337	rs3771078	chr2	188268601	188273200	17_EnhW2	0
chr2	188271818	188271819	rs10931289	chr2	188268601	188273200	17_EnhW2	0
chr2	188272459	188272460	rs6719550	chr2	188268601	188273200	17_EnhW2	0
chr2	188273828	188273829	rs72902495	chr2	188273201	188274600	15_EnhAF	0
chr2	188276583	188276584	rs111917980	chr2	188274601	188275400	17_EnhW2	1184
chr2	188277122	188277123	rs3771076	chr2	188274601	188275400	17_EnhW2	1723
chr2	188278034	188278035	rs3821180	chr2	188274601	188275400	17_EnhW2	2635
chr2	188278202	188278203	rs17464221	chr2	188274601	188275400	17_EnhW2	2803
chr2	188278821	188278822	rs17367055	chr2	188274601	188275400	17_EnhW2	3422
chr2	188280895	188280896	rs67285003	chr2	188282601	188282800	17_EnhW2	1706
chr2	188282329	188282330	rs2882203	chr2	188282601	188282800	17_EnhW2	272
chr2	188283060	188283061	rs11685426	chr2	188282601	188282800	17_EnhW2	261
chr2	188284126	188284127	rs11896404	chr2	188282601	188282800	17_EnhW2	1327
chr2	188286216	188286217	rs3771073	chr2	188288601	188289400	17_EnhW2	2385
chr2	188289171	188289172	rs77376996	chr2	188288601	188289400	17_EnhW2	0
chr2	188289173	188289174	rs62172376	chr2	188288601	188289400	17_EnhW2	0
chr2	188290968	188290969	rs13426120	chr2	188288601	188289400	17_EnhW2	1569
chr2	188291104	188291105	rs7601254	chr2	188288601	188289400	17_EnhW2	1705
chr2	188291722	188291723	rs11903296	chr2	188288601	188289400	17_EnhW2	2323
chr2	188292457	188292458	rs16829016	chr2	188288601	188289400	17_EnhW2	3058
chr2	188293390	188293391	rs11894589	chr2	188288601	188289400	17_EnhW2	3991
chr2	188294597	188294598	rs67751580	chr2	188288601	188289400	17_EnhW2	5198
chr2	188295533	188295534	rs3771067	chr2	188288601	188289400	17_EnhW2	6134
chr2	188297132	188297133	rs12104503	chr2	188288601	188289400	17_EnhW2	7733
chr2	188302052	188302053	rs35183625	chr2	188312801	188313400	16_EnhW1	10749
chr2	188302586	188302587	rs10203781	chr2	188312801	188313400	16_EnhW1	10215
chr2	188304445	188304446	rs7591567	chr2	188312801	188313400	16_EnhW1	8356
chr2	188306984	188306985	rs67492154	chr2	188312801	188313400	16_EnhW1	5817
chr2	188307333	188307334	rs10194145	chr2	188312801	188313400	16_EnhW1	5468
chr2	188307428	188307429	rs10194247	chr2	188312801	188313400	16_EnhW1	5373
chr2	188307746	188307747	rs1355521	chr2	188312801	188313400	16_EnhW1	5055
chr2	188307961	188307962	rs1355520	chr2	188312801	188313400	16_EnhW1	4840
chr2	188308239	188308240	rs2058670	chr2	188312801	188313400	16_EnhW1	4562
chr2	188308603	188308604	rs1355519	chr2	188312801	188313400	16_EnhW1	4198
chr2	188309874	188309875	rs1912850	chr2	188312801	188313400	16_EnhW1	2927
chr2	188310117	188310118	rs1912849	chr2	188312801	188313400	16_EnhW1	2684
chr2	188310304	188310305	rs1912848	chr2	188312801	188313400	16_EnhW1	2497
chr2	188315233	188315234	rs10179705	chr2	188313401	188313600	17_EnhW2	1634
chr2	188315576	188315577	rs10203398	chr2	188313401	188313600	17_EnhW2	1977
chr2	188316180	188316181	rs11897572	chr2	188313401	188313600	17_EnhW2	2581
chr2	188317431	188317432	rs5837039	chr2	188313401	188313600	17_EnhW2	3832
chr2	188318186	188318187	rs11674362	chr2	188313401	188313600	17_EnhW2	4587
chr2	188318202	188318203	rs11691442	chr2	188313401	188313600	17_EnhW2	4603
chr2	188321172	188321173	rs10181823	chr2	188313401	188313600	17_EnhW2	7573
chr2	188321691	188321692	rs11689123	chr2	188313401	188313600	17_EnhW2	8092
chr2	188322023	188322024	rs112495120	chr2	188313401	188313600	17_EnhW2	8424
chr2	188322024	188322025	rs34123470	chr2	188313401	188313600	17_EnhW2	8425
chr2	188322025	188322026	rs199680130	chr2	188313401	188313600	17_EnhW2	8426
chr2	188322036	188322037	rs13029430	chr2	188313401	188313600	17_EnhW2	8437
chr2	188322433	188322434	rs13418253	chr2	188313401	188313600	17_EnhW2	8834
chr2	188322998	188322999	rs36092984	chr2	188313401	188313600	17_EnhW2	9399
chr2	188323310	188323311	rs12987470	chr2	188313401	188313600	17_EnhW2	9711
chr2	188323851	188323852	rs13424790	chr2	188313401	188313600	17_EnhW2	10252
chr2	188324215	188324216	rs13425233	chr2	188313401	188313600	17_EnhW2	10616
chr2	188325079	188325080	rs35722982	chr2	188313401	188313600	17_EnhW2	11480
chr2	188325272	188325273	rs1912847	chr2	188313401	188313600	17_EnhW2	11673
chr2	188325443	188325444	rs1912846	chr2	188313401	188313600	17_EnhW2	11844
chr2	188325473	188325474	rs993954	chr2	188313401	188313600	17_EnhW2	11874
chr2	188325656	188325657	rs36110670	chr2	188313401	188313600	17_EnhW2	12057
chr2	188326004	188326005	rs10174735	chr2	188313401	188313600	17_EnhW2	12405
chr2	188326762	188326763	rs12693471	chr2	188313401	188313600	17_EnhW2	13163
chr2	188326948	188326949	rs10201618	chr2	188313401	188313600	17_EnhW2	13349
chr2	188330136	188330137	rs4667166	chr2	188313401	188313600	17_EnhW2	16537
chr2	188330196	188330197	rs111300670	chr2	188313401	188313600	17_EnhW2	16597
chr2	188330293	188330294	rs12693473	chr2	188313401	188313600	17_EnhW2	16694
chr2	188330294	188330295	rs72023563	chr2	188313401	188313600	17_EnhW2	16695
chr2	188331183	188331184	rs13392310	chr2	188313401	188313600	17_EnhW2	17584
chr2	188332189	188332190	rs3771061	chr2	188313401	188313600	17_EnhW2	18590
chr2	188332691	188332692	rs8176592	chr2	188313401	188313600	17_EnhW2	19092
chr2	188333063	188333064	rs4140885	chr2	188313401	188313600	17_EnhW2	19464
chr2	188334222	188334223	rs763684	chr2	188313401	188313600	17_EnhW2	20623
chr2	188334400	188334401	rs8176583	chr2	188313401	188313600	17_EnhW2	20801
chr2	188335245	188335246	rs8176580	chr2	188313401	188313600	17_EnhW2	21646
chr2	188336096	188336097	rs3771059	chr2	188313401	188313600	17_EnhW2	22497
chr2	188340334	188340335	rs8176548	chr2	188365001	188366200	17_EnhW2	24667
chr2	188340348	188340349	rs8176547	chr2	188365001	188366200	17_EnhW2	24653
chr2	188340395	188340396	rs8176546	chr2	188365001	188366200	17_EnhW2	24606
chr2	188341046	188341047	rs8176541	chr2	188365001	188366200	17_EnhW2	23955
chr2	188343130	188343131	rs7598858	chr2	188365001	188366200	17_EnhW2	21871
chr2	188343496	188343497	rs7586970	chr2	188365001	188366200	17_EnhW2	21505
chr2	188343780	188343781	rs7576066	chr2	188365001	188366200	17_EnhW2	21221
chr2	188345016	188345017	rs8176528	chr2	188365001	188366200	17_EnhW2	19985
chr2	188345321	188345322	rs8176526	chr2	188365001	188366200	17_EnhW2	19680
chr2	188348669	188348670	rs3213739	chr2	188365001	188366200	17_EnhW2	16332
chr2	188350974	188350975	rs8176510	chr2	188365001	188366200	17_EnhW2	14027
chr2	188352061	188352062	rs8176503	chr2	188365001	188366200	17_EnhW2	12940
chr2	188352409	188352410	rs200162398	chr2	188365001	188366200	17_EnhW2	12592
chr2	188353662	188353663	rs8176501	chr2	188365001	188366200	17_EnhW2	11339
chr2	188353918	188353919	rs8176498	chr2	188365001	188366200	17_EnhW2	11083
chr2	188354126	188354127	rs3771058	chr2	188365001	188366200	17_EnhW2	10875
chr2	188369854	188369855	rs1160911	chr2	188369001	188369600	17_EnhW2	255
chr2	188370231	188370232	rs3755248	chr2	188369001	188369600	17_EnhW2	632
chr2	188370926	188370927	rs13408875	chr2	188369001	188369600	17_EnhW2	1327
chr2	188373432	188373433	rs116279880	chr2	188374601	188375600	17_EnhW2	1169
chr2	188373570	188373571	rs7572886	chr2	188374601	188375600	17_EnhW2	1031
chr2	189359232	189359233	rs13005128	chr2	189355001	189356400	17_EnhW2	2833
chr2	189413893	189413894	rs66799915	chr2	189380001	189383200	17_EnhW2	30694
chr2	189425663	189425664	rs7422239	chr2	189463201	189465200	17_EnhW2	37538
chr2	189446817	189446818	rs1354906	chr2	189463201	189465200	17_EnhW2	16384
chr2	189454700	189454701	rs66556042	chr2	189463201	189465200	17_EnhW2	8501
chr2	189469813	189469814	rs1605462	chr2	189465401	189465800	17_EnhW2	4014
chr2	189477116	189477117	rs11695085	chr2	189465401	189465800	17_EnhW2	11317
chr2	189519801	189519802	rs4667235	chr2	189530001	189530200	17_EnhW2	10200
chr2	189519889	189519890	rs4666763	chr2	189530001	189530200	17_EnhW2	10112
chr2	189526953	189526954	rs11894157	chr2	189530001	189530200	17_EnhW2	3048
chr2	189545739	189545740	rs7369210	chr2	189539401	189540800	17_EnhW2	4940
chr2	189569060	189569061	rs1395866	chr2	189557201	189558800	17_EnhW2	10261
chr2	189583539	189583540	rs10211163	chr2	189599201	189599800	16_EnhW1	15662
chr2	189584536	189584537	rs1995702	chr2	189599201	189599800	16_EnhW1	14665
chr2	189584548	189584549	rs1995701	chr2	189599201	189599800	16_EnhW1	14653
chr2	189584573	189584574	rs1995700	chr2	189599201	189599800	16_EnhW1	14628
chr2	189584652	189584653	rs6434294	chr2	189599201	189599800	16_EnhW1	14549
chr2	189585030	189585031	rs5837101	chr2	189599201	189599800	16_EnhW1	14171
chr2	189587758	189587759	rs1848280	chr2	189599201	189599800	16_EnhW1	11443
chr2	189587857	189587858	rs1507554	chr2	189599201	189599800	16_EnhW1	11344
chr2	189588065	189588066	rs1851878	chr2	189599201	189599800	16_EnhW1	11136
chr2	189588448	189588449	rs1996987	chr2	189599201	189599800	16_EnhW1	10753
chr2	189588755	189588756	rs1395865	chr2	189599201	189599800	16_EnhW1	10446
chr2	189588879	189588880	rs1395864	chr2	189599201	189599800	16_EnhW1	10322
chr2	189588958	189588959	rs1354907	chr2	189599201	189599800	16_EnhW1	10243
chr2	189589421	189589422	rs1507555	chr2	189599201	189599800	16_EnhW1	9780
chr2	189591623	189591624	rs12693513	chr2	189599201	189599800	16_EnhW1	7578
chr2	189592555	189592556	rs10804023	chr2	189599201	189599800	16_EnhW1	6646
chr2	189592973	189592974	rs1518016	chr2	189599201	189599800	16_EnhW1	6228
chr2	189593360	189593361	rs71716850	chr2	189599201	189599800	16_EnhW1	5841
chr2	189594517	189594518	rs1857991	chr2	189599201	189599800	16_EnhW1	4684
chr2	189594623	189594624	rs10931378	chr2	189599201	189599800	16_EnhW1	4578
chr2	189594808	189594809	rs7572963	chr2	189599201	189599800	16_EnhW1	4393
chr2	189596093	189596094	rs2049402	chr2	189599201	189599800	16_EnhW1	3108
chr2	189596319	189596320	rs1964086	chr2	189599201	189599800	16_EnhW1	2882
chr2	189597456	189597457	rs12693514	chr2	189599201	189599800	16_EnhW1	1745
chr2	189597555	189597556	rs13035197	chr2	189599201	189599800	16_EnhW1	1646
chr2	189598113	189598114	rs4667242	chr2	189599201	189599800	16_EnhW1	1088
chr2	189600012	189600013	rs34876992	chr2	189599201	189599800	16_EnhW1	213
chr2	189600148	189600149	rs12620233	chr2	189599201	189599800	16_EnhW1	349
chr2	189601031	189601032	rs1400946	chr2	189599201	189599800	16_EnhW1	1232
chr2	189601382	189601383	rs2176500	chr2	189599201	189599800	16_EnhW1	1583
chr2	189601513	189601514	rs2138958	chr2	189599201	189599800	16_EnhW1	1714
chr2	189601825	189601826	rs2176501	chr2	189599201	189599800	16_EnhW1	2026
chr2	189602068	189602069	rs6744781	chr2	189599201	189599800	16_EnhW1	2269
chr2	189602385	189602386	rs4667243	chr2	189599201	189599800	16_EnhW1	2586
chr2	189602558	189602559	rs4667244	chr2	189599201	189599800	16_EnhW1	2759
chr2	189602684	189602685	rs4667245	chr2	189599201	189599800	16_EnhW1	2885
chr2	189603248	189603249	rs1518009	chr2	189599201	189599800	16_EnhW1	3449
chr2	189603249	189603250	rs1518010	chr2	189599201	189599800	16_EnhW1	3450
chr2	189603367	189603368	rs1518011	chr2	189599201	189599800	16_EnhW1	3568
chr2	189603555	189603556	rs7583964	chr2	189599201	189599800	16_EnhW1	3756
chr2	189603943	189603944	rs11686942	chr2	189599201	189599800	16_EnhW1	4144
chr2	189604421	189604422	rs5837103	chr2	189599201	189599800	16_EnhW1	4622
chr2	189605020	189605021	rs1400948	chr2	189599201	189599800	16_EnhW1	5221
chr2	189605340	189605341	rs12693515	chr2	189599201	189599800	16_EnhW1	5541
chr2	189605697	189605698	rs2222193	chr2	189599201	189599800	16_EnhW1	5898
chr2	189605735	189605736	rs2222194	chr2	189599201	189599800	16_EnhW1	5936
chr2	189606497	189606498	rs75589295	chr2	189599201	189599800	16_EnhW1	6698
chr2	189606761	189606762	rs10179165	chr2	189599201	189599800	16_EnhW1	6962
chr2	189608519	189608520	rs4417657	chr2	189599201	189599800	16_EnhW1	8720
chr2	189608575	189608576	rs7421880	chr2	189599201	189599800	16_EnhW1	8776
chr2	189608701	189608702	rs4555279	chr2	189599201	189599800	16_EnhW1	8902
chr2	189610891	189610892	rs925899	chr2	189599201	189599800	16_EnhW1	11092
chr2	189611748	189611749	rs6748400	chr2	189599201	189599800	16_EnhW1	11949
chr2	189613883	189613884	rs10185022	chr2	189599201	189599800	16_EnhW1	14084
chr2	189614279	189614280	rs1400944	chr2	189599201	189599800	16_EnhW1	14480
chr2	189614747	189614748	rs6434295	chr2	189599201	189599800	16_EnhW1	14948
chr2	189615668	189615669	rs12993359	chr2	189599201	189599800	16_EnhW1	15869
chr2	189616193	189616194	rs13020633	chr2	189599201	189599800	16_EnhW1	16394
chr2	189616680	189616681	rs56062443	chr2	189599201	189599800	16_EnhW1	16881
chr2	189617874	189617875	rs13007601	chr2	189599201	189599800	16_EnhW1	18075
chr2	189618088	189618089	rs13007998	chr2	189599201	189599800	16_EnhW1	18289
chr2	189619432	189619433	rs1967543	chr2	189599201	189599800	16_EnhW1	19633
chr2	189621120	189621121	rs148333184	chr2	189599201	189599800	16_EnhW1	21321
chr2	189622120	189622121	rs6710589	chr2	189599201	189599800	16_EnhW1	22321
chr2	189622273	189622274	rs6711038	chr2	189599201	189599800	16_EnhW1	22474
chr2	189622512	189622513	rs13026165	chr2	189599201	189599800	16_EnhW1	22713
chr2	189622650	189622651	rs35127835	chr2	189599201	189599800	16_EnhW1	22851
chr2	189623728	189623729	rs10931381	chr2	189599201	189599800	16_EnhW1	23929
chr2	189623994	189623995	rs1518014	chr2	189599201	189599800	16_EnhW1	24195
chr2	189624385	189624386	rs11679794	chr2	189599201	189599800	16_EnhW1	24586
chr2	189624769	189624770	rs201174861	chr2	189599201	189599800	16_EnhW1	24970
chr2	189627221	189627222	rs12617610	chr2	189599201	189599800	16_EnhW1	27422
chr2	189627420	189627421	rs12624180	chr2	189599201	189599800	16_EnhW1	27621
chr2	189627492	189627493	rs12624203	chr2	189599201	189599800	16_EnhW1	27693
chr2	189627927	189627928	rs1518013	chr2	189599201	189599800	16_EnhW1	28128
chr2	189628296	189628297	rs7598731	chr2	189599201	189599800	16_EnhW1	28497
chr2	189628329	189628330	rs11311978	chr2	189599201	189599800	16_EnhW1	28530
chr2	189629515	189629516	rs11354638	chr2	189599201	189599800	16_EnhW1	29716
chr2	189629516	189629517	rs77897454	chr2	189599201	189599800	16_EnhW1	29717
chr2	189629713	189629714	rs12466340	chr2	189599201	189599800	16_EnhW1	29914
chr2	189629715	189629716	rs6742429	chr2	189599201	189599800	16_EnhW1	29916
chr2	189630634	189630635	rs1518012	chr2	189599201	189599800	16_EnhW1	30835
chr2	189631166	189631167	rs2138960	chr2	189599201	189599800	16_EnhW1	31367
chr2	189631206	189631207	rs2138959	chr2	189599201	189599800	16_EnhW1	31407
chr2	189633677	189633678	rs4261667	chr2	189599201	189599800	16_EnhW1	33878
chr2	189633841	189633842	rs58654553	chr2	189599201	189599800	16_EnhW1	34042
chr2	189633843	189633844	rs200714771	chr2	189599201	189599800	16_EnhW1	34044
chr2	189633847	189633848	rs75610025	chr2	189599201	189599800	16_EnhW1	34048
chr2	189634414	189634415	rs7587646	chr2	189599201	189599800	16_EnhW1	34615
chr2	189634563	189634564	rs7587851	chr2	189599201	189599800	16_EnhW1	34764
chr2	189634787	189634788	rs7590689	chr2	189599201	189599800	16_EnhW1	34988
chr2	189635041	189635042	rs1996458	chr2	189599201	189599800	16_EnhW1	35242
chr2	189635207	189635208	rs1996457	chr2	189599201	189599800	16_EnhW1	35408
chr2	189635695	189635696	rs7594142	chr2	189599201	189599800	16_EnhW1	35896
chr2	189636553	189636554	rs1850553	chr2	189599201	189599800	16_EnhW1	36754
chr2	189636582	189636583	rs1607315	chr2	189599201	189599800	16_EnhW1	36783
chr2	189636946	189636947	rs13017203	chr2	189599201	189599800	16_EnhW1	37147
chr2	189637642	189637643	rs1878650	chr2	189599201	189599800	16_EnhW1	37843
chr2	189638120	189638121	rs11902285	chr2	189599201	189599800	16_EnhW1	38321
chr2	189638267	189638268	rs11891828	chr2	189599201	189599800	16_EnhW1	38468
chr2	189639173	189639174	rs10209411	chr2	189599201	189599800	16_EnhW1	39374
chr2	189639825	189639826	rs10084412	chr2	189599201	189599800	16_EnhW1	40026
chr2	189642218	189642219	rs4666764	chr2	189599201	189599800	16_EnhW1	42419
chr2	189643315	189643316	rs11901929	chr2	189599201	189599800	16_EnhW1	43516
chr2	189643741	189643742	rs4306657	chr2	189599201	189599800	16_EnhW1	43942
chr2	189644221	189644222	rs1589133	chr2	189599201	189599800	16_EnhW1	44422
chr2	189644415	189644416	rs1829305	chr2	189599201	189599800	16_EnhW1	44616
chr2	189644477	189644478	rs7600697	chr2	189599201	189599800	16_EnhW1	44678
chr2	189645192	189645193	rs10931382	chr2	189599201	189599800	16_EnhW1	45393
chr2	189645401	189645402	rs1568235	chr2	189599201	189599800	16_EnhW1	45602
chr2	189645886	189645887	rs981265	chr2	189599201	189599800	16_EnhW1	46087
chr2	189646675	189646676	rs12619491	chr2	189599201	189599800	16_EnhW1	46876
chr2	189648683	189648684	rs10166484	chr2	189599201	189599800	16_EnhW1	48884
chr2	189648967	189648968	rs3845632	chr2	189599201	189599800	16_EnhW1	49168
chr2	189649278	189649279	rs3856335	chr2	189599201	189599800	16_EnhW1	49479
chr2	189650205	189650206	rs12998848	chr2	189599201	189599800	16_EnhW1	50406
chr2	189651842	189651843	rs7569460	chr2	189599201	189599800	16_EnhW1	52043
chr2	189651843	189651844	rs7569461	chr2	189599201	189599800	16_EnhW1	52044
chr2	189654006	189654007	rs61710456	chr2	189599201	189599800	16_EnhW1	54207
chr2	189657316	189657317	rs368737144	chr2	189599201	189599800	16_EnhW1	57517
chr2	189662012	189662013	rs2177544	chr2	189599201	189599800	16_EnhW1	62213
chr2	189664600	189664601	rs13001931	chr2	189599201	189599800	16_EnhW1	64801
chr2	189664959	189664960	rs12470289	chr2	189599201	189599800	16_EnhW1	65160
chr2	189665883	189665884	rs1157434	chr2	189599201	189599800	16_EnhW1	66084
chr2	189667669	189667670	rs10804024	chr2	189599201	189599800	16_EnhW1	67870
chr2	189668215	189668216	rs13024524	chr2	189599201	189599800	16_EnhW1	68416
chr2	189669306	189669307	rs1524375	chr2	189599201	189599800	16_EnhW1	69507
chr2	189669525	189669526	rs1524376	chr2	189599201	189599800	16_EnhW1	69726
chr2	189679376	189679377	rs6757283	chr2	189599201	189599800	16_EnhW1	79577
chr2	189688744	189688745	rs1518008	chr2	189767801	189768000	16_EnhW1	79057
chr2	189688972	189688973	rs11885929	chr2	189767801	189768000	16_EnhW1	78829
chr2	189692068	189692069	rs142121116	chr2	189767801	189768000	16_EnhW1	75733
chr2	189697094	189697095	rs1518006	chr2	189767801	189768000	16_EnhW1	70707
chr2	189700119	189700120	rs4667249	chr2	189767801	189768000	16_EnhW1	67682
chr2	189707237	189707238	rs34048709	chr2	189767801	189768000	16_EnhW1	60564
chr2	189707603	189707604	rs4667250	chr2	189767801	189768000	16_EnhW1	60198
chr2	189711154	189711155	rs12466620	chr2	189767801	189768000	16_EnhW1	56647
chr2	189711789	189711790	rs12475677	chr2	189767801	189768000	16_EnhW1	56012
chr2	189714051	189714052	rs2675404	chr2	189767801	189768000	16_EnhW1	53750
chr2	189714056	189714057	rs2675405	chr2	189767801	189768000	16_EnhW1	53745
chr2	189714146	189714147	rs1516448	chr2	189767801	189768000	16_EnhW1	53655
chr2	189714499	189714500	rs11480020	chr2	189767801	189768000	16_EnhW1	53302
chr2	189714598	189714599	rs1516449	chr2	189767801	189768000	16_EnhW1	53203
chr2	189715796	189715797	rs2351099	chr2	189767801	189768000	16_EnhW1	52005
chr2	189716311	189716312	rs12185550	chr2	189767801	189768000	16_EnhW1	51490
chr2	189716646	189716647	rs2708209	chr2	189767801	189768000	16_EnhW1	51155
chr2	189717215	189717216	rs2675401	chr2	189767801	189768000	16_EnhW1	50586
chr2	189717228	189717229	rs2675400	chr2	189767801	189768000	16_EnhW1	50573
chr2	189718961	189718962	rs2675399	chr2	189767801	189768000	16_EnhW1	48840
chr2	189719007	189719008	rs13012958	chr2	189767801	189768000	16_EnhW1	48794
chr2	189720392	189720393	rs1914035	chr2	189767801	189768000	16_EnhW1	47409
chr2	189721842	189721843	rs1201154	chr2	189767801	189768000	16_EnhW1	45959
chr2	189722350	189722351	rs1400233	chr2	189767801	189768000	16_EnhW1	45451
chr2	189723118	189723119	rs5837106	chr2	189767801	189768000	16_EnhW1	44683
chr2	189723146	189723147	rs1201152	chr2	189767801	189768000	16_EnhW1	44655
chr2	189725126	189725127	rs1201150	chr2	189767801	189768000	16_EnhW1	42675
chr2	189727739	189727740	rs1850274	chr2	189767801	189768000	16_EnhW1	40062
chr2	189728787	189728788	rs2203600	chr2	189767801	189768000	16_EnhW1	39014
chr2	189743532	189743533	rs1516453	chr2	189767801	189768000	16_EnhW1	24269
chr2	189747230	189747231	rs2675395	chr2	189767801	189768000	16_EnhW1	20571
chr2	189749467	189749468	rs1516439	chr2	189767801	189768000	16_EnhW1	18334
chr2	203638182	203638183	rs7598328	chr2	203633801	203634400	17_EnhW2	3783
chr2	203639394	203639395	rs72932707	chr2	203633801	203634400	17_EnhW2	4995
chr2	203639500	203639501	rs72932709	chr2	203633801	203634400	17_EnhW2	5101
chr2	203639838	203639839	rs4675290	chr2	203633801	203634400	17_EnhW2	5439
chr2	203639845	203639846	rs72932711	chr2	203633801	203634400	17_EnhW2	5446
chr2	203640712	203640713	rs2036927	chr2	203633801	203634400	17_EnhW2	6313
chr2	203642154	203642155	rs62194158	chr2	203633801	203634400	17_EnhW2	7755
chr2	203642243	203642244	rs72932716	chr2	203633801	203634400	17_EnhW2	7844
chr2	203644528	203644529	rs112806695	chr2	203633801	203634400	17_EnhW2	10129
chr2	203644536	203644537	rs56193304	chr2	203633801	203634400	17_EnhW2	10137
chr2	203646896	203646897	rs62194159	chr2	203633801	203634400	17_EnhW2	12497
chr2	203646933	203646934	rs72932720	chr2	203633801	203634400	17_EnhW2	12534
chr2	203647275	203647276	rs11675462	chr2	203633801	203634400	17_EnhW2	12876
chr2	203647597	203647598	rs72932722	chr2	203633801	203634400	17_EnhW2	13198
chr2	203647645	203647646	rs72932723	chr2	203633801	203634400	17_EnhW2	13246
chr2	203649340	203649341	rs72932725	chr2	203633801	203634400	17_EnhW2	14941
chr2	203649500	203649501	rs72932727	chr2	203633801	203634400	17_EnhW2	15101
chr2	203650266	203650267	rs72932729	chr2	203633801	203634400	17_EnhW2	15867
chr2	203650409	203650410	rs72932731	chr2	203666201	203666600	17_EnhW2	15792
chr2	203650997	203650998	rs143911965	chr2	203666201	203666600	17_EnhW2	15204
chr2	203651200	203651201	rs368863059	chr2	203666201	203666600	17_EnhW2	15001
chr2	203652837	203652838	rs6733972	chr2	203666201	203666600	17_EnhW2	13364
chr2	203654539	203654540	rs72932737	chr2	203666201	203666600	17_EnhW2	11662
chr2	203654882	203654883	rs112702399	chr2	203666201	203666600	17_EnhW2	11319
chr2	203656553	203656554	rs6732078	chr2	203666201	203666600	17_EnhW2	9648
chr2	203656845	203656846	rs6435168	chr2	203666201	203666600	17_EnhW2	9356
chr2	203659045	203659046	rs55800724	chr2	203666201	203666600	17_EnhW2	7156
chr2	203661047	203661048	rs72932741	chr2	203666201	203666600	17_EnhW2	5154
chr2	203662196	203662197	rs6705330	chr2	203666201	203666600	17_EnhW2	4005
chr2	203662887	203662888	rs72932745	chr2	203666201	203666600	17_EnhW2	3314
chr2	203663497	203663498	rs72932746	chr2	203666201	203666600	17_EnhW2	2704
chr2	203663974	203663975	rs78128841	chr2	203666201	203666600	17_EnhW2	2227
chr2	203664624	203664625	rs62194663	chr2	203666201	203666600	17_EnhW2	1577
chr2	203664928	203664929	rs76122535	chr2	203666201	203666600	17_EnhW2	1273
chr2	203666318	203666319	rs11694728	chr2	203666201	203666600	17_EnhW2	0
chr2	203667525	203667526	rs72932752	chr2	203666201	203666600	17_EnhW2	926
chr2	203670121	203670122	rs72932753	chr2	203670601	203671200	17_EnhW2	480
chr2	203671422	203671423	rs2118802	chr2	203670601	203671200	17_EnhW2	223
chr2	203672405	203672406	rs144505847	chr2	203672001	203672200	17_EnhW2	206
chr2	203673071	203673072	rs80087860	chr2	203672001	203672200	17_EnhW2	872
chr2	203673072	203673073	rs74675536	chr2	203672001	203672200	17_EnhW2	873
chr2	203673562	203673563	rs72932755	chr2	203672001	203672200	17_EnhW2	1363
chr2	203674287	203674288	rs72932759	chr2	203672001	203672200	17_EnhW2	2088
chr2	203676104	203676105	rs115400054	chr2	203672001	203672200	17_EnhW2	3905
chr2	203678657	203678658	rs72932763	chr2	203672001	203672200	17_EnhW2	6458
chr2	203679182	203679183	rs72932765	chr2	203672001	203672200	17_EnhW2	6983
chr2	203679305	203679306	rs72932767	chr2	203672001	203672200	17_EnhW2	7106
chr2	203680953	203680954	rs72932770	chr2	203688201	203688400	17_EnhW2	7248
chr2	203682303	203682304	rs72932772	chr2	203688201	203688400	17_EnhW2	5898
chr2	203683989	203683990	rs79633844	chr2	203688201	203688400	17_EnhW2	4212
chr2	203685118	203685119	rs75141346	chr2	203688201	203688400	17_EnhW2	3083
chr2	203685727	203685728	rs72932774	chr2	203688201	203688400	17_EnhW2	2474
chr2	203686233	203686234	rs373910804	chr2	203688201	203688400	17_EnhW2	1968
chr2	203688299	203688300	rs72932776	chr2	203688201	203688400	17_EnhW2	0
chr2	203688305	203688306	rs62194668	chr2	203688201	203688400	17_EnhW2	0
chr2	203689913	203689914	rs72932777	chr2	203688201	203688400	17_EnhW2	1514
chr2	203690046	203690047	rs115628302	chr2	203688201	203688400	17_EnhW2	1647
chr2	203690386	203690387	rs1344959	chr2	203688201	203688400	17_EnhW2	1987
chr2	203691280	203691281	rs13032735	chr2	203688201	203688400	17_EnhW2	2881
chr2	203692009	203692010	rs10932000	chr2	203688201	203688400	17_EnhW2	3610
chr2	203692759	203692760	rs75166090	chr2	203688201	203688400	17_EnhW2	4360
chr2	203693558	203693559	rs4675296	chr2	203688201	203688400	17_EnhW2	5159
chr2	203693913	203693914	rs143805266	chr2	203688201	203688400	17_EnhW2	5514
chr2	203694106	203694107	rs6742034	chr2	203688201	203688400	17_EnhW2	5707
chr2	203695264	203695265	rs17594321	chr2	203688201	203688400	17_EnhW2	6865
chr2	203695825	203695826	rs72932780	chr2	203688201	203688400	17_EnhW2	7426
chr2	203697091	203697092	rs114520702	chr2	203688201	203688400	17_EnhW2	8692
chr2	203697277	203697278	rs72932781	chr2	203688201	203688400	17_EnhW2	8878
chr2	203697789	203697790	rs1866423	chr2	203688201	203688400	17_EnhW2	9390
chr2	203697806	203697807	rs138628131	chr2	203688201	203688400	17_EnhW2	9407
chr2	203698299	203698300	rs75324925	chr2	203688201	203688400	17_EnhW2	9900
chr2	203698469	203698470	rs72932784	chr2	203688201	203688400	17_EnhW2	10070
chr2	203698736	203698737	rs72932786	chr2	203688201	203688400	17_EnhW2	10337
chr2	203699378	203699379	rs72932789	chr2	203688201	203688400	17_EnhW2	10979
chr2	203699415	203699416	rs4675299	chr2	203688201	203688400	17_EnhW2	11016
chr2	203699986	203699987	rs144630409	chr2	203688201	203688400	17_EnhW2	11587
chr2	203700869	203700870	rs72932791	chr2	203688201	203688400	17_EnhW2	12470
chr2	203701003	203701004	rs72932793	chr2	203688201	203688400	17_EnhW2	12604
chr2	203701528	203701529	rs13017420	chr2	203688201	203688400	17_EnhW2	13129
chr2	203701530	203701531	rs12993479	chr2	203688201	203688400	17_EnhW2	13131
chr2	203701556	203701557	rs10178995	chr2	203688201	203688400	17_EnhW2	13157
chr2	203705786	203705787	rs1971819	chr2	203688201	203688400	17_EnhW2	17387
chr2	203706432	203706433	rs72934704	chr2	203688201	203688400	17_EnhW2	18033
chr2	203707751	203707752	rs72934706	chr2	203688201	203688400	17_EnhW2	19352
chr2	203707877	203707878	rs72934707	chr2	203688201	203688400	17_EnhW2	19478
chr2	203708306	203708307	rs934287	chr2	203688201	203688400	17_EnhW2	19907
chr2	203709775	203709776	rs72934710	chr2	203688201	203688400	17_EnhW2	21376
chr2	203709996	203709997	rs72934711	chr2	203688201	203688400	17_EnhW2	21597
chr2	203710273	203710274	rs2004930	chr2	203688201	203688400	17_EnhW2	21874
chr2	203710348	203710349	rs200875946	chr2	203688201	203688400	17_EnhW2	21949
chr2	203710362	203710363	rs576818999	chr2	203688201	203688400	17_EnhW2	21963
chr2	203710978	203710979	rs145953471	chr2	203688201	203688400	17_EnhW2	22579
chr2	203711580	203711581	rs72934714	chr2	203688201	203688400	17_EnhW2	23181
chr2	203713279	203713280	rs72934715	chr2	203735201	203735400	16_EnhW1	21922
chr2	203714972	203714973	rs10207567	chr2	203735201	203735400	16_EnhW1	20229
chr2	203715418	203715419	rs140154196	chr2	203735201	203735400	16_EnhW1	19783
chr2	203715511	203715512	rs13429100	chr2	203735201	203735400	16_EnhW1	19690
chr2	203715513	203715514	rs114372659	chr2	203735201	203735400	16_EnhW1	19688
chr2	203715627	203715628	rs13431889	chr2	203735201	203735400	16_EnhW1	19574
chr2	203715913	203715914	rs146900385	chr2	203735201	203735400	16_EnhW1	19288
chr2	203716803	203716804	rs150622102	chr2	203735201	203735400	16_EnhW1	18398
chr2	203716822	203716823	rs9288331	chr2	203735201	203735400	16_EnhW1	18379
chr2	203717309	203717310	rs9677198	chr2	203735201	203735400	16_EnhW1	17892
chr2	203718681	203718682	rs114155121	chr2	203735201	203735400	16_EnhW1	16520
chr2	203718868	203718869	rs143385727	chr2	203735201	203735400	16_EnhW1	16333
chr2	203719027	203719028	rs148442156	chr2	203735201	203735400	16_EnhW1	16174
chr2	203720744	203720745	rs12693975	chr2	203735201	203735400	16_EnhW1	14457
chr2	203720773	203720774	rs147100405	chr2	203735201	203735400	16_EnhW1	14428
chr2	203721313	203721314	rs115396314	chr2	203735201	203735400	16_EnhW1	13888
chr2	203721732	203721733	rs114139737	chr2	203735201	203735400	16_EnhW1	13469
chr2	203723168	203723169	rs7587583	chr2	203735201	203735400	16_EnhW1	12033
chr2	203723499	203723500	rs10170010	chr2	203735201	203735400	16_EnhW1	11702
chr2	203723988	203723989	rs4673238	chr2	203735201	203735400	16_EnhW1	11213
chr2	203724494	203724495	rs7605484	chr2	203735201	203735400	16_EnhW1	10707
chr2	203725676	203725677	rs115130739	chr2	203735201	203735400	16_EnhW1	9525
chr2	203725677	203725678	rs115827549	chr2	203735201	203735400	16_EnhW1	9524
chr2	203725834	203725835	rs145643482	chr2	203735201	203735400	16_EnhW1	9367
chr2	203725982	203725983	rs72934725	chr2	203735201	203735400	16_EnhW1	9219
chr2	203726500	203726501	rs140606214	chr2	203735201	203735400	16_EnhW1	8701
chr2	203726501	203726502	rs145664840	chr2	203735201	203735400	16_EnhW1	8700
chr2	203728446	203728447	rs150559122	chr2	203735201	203735400	16_EnhW1	6755
chr2	203728983	203728984	rs186399184	chr2	203735201	203735400	16_EnhW1	6218
chr2	203729176	203729177	rs147361301	chr2	203735201	203735400	16_EnhW1	6025
chr2	203729762	203729763	rs144997119	chr2	203735201	203735400	16_EnhW1	5439
chr2	203732269	203732270	rs7562414	chr2	203735201	203735400	16_EnhW1	2932
chr2	203733988	203733989	rs7608755	chr2	203735201	203735400	16_EnhW1	1213
chr2	203734364	203734365	rs3845800	chr2	203735201	203735400	16_EnhW1	837
chr2	203734865	203734866	rs4510208	chr2	203735201	203735400	16_EnhW1	336
chr2	203736201	203736202	rs145741252	chr2	203735201	203735400	16_EnhW1	802
chr2	203736250	203736251	rs149846585	chr2	203735201	203735400	16_EnhW1	851
chr2	203737769	203737770	rs72934729	chr2	203735201	203735400	16_EnhW1	2370
chr2	203738663	203738664	rs6723704	chr2	203735201	203735400	16_EnhW1	3264
chr2	203739011	203739012	rs3845801	chr2	203735201	203735400	16_EnhW1	3612
chr2	203739855	203739856	rs72934732	chr2	203735201	203735400	16_EnhW1	4456
chr2	203739969	203739970	rs72934734	chr2	203735201	203735400	16_EnhW1	4570
chr2	203740009	203740010	rs72934735	chr2	203735201	203735400	16_EnhW1	4610
chr2	203740269	203740270	rs146973310	chr2	203735201	203735400	16_EnhW1	4870
chr2	203740671	203740672	rs3845802	chr2	203735201	203735400	16_EnhW1	5272
chr2	203740797	203740798	rs72934737	chr2	203735201	203735400	16_EnhW1	5398
chr2	203740860	203740861	rs72934738	chr2	203735201	203735400	16_EnhW1	5461
chr2	203740937	203740938	rs79539678	chr2	203735201	203735400	16_EnhW1	5538
chr2	203741361	203741362	rs72934740	chr2	203735201	203735400	16_EnhW1	5962
chr2	203741991	203741992	rs145972212	chr2	203735201	203735400	16_EnhW1	6592
chr2	203743438	203743439	rs139643391	chr2	203735201	203735400	16_EnhW1	8039
chr2	203743691	203743692	rs3912000	chr2	203735201	203735400	16_EnhW1	8292
chr2	203744444	203744445	rs115953525	chr2	203735201	203735400	16_EnhW1	9045
chr2	203744453	203744454	rs72934745	chr2	203735201	203735400	16_EnhW1	9054
chr2	203744609	203744610	rs148513392	chr2	203735201	203735400	16_EnhW1	9210
chr2	203745326	203745327	rs6722332	chr2	203735201	203735400	16_EnhW1	9927
chr2	203745884	203745885	rs6725887	chr2	203735201	203735400	16_EnhW1	10485
chr2	203746815	203746816	rs72934749	chr2	203735201	203735400	16_EnhW1	11416
chr2	203747521	203747522	rs72934751	chr2	203735201	203735400	16_EnhW1	12122
chr2	203748593	203748594	rs10196719	chr2	203735201	203735400	16_EnhW1	13194
chr2	203748775	203748776	rs143035655	chr2	203735201	203735400	16_EnhW1	13376
chr2	203749438	203749439	rs6738618	chr2	203735201	203735400	16_EnhW1	14039
chr2	203750048	203750049	rs10189499	chr2	203735201	203735400	16_EnhW1	14649
chr2	203750271	203750272	rs72934753	chr2	203735201	203735400	16_EnhW1	14872
chr2	203750730	203750731	rs2043849	chr2	203735201	203735400	16_EnhW1	15331
chr2	203751849	203751850	rs1820930	chr2	203735201	203735400	16_EnhW1	16450
chr2	203751931	203751932	rs116382857	chr2	203735201	203735400	16_EnhW1	16532
chr2	203751980	203751981	rs77268589	chr2	203735201	203735400	16_EnhW1	16581
chr2	203752024	203752025	rs78395514	chr2	203735201	203735400	16_EnhW1	16625
chr2	203752027	203752028	rs2351520	chr2	203735201	203735400	16_EnhW1	16628
chr2	203752028	203752029	rs62183730	chr2	203735201	203735400	16_EnhW1	16629
chr2	203753015	203753016	rs6435169	chr2	203735201	203735400	16_EnhW1	17616
chr2	203753071	203753072	rs7582720	chr2	203735201	203735400	16_EnhW1	17672
chr2	203754619	203754620	rs138923090	chr2	203735201	203735400	16_EnhW1	19220
chr2	203756676	203756677	rs72934762	chr2	203735201	203735400	16_EnhW1	21277
chr2	203757915	203757916	rs7560547	chr2	203735201	203735400	16_EnhW1	22516
chr2	203758395	203758396	rs72934763	chr2	203735201	203735400	16_EnhW1	22996
chr2	203758520	203758521	rs72934764	chr2	203735201	203735400	16_EnhW1	23121
chr2	203758550	203758551	rs72934765	chr2	203735201	203735400	16_EnhW1	23151
chr2	203761155	203761156	rs147330550	chr2	203735201	203735400	16_EnhW1	25756
chr2	203761573	203761574	rs6757954	chr2	203735201	203735400	16_EnhW1	26174
chr2	203761676	203761677	rs150788469	chr2	203735201	203735400	16_EnhW1	26277
chr2	203762800	203762801	rs66949528	chr2	203735201	203735400	16_EnhW1	27401
chr2	203762801	203762802	rs13028773	chr2	203735201	203735400	16_EnhW1	27402
chr2	203763075	203763076	rs77931721	chr2	203735201	203735400	16_EnhW1	27676
chr2	203765755	203765756	rs35212307	chr2	203735201	203735400	16_EnhW1	30356
chr2	203766366	203766367	rs3933629	chr2	203735201	203735400	16_EnhW1	30967
chr2	203766562	203766563	rs72934767	chr2	203797601	203797800	17_EnhW2	31039
chr2	203768338	203768339	rs7605232	chr2	203797601	203797800	17_EnhW2	29263
chr2	203768785	203768786	rs142603618	chr2	203797601	203797800	17_EnhW2	28816
chr2	203769111	203769112	rs114395475	chr2	203797601	203797800	17_EnhW2	28490
chr2	203769802	203769803	rs72936830	chr2	203797601	203797800	17_EnhW2	27799
chr2	203771259	203771260	rs72936834	chr2	203797601	203797800	17_EnhW2	26342
chr2	203771651	203771652	rs114899426	chr2	203797601	203797800	17_EnhW2	25950
chr2	203772983	203772984	rs72936838	chr2	203797601	203797800	17_EnhW2	24618
chr2	203773236	203773237	rs72936839	chr2	203797601	203797800	17_EnhW2	24365
chr2	203773685	203773686	rs72936842	chr2	203797601	203797800	17_EnhW2	23916
chr2	203774733	203774734	rs72936846	chr2	203797601	203797800	17_EnhW2	22868
chr2	203774747	203774748	rs72936847	chr2	203797601	203797800	17_EnhW2	22854
chr2	203775474	203775475	rs72936852	chr2	203797601	203797800	17_EnhW2	22127
chr2	203775711	203775712	rs72936856	chr2	203797601	203797800	17_EnhW2	21890
chr2	203777198	203777199	rs34984872	chr2	203797601	203797800	17_EnhW2	20403
chr2	203777225	203777226	rs149163995	chr2	203797601	203797800	17_EnhW2	20376
chr2	203777902	203777903	rs6719001	chr2	203797601	203797800	17_EnhW2	19699
chr2	203778199	203778200	rs138805020	chr2	203797601	203797800	17_EnhW2	19402
chr2	203779518	203779519	rs80284364	chr2	203797601	203797800	17_EnhW2	18083
chr2	203780478	203780479	rs7591653	chr2	203797601	203797800	17_EnhW2	17123
chr2	203780514	203780515	rs7603972	chr2	203797601	203797800	17_EnhW2	17087
chr2	203780884	203780885	rs151050381	chr2	203797601	203797800	17_EnhW2	16717
chr2	203781070	203781071	rs11695155	chr2	203797601	203797800	17_EnhW2	16531
chr2	203781740	203781741	rs9749722	chr2	203797601	203797800	17_EnhW2	15861
chr2	203783008	203783009	rs4673240	chr2	203797601	203797800	17_EnhW2	14593
chr2	203783208	203783209	rs4675307	chr2	203797601	203797800	17_EnhW2	14393
chr2	203783483	203783484	rs72936860	chr2	203797601	203797800	17_EnhW2	14118
chr2	203786811	203786812	rs72936862	chr2	203797601	203797800	17_EnhW2	10790
chr2	203787119	203787120	rs72936866	chr2	203797601	203797800	17_EnhW2	10482
chr2	203787404	203787405	rs114527590	chr2	203797601	203797800	17_EnhW2	10197
chr2	203788949	203788950	rs72936869	chr2	203797601	203797800	17_EnhW2	8652
chr2	203789678	203789679	rs72936870	chr2	203797601	203797800	17_EnhW2	7923
chr2	203790888	203790889	rs72936872	chr2	203797601	203797800	17_EnhW2	6713
chr2	203791332	203791333	rs72936873	chr2	203797601	203797800	17_EnhW2	6269
chr2	203791911	203791912	rs72936875	chr2	203797601	203797800	17_EnhW2	5690
chr2	203792045	203792046	rs146523532	chr2	203797601	203797800	17_EnhW2	5556
chr2	203792627	203792628	rs72936879	chr2	203797601	203797800	17_EnhW2	4974
chr2	203792815	203792816	rs10190966	chr2	203797601	203797800	17_EnhW2	4786
chr2	203794261	203794262	rs72936881	chr2	203797601	203797800	17_EnhW2	3340
chr2	203794438	203794439	rs72936882	chr2	203797601	203797800	17_EnhW2	3163
chr2	203795716	203795717	rs191602009	chr2	203797601	203797800	17_EnhW2	1885
chr2	203795761	203795762	rs142250318	chr2	203797601	203797800	17_EnhW2	1840
chr2	203795986	203795987	rs114393235	chr2	203797601	203797800	17_EnhW2	1615
chr2	203796813	203796814	rs72926767	chr2	203797601	203797800	17_EnhW2	788
chr2	203798317	203798318	rs72926769	chr2	203797601	203797800	17_EnhW2	518
chr2	203798364	203798365	rs145842986	chr2	203797601	203797800	17_EnhW2	565
chr2	203798584	203798585	rs72926770	chr2	203797601	203797800	17_EnhW2	785
chr2	203800046	203800047	rs67665417	chr2	203797601	203797800	17_EnhW2	2247
chr2	203801225	203801226	rs72926771	chr2	203797601	203797800	17_EnhW2	3426
chr2	203804288	203804289	rs72926772	chr2	203805401	203805600	17_EnhW2	1113
chr2	203805033	203805034	rs4461244	chr2	203805401	203805600	17_EnhW2	368
chr2	203805551	203805552	rs77230711	chr2	203805401	203805600	17_EnhW2	0
chr2	203805928	203805929	rs72926779	chr2	203805401	203805600	17_EnhW2	329
chr2	203806073	203806074	rs7588473	chr2	203805401	203805600	17_EnhW2	474
chr2	203806436	203806437	rs140061969	chr2	203805401	203805600	17_EnhW2	837
chr2	203806723	203806724	rs75869289	chr2	203805401	203805600	17_EnhW2	1124
chr2	203807082	203807083	rs144990234	chr2	203805401	203805600	17_EnhW2	1483
chr2	203808531	203808532	rs140244541	chr2	203805401	203805600	17_EnhW2	2932
chr2	203808834	203808835	rs72926781	chr2	203805401	203805600	17_EnhW2	3235
chr2	203811627	203811628	rs72926782	chr2	203805401	203805600	17_EnhW2	6028
chr2	203811846	203811847	rs12616799	chr2	203805401	203805600	17_EnhW2	6247
chr2	203811901	203811902	rs116773016	chr2	203805401	203805600	17_EnhW2	6302
chr2	203811911	203811912	rs114604411	chr2	203805401	203805600	17_EnhW2	6312
chr2	203814208	203814209	rs140317123	chr2	203805401	203805600	17_EnhW2	8609
chr2	203814693	203814694	rs76298043	chr2	203805401	203805600	17_EnhW2	9094
chr2	203815739	203815740	rs72926783	chr2	203805401	203805600	17_EnhW2	10140
chr2	203815853	203815854	rs10197723	chr2	203805401	203805600	17_EnhW2	10254
chr2	203816493	203816494	rs72926786	chr2	203805401	203805600	17_EnhW2	10894
chr2	203818298	203818299	rs72926787	chr2	203830601	203831000	16_EnhW1	12303
chr2	203818574	203818575	rs6709618	chr2	203830601	203831000	16_EnhW1	12027
chr2	203819470	203819471	rs116678869	chr2	203830601	203831000	16_EnhW1	11131
chr2	203819774	203819775	rs2163248	chr2	203830601	203831000	16_EnhW1	10827
chr2	203820274	203820275	rs3731695	chr2	203830601	203831000	16_EnhW1	10327
chr2	203821792	203821793	rs114702158	chr2	203830601	203831000	16_EnhW1	8809
chr2	203822890	203822891	rs72926791	chr2	203830601	203831000	16_EnhW1	7711
chr2	203823399	203823400	rs114110842	chr2	203830601	203831000	16_EnhW1	7202
chr2	203823706	203823707	rs10567688	chr2	203830601	203831000	16_EnhW1	6895
chr2	203825105	203825106	rs114079739	chr2	203830601	203831000	16_EnhW1	5496
chr2	203825488	203825489	rs533898616	chr2	203830601	203831000	16_EnhW1	5113
chr2	203826395	203826396	rs72926793	chr2	203830601	203831000	16_EnhW1	4206
chr2	203827431	203827432	rs72926794	chr2	203830601	203831000	16_EnhW1	3170
chr2	203827479	203827480	rs72926796	chr2	203830601	203831000	16_EnhW1	3122
chr2	203827648	203827649	rs7562701	chr2	203830601	203831000	16_EnhW1	2953
chr2	203827674	203827675	rs72926798	chr2	203830601	203831000	16_EnhW1	2927
chr2	203827689	203827690	rs148196090	chr2	203830601	203831000	16_EnhW1	2912
chr2	203828191	203828192	rs72926799	chr2	203830601	203831000	16_EnhW1	2410
chr2	203828796	203828797	rs141125816	chr2	203830601	203831000	16_EnhW1	1805
chr2	203829023	203829024	rs10932005	chr2	203830601	203831000	16_EnhW1	1578
chr2	203829224	203829225	rs72926800	chr2	203830601	203831000	16_EnhW1	1377
chr2	203829283	203829284	rs115194657	chr2	203830601	203831000	16_EnhW1	1318
chr2	203829581	203829582	rs150289443	chr2	203830601	203831000	16_EnhW1	1020
chr2	203830227	203830228	rs72926802	chr2	203830601	203831000	16_EnhW1	374
chr2	203830795	203830796	rs10755020	chr2	203830601	203831000	16_EnhW1	0
chr2	203830850	203830851	rs79642273	chr2	203830601	203831000	16_EnhW1	0
chr2	203831211	203831212	rs114123510	chr2	203830601	203831000	16_EnhW1	212
chr2	203831251	203831252	rs74421437	chr2	203830601	203831000	16_EnhW1	252
chr2	203832119	203832120	rs72928605	chr2	203830601	203831000	16_EnhW1	1120
chr2	203832572	203832573	rs11675913	chr2	203830601	203831000	16_EnhW1	1573
chr2	203833017	203833018	rs149268645	chr2	203830601	203831000	16_EnhW1	2018
chr2	203833876	203833877	rs141002954	chr2	203830601	203831000	16_EnhW1	2877
chr2	203834400	203834401	rs2052944	chr2	203830601	203831000	16_EnhW1	3401
chr2	203835176	203835177	rs1541853	chr2	203830601	203831000	16_EnhW1	4177
chr2	203836506	203836507	rs72928608	chr2	203830601	203831000	16_EnhW1	5507
chr2	203837572	203837573	rs72928609	chr2	203830601	203831000	16_EnhW1	6573
chr2	203838960	203838961	rs72928610	chr2	203830601	203831000	16_EnhW1	7961
chr2	203839627	203839628	rs72928613	chr2	203830601	203831000	16_EnhW1	8628
chr2	203840564	203840565	rs143450835	chr2	203830601	203831000	16_EnhW1	9565
chr2	203840750	203840751	rs12994726	chr2	203830601	203831000	16_EnhW1	9751
chr2	203840809	203840810	rs12994385	chr2	203830601	203831000	16_EnhW1	9810
chr2	203840813	203840814	rs62183745	chr2	203830601	203831000	16_EnhW1	9814
chr2	203840817	203840818	rs62183746	chr2	203830601	203831000	16_EnhW1	9818
chr2	203840821	203840822	rs57718010	chr2	203830601	203831000	16_EnhW1	9822
chr2	203840972	203840973	rs72928620	chr2	203830601	203831000	16_EnhW1	9973
chr2	203842660	203842661	rs72932553	chr2	203830601	203831000	16_EnhW1	11661
chr2	203843132	203843133	rs62183748	chr2	203830601	203831000	16_EnhW1	12133
chr2	203844479	203844480	rs7579667	chr2	203830601	203831000	16_EnhW1	13480
chr2	203845339	203845340	rs191991898	chr2	203830601	203831000	16_EnhW1	14340
chr2	203845340	203845341	rs370248933	chr2	203830601	203831000	16_EnhW1	14341
chr2	203845645	203845646	rs10197426	chr2	203830601	203831000	16_EnhW1	14646
chr2	203845827	203845828	rs72932554	chr2	203830601	203831000	16_EnhW1	14828
chr2	203845995	203845996	rs72932556	chr2	203830601	203831000	16_EnhW1	14996
chr2	203846816	203846817	rs72932557	chr2	203830601	203831000	16_EnhW1	15817
chr2	203847324	203847325	rs72932558	chr2	203830601	203831000	16_EnhW1	16325
chr2	203847381	203847382	rs72932559	chr2	203830601	203831000	16_EnhW1	16382
chr2	203847416	203847417	rs72932560	chr2	203830601	203831000	16_EnhW1	16417
chr2	203848401	203848402	rs72932561	chr2	203830601	203831000	16_EnhW1	17402
chr2	203848723	203848724	rs62183749	chr2	203830601	203831000	16_EnhW1	17724
chr2	203850010	203850011	rs76890136	chr2	203830601	203831000	16_EnhW1	19011
chr2	203850466	203850467	rs1351825	chr2	203830601	203831000	16_EnhW1	19467
chr2	203850507	203850508	rs1351826	chr2	203830601	203831000	16_EnhW1	19508
chr2	203851337	203851338	rs140868713	chr2	203830601	203831000	16_EnhW1	20338
chr2	203851686	203851687	rs138069129	chr2	203830601	203831000	16_EnhW1	20687
chr2	203852586	203852587	rs1864464	chr2	203830601	203831000	16_EnhW1	21587
chr2	203855341	203855342	rs72932566	chr2	203830601	203831000	16_EnhW1	24342
chr2	203856971	203856972	rs188517380	chr2	203830601	203831000	16_EnhW1	25972
chr2	203859037	203859038	rs76259492	chr2	203830601	203831000	16_EnhW1	28038
chr2	203859390	203859391	rs72932572	chr2	203830601	203831000	16_EnhW1	28391
chr2	203860715	203860716	rs7602826	chr2	203830601	203831000	16_EnhW1	29716
chr2	203860865	203860866	rs7603031	chr2	203830601	203831000	16_EnhW1	29866
chr2	203861112	203861113	rs72932573	chr2	203830601	203831000	16_EnhW1	30113
chr2	203861346	203861347	rs142528616	chr2	203830601	203831000	16_EnhW1	30347
chr2	203861909	203861910	rs148707292	chr2	203830601	203831000	16_EnhW1	30910
chr2	203861953	203861954	rs145299755	chr2	203830601	203831000	16_EnhW1	30954
chr2	203862723	203862724	rs55685371	chr2	203830601	203831000	16_EnhW1	31724
chr2	203863735	203863736	rs140750546	chr2	203830601	203831000	16_EnhW1	32736
chr2	203865514	203865515	rs76461893	chr2	203830601	203831000	16_EnhW1	34515
chr2	203865821	203865822	rs145168080	chr2	203830601	203831000	16_EnhW1	34822
chr2	203866335	203866336	rs72932574	chr2	203830601	203831000	16_EnhW1	35336
chr2	203866856	203866857	rs72932575	chr2	203830601	203831000	16_EnhW1	35857
chr2	203868265	203868266	rs7576661	chr2	203830601	203831000	16_EnhW1	37266
chr2	203868356	203868357	rs6435171	chr2	203830601	203831000	16_EnhW1	37357
chr2	203869615	203869616	rs62182166	chr2	203830601	203831000	16_EnhW1	38616
chr2	203869846	203869847	rs72932583	chr2	203830601	203831000	16_EnhW1	38847
chr2	203870945	203870946	rs61680022	chr2	203830601	203831000	16_EnhW1	39946
chr2	203870950	203870951	rs2115888	chr2	203830601	203831000	16_EnhW1	39951
chr2	203873288	203873289	rs7575778	chr2	203830601	203831000	16_EnhW1	42289
chr2	203873742	203873743	rs6728861	chr2	203830601	203831000	16_EnhW1	42743
chr2	203873911	203873912	rs11691351	chr2	203830601	203831000	16_EnhW1	42912
chr2	203876922	203876923	rs11673813	chr2	203830601	203831000	16_EnhW1	45923
chr2	203877232	203877233	rs148812085	chr2	203830601	203831000	16_EnhW1	46233
chr2	203877376	203877377	rs530464314	chr2	203830601	203831000	16_EnhW1	46377
chr2	203878151	203878152	rs7594048	chr2	203830601	203831000	16_EnhW1	47152
chr2	203879502	203879503	rs4675309	chr2	203925601	203925800	17_EnhW2	46099
chr2	203880833	203880834	rs4675310	chr2	203925601	203925800	17_EnhW2	44768
chr2	203880991	203880992	rs2351524	chr2	203925601	203925800	17_EnhW2	44610
chr2	203882592	203882593	rs1947983	chr2	203925601	203925800	17_EnhW2	43009
chr2	203882697	203882698	rs1947984	chr2	203925601	203925800	17_EnhW2	42904
chr2	203883192	203883193	rs72932588	chr2	203925601	203925800	17_EnhW2	42409
chr2	203883694	203883695	rs11687500	chr2	203925601	203925800	17_EnhW2	41907
chr2	203884307	203884308	rs72932590	chr2	203925601	203925800	17_EnhW2	41294
chr2	203884742	203884743	rs149905763	chr2	203925601	203925800	17_EnhW2	40859
chr2	203888354	203888355	rs146887391	chr2	203925601	203925800	17_EnhW2	37247
chr2	203892766	203892767	rs145538381	chr2	203925601	203925800	17_EnhW2	32835
chr2	203892955	203892956	rs4675311	chr2	203925601	203925800	17_EnhW2	32646
chr2	203893998	203893999	rs115654617	chr2	203925601	203925800	17_EnhW2	31603
chr2	203897945	203897946	rs140168762	chr2	203925601	203925800	17_EnhW2	27656
chr2	203899078	203899079	rs375380888	chr2	203925601	203925800	17_EnhW2	26523
chr2	203904304	203904305	rs181256816	chr2	203925601	203925800	17_EnhW2	21297
chr2	203904305	203904306	rs185726277	chr2	203925601	203925800	17_EnhW2	21296
chr2	203905174	203905175	rs6733394	chr2	203925601	203925800	17_EnhW2	20427
chr2	203905717	203905718	rs936721	chr2	203925601	203925800	17_EnhW2	19884
chr2	203909304	203909305	rs17473209	chr2	203925601	203925800	17_EnhW2	16297
chr2	203910930	203910931	rs113130510	chr2	203925601	203925800	17_EnhW2	14671
chr2	203913551	203913552	rs6715752	chr2	203925601	203925800	17_EnhW2	12050
chr2	203913941	203913942	rs13396160	chr2	203925601	203925800	17_EnhW2	11660
chr2	203916486	203916487	rs72934505	chr2	203925601	203925800	17_EnhW2	9115
chr2	203916489	203916490	rs11683327	chr2	203925601	203925800	17_EnhW2	9112
chr2	203921447	203921448	rs56200843	chr2	203925601	203925800	17_EnhW2	4154
chr2	203923446	203923447	rs10439267	chr2	203925601	203925800	17_EnhW2	2155
chr2	203925359	203925360	rs72934510	chr2	203925601	203925800	17_EnhW2	242
chr2	203926270	203926271	rs72934512	chr2	203925801	203926600	15_EnhAF	0
chr2	203927550	203927551	rs7573079	chr2	203926601	203926800	17_EnhW2	751
chr2	203927586	203927587	rs72934513	chr2	203926601	203926800	17_EnhW2	787
chr2	203931011	203931012	rs7593917	chr2	203926601	203926800	17_EnhW2	4212
chr2	203931045	203931046	rs35459326	chr2	203926601	203926800	17_EnhW2	4246
chr2	203931596	203931597	rs151316549	chr2	203926601	203926800	17_EnhW2	4797
chr2	203932175	203932176	rs78907692	chr2	203926601	203926800	17_EnhW2	5376
chr2	203933338	203933339	rs72934514	chr2	203926601	203926800	17_EnhW2	6539
chr2	203937907	203937908	rs72934518	chr2	203926601	203926800	17_EnhW2	11108
chr2	203939639	203939640	rs72934519	chr2	203926601	203926800	17_EnhW2	12840
chr2	203941041	203941042	rs11675149	chr2	203926601	203926800	17_EnhW2	14242
chr2	203941203	203941204	rs67976407	chr2	203926601	203926800	17_EnhW2	14404
chr2	203941204	203941205	rs12993124	chr2	203926601	203926800	17_EnhW2	14405
chr2	203941207	203941208	rs57056929	chr2	203926601	203926800	17_EnhW2	14408
chr2	203941208	203941209	rs150346672	chr2	203926601	203926800	17_EnhW2	14409
chr2	203941215	203941216	rs60570396	chr2	203926601	203926800	17_EnhW2	14416
chr2	203941216	203941217	rs12993131	chr2	203926601	203926800	17_EnhW2	14417
chr2	203941911	203941912	rs2351526	chr2	203926601	203926800	17_EnhW2	15112
chr2	203943167	203943168	rs115810193	chr2	203926601	203926800	17_EnhW2	16368
chr2	203944027	203944028	rs11690927	chr2	203926601	203926800	17_EnhW2	17228
chr2	203949955	203949956	rs57848170	chr2	203926601	203926800	17_EnhW2	23156
chr2	203950591	203950592	rs7601146	chr2	203926601	203926800	17_EnhW2	23792
chr2	203951549	203951550	rs4606902	chr2	203926601	203926800	17_EnhW2	24750
chr2	203951845	203951846	rs147932234	chr2	203926601	203926800	17_EnhW2	25046
chr2	203952058	203952059	rs139333388	chr2	203926601	203926800	17_EnhW2	25259
chr2	203953233	203953234	rs6435172	chr2	203926601	203926800	17_EnhW2	26434
chr2	203955272	203955273	rs59879855	chr2	203926601	203926800	17_EnhW2	28473
chr2	203956138	203956139	rs6755230	chr2	203926601	203926800	17_EnhW2	29339
chr2	203959569	203959570	rs10210341	chr2	203987201	203987600	17_EnhW2	27632
chr2	203960945	203960946	rs7601698	chr2	203987201	203987600	17_EnhW2	26256
chr2	203962029	203962030	rs1545885	chr2	203987201	203987600	17_EnhW2	25172
chr2	203962145	203962146	rs17473735	chr2	203987201	203987600	17_EnhW2	25056
chr2	203964136	203964137	rs7574314	chr2	203987201	203987600	17_EnhW2	23065
chr2	203965529	203965530	rs6741726	chr2	203987201	203987600	17_EnhW2	21672
chr2	203967196	203967197	rs142013255	chr2	203987201	203987600	17_EnhW2	20005
chr2	203967509	203967510	rs10172453	chr2	203987201	203987600	17_EnhW2	19692
chr2	203968972	203968973	rs72934535	chr2	203987201	203987600	17_EnhW2	18229
chr2	203969435	203969436	rs13397552	chr2	203987201	203987600	17_EnhW2	17766
chr2	203969503	203969504	rs72934537	chr2	203987201	203987600	17_EnhW2	17698
chr2	203970282	203970283	rs10497870	chr2	203987201	203987600	17_EnhW2	16919
chr2	203975533	203975534	rs57008601	chr2	203987201	203987600	17_EnhW2	11668
chr2	203975957	203975958	rs72934545	chr2	203987201	203987600	17_EnhW2	11244
chr2	203978693	203978694	rs4675312	chr2	203987201	203987600	17_EnhW2	8508
chr2	203978703	203978704	rs4675313	chr2	203987201	203987600	17_EnhW2	8498
chr2	203979577	203979578	rs76647931	chr2	203987201	203987600	17_EnhW2	7624
chr2	203980032	203980033	rs72934546	chr2	203987201	203987600	17_EnhW2	7169
chr2	203980104	203980105	rs11904028	chr2	203987201	203987600	17_EnhW2	7097
chr2	203981349	203981350	rs3053110	chr2	203987201	203987600	17_EnhW2	5852
chr2	203982181	203982182	rs72544029	chr2	203987201	203987600	17_EnhW2	5020
chr2	203983939	203983940	rs72934550	chr2	203987201	203987600	17_EnhW2	3262
chr2	203984116	203984117	rs72934551	chr2	203987201	203987600	17_EnhW2	3085
chr2	203987553	203987554	rs17474056	chr2	203987201	203987600	17_EnhW2	0
chr2	203987805	203987806	rs72934554	chr2	203987201	203987600	17_EnhW2	206
chr2	203989346	203989347	rs13431510	chr2	203987201	203987600	17_EnhW2	1747
chr2	203990422	203990423	rs17408459	chr2	203987201	203987600	17_EnhW2	2823
chr2	203990788	203990789	rs72934556	chr2	203987201	203987600	17_EnhW2	3189
chr2	203991817	203991818	rs6715331	chr2	203987201	203987600	17_EnhW2	4218
chr2	203991935	203991936	rs11689534	chr2	203987201	203987600	17_EnhW2	4336
chr2	203993508	203993509	rs10201976	chr2	203987201	203987600	17_EnhW2	5909
chr2	203993511	203993512	rs149215222	chr2	203987201	203987600	17_EnhW2	5912
chr2	203994813	203994814	rs62182211	chr2	203987201	203987600	17_EnhW2	7214
chr2	203995404	203995405	rs72934563	chr2	203987201	203987600	17_EnhW2	7805
chr2	203996869	203996870	rs6748898	chr2	203987201	203987600	17_EnhW2	9270
chr2	203998335	203998336	rs17408550	chr2	203987201	203987600	17_EnhW2	10736
chr2	204002727	204002728	rs10180704	chr2	203987201	203987600	17_EnhW2	15128
chr2	204002808	204002809	rs10180815	chr2	203987201	203987600	17_EnhW2	15209
chr2	204005071	204005072	rs72934573	chr2	203987201	203987600	17_EnhW2	17472
chr2	204005408	204005409	rs10932007	chr2	203987201	203987600	17_EnhW2	17809
chr2	204005531	204005532	rs4675314	chr2	203987201	203987600	17_EnhW2	17932
chr2	204005714	204005715	rs12615537	chr2	203987201	203987600	17_EnhW2	18115
chr2	204005876	204005877	rs4297863	chr2	203987201	203987600	17_EnhW2	18277
chr2	204005960	204005961	rs374024405	chr2	203987201	203987600	17_EnhW2	18361
chr2	204006241	204006242	rs6736046	chr2	203987201	203987600	17_EnhW2	18642
chr2	204006636	204006637	rs6751448	chr2	203987201	203987600	17_EnhW2	19037
chr2	204007738	204007739	rs4328616	chr2	203987201	203987600	17_EnhW2	20139
chr2	204009056	204009057	rs72934583	chr2	203987201	203987600	17_EnhW2	21457
chr2	204012789	204012790	rs7564679	chr2	203987201	203987600	17_EnhW2	25190
chr2	204013111	204013112	rs6435173	chr2	203987201	203987600	17_EnhW2	25512
chr2	204014654	204014655	rs7596118	chr2	203987201	203987600	17_EnhW2	27055
chr2	204015971	204015972	rs140201293	chr2	203987201	203987600	17_EnhW2	28372
chr2	204017936	204017937	rs72934589	chr2	203987201	203987600	17_EnhW2	30337
chr2	204018528	204018529	rs4675315	chr2	203987201	203987600	17_EnhW2	30929
chr2	204019330	204019331	rs4675316	chr2	203987201	203987600	17_EnhW2	31731
chr2	204019761	204019762	rs72934591	chr2	203987201	203987600	17_EnhW2	32162
chr2	204019843	204019844	rs4673243	chr2	203987201	203987600	17_EnhW2	32244
chr2	204021435	204021436	rs6725247	chr2	203987201	203987600	17_EnhW2	33836
chr2	204022019	204022020	rs9288334	chr2	203987201	203987600	17_EnhW2	34420
chr2	204025050	204025051	rs6435174	chr2	203987201	203987600	17_EnhW2	37451
chr2	204026030	204026031	rs2882771	chr2	203987201	203987600	17_EnhW2	38431
chr2	204027700	204027701	rs146099848	chr2	203987201	203987600	17_EnhW2	40101
chr2	204031136	204031137	rs72934601	chr2	203987201	203987600	17_EnhW2	43537
chr2	204031507	204031508	rs10174782	chr2	203987201	203987600	17_EnhW2	43908
chr2	204032322	204032323	rs9288335	chr2	203987201	203987600	17_EnhW2	44723
chr2	204034182	204034183	rs13403589	chr2	203987201	203987600	17_EnhW2	46583
chr2	204035714	204035715	rs1975211	chr2	203987201	203987600	17_EnhW2	48115
chr2	204036062	204036063	rs1560855	chr2	203987201	203987600	17_EnhW2	48463
chr2	204036356	204036357	rs72936304	chr2	203987201	203987600	17_EnhW2	48757
chr2	204037046	204037047	rs62182248	chr2	203987201	203987600	17_EnhW2	49447
chr2	204037131	204037132	rs12999642	chr2	203987201	203987600	17_EnhW2	49532
chr2	204039397	204039398	rs7570114	chr2	203987201	203987600	17_EnhW2	51798
chr2	204040295	204040296	rs72936309	chr2	203987201	203987600	17_EnhW2	52696
chr2	204041097	204041098	rs7565561	chr2	203987201	203987600	17_EnhW2	53498
chr2	204043065	204043066	rs4673244	chr2	203987201	203987600	17_EnhW2	55466
chr2	204043675	204043676	rs6726311	chr2	203987201	203987600	17_EnhW2	56076
chr2	204044048	204044049	rs62182250	chr2	203987201	203987600	17_EnhW2	56449
chr2	204044743	204044744	rs4675320	chr2	203987201	203987600	17_EnhW2	57144
chr2	204044771	204044772	rs4675321	chr2	203987201	203987600	17_EnhW2	57172
chr2	204045538	204045539	rs2043446	chr2	203987201	203987600	17_EnhW2	57939
chr2	204046459	204046460	rs2043447	chr2	203987201	203987600	17_EnhW2	58860
chr2	204046525	204046526	rs2043448	chr2	203987201	203987600	17_EnhW2	58926
chr2	204047587	204047588	rs10165638	chr2	203987201	203987600	17_EnhW2	59988
chr2	204047604	204047605	rs10165647	chr2	203987201	203987600	17_EnhW2	60005
chr2	204048839	204048840	rs10932008	chr2	203987201	203987600	17_EnhW2	61240
chr2	204050473	204050474	rs72936323	chr2	203987201	203987600	17_EnhW2	62874
chr2	204052060	204052061	rs10932009	chr2	203987201	203987600	17_EnhW2	64461
chr2	204052989	204052990	rs6435175	chr2	203987201	203987600	17_EnhW2	65390
chr2	204053741	204053742	rs11675464	chr2	203987201	203987600	17_EnhW2	66142
chr2	204054140	204054141	rs72936326	chr2	203987201	203987600	17_EnhW2	66541
chr2	204056677	204056678	rs72936332	chr2	204123601	204124200	17_EnhW2	66924
chr2	204057104	204057105	rs2117265	chr2	204123601	204124200	17_EnhW2	66497
chr2	204059776	204059777	rs13407718	chr2	204123601	204124200	17_EnhW2	63825
chr2	204059878	204059879	rs4675322	chr2	204123601	204124200	17_EnhW2	63723
chr2	204062060	204062061	rs4675323	chr2	204123601	204124200	17_EnhW2	61541
chr2	204062328	204062329	rs6714802	chr2	204123601	204124200	17_EnhW2	61273
chr2	204062727	204062728	rs188186531	chr2	204123601	204124200	17_EnhW2	60874
chr2	204064481	204064482	rs4673246	chr2	204123601	204124200	17_EnhW2	59120
chr2	204064838	204064839	rs72936348	chr2	204123601	204124200	17_EnhW2	58763
chr2	204067267	204067268	rs2060388	chr2	204123601	204124200	17_EnhW2	56334
chr2	204068029	204068030	rs5837846	chr2	204123601	204124200	17_EnhW2	55572
chr2	204068639	204068640	rs10932011	chr2	204123601	204124200	17_EnhW2	54962
chr2	204069400	204069401	rs7369865	chr2	204123601	204124200	17_EnhW2	54201
chr2	204070486	204070487	rs12477069	chr2	204123601	204124200	17_EnhW2	53115
chr2	204070955	204070956	rs72936353	chr2	204123601	204124200	17_EnhW2	52646
chr2	204071326	204071327	rs201464205	chr2	204123601	204124200	17_EnhW2	52275
chr2	204071557	204071558	rs11674841	chr2	204123601	204124200	17_EnhW2	52044
chr2	204071973	204071974	rs4276007	chr2	204123601	204124200	17_EnhW2	51628
chr2	204071989	204071990	rs192264476	chr2	204123601	204124200	17_EnhW2	51612
chr2	204072019	204072020	rs4491713	chr2	204123601	204124200	17_EnhW2	51582
chr2	204072870	204072871	rs6722395	chr2	204123601	204124200	17_EnhW2	50731
chr2	204075196	204075197	rs2164037	chr2	204123601	204124200	17_EnhW2	48405
chr2	204076095	204076096	rs966229	chr2	204123601	204124200	17_EnhW2	47506
chr2	204079312	204079313	rs2351772	chr2	204123601	204124200	17_EnhW2	44289
chr2	204079887	204079888	rs7572300	chr2	204123601	204124200	17_EnhW2	43714
chr2	204081310	204081311	rs10804132	chr2	204123601	204124200	17_EnhW2	42291
chr2	204081674	204081675	rs116219813	chr2	204123601	204124200	17_EnhW2	41927
chr2	204083052	204083053	rs71034229	chr2	204123601	204124200	17_EnhW2	40549
chr2	204084776	204084777	rs4547516	chr2	204123601	204124200	17_EnhW2	38825
chr2	204085634	204085635	rs12693982	chr2	204123601	204124200	17_EnhW2	37967
chr2	204086858	204086859	rs1434055	chr2	204123601	204124200	17_EnhW2	36743
chr2	204087036	204087037	rs10178417	chr2	204123601	204124200	17_EnhW2	36565
chr2	204088521	204088522	rs6704959	chr2	204123601	204124200	17_EnhW2	35080
chr2	204090886	204090887	rs2351773	chr2	204123601	204124200	17_EnhW2	32715
chr2	204091225	204091226	rs1865313	chr2	204123601	204124200	17_EnhW2	32376
chr2	204091463	204091464	rs1865314	chr2	204123601	204124200	17_EnhW2	32138
chr2	204092763	204092764	rs6760281	chr2	204123601	204124200	17_EnhW2	30838
chr2	204093039	204093040	rs7581515	chr2	204123601	204124200	17_EnhW2	30562
chr2	204093754	204093755	rs4499409	chr2	204123601	204124200	17_EnhW2	29847
chr2	204094580	204094581	rs11896061	chr2	204123601	204124200	17_EnhW2	29021
chr2	204094964	204094965	rs13414715	chr2	204123601	204124200	17_EnhW2	28637
chr2	204095800	204095801	rs2882770	chr2	204123601	204124200	17_EnhW2	27801
chr2	204097326	204097327	rs7596734	chr2	204123601	204124200	17_EnhW2	26275
chr2	204098259	204098260	rs2043445	chr2	204123601	204124200	17_EnhW2	25342
chr2	204101156	204101157	rs4625888	chr2	204123601	204124200	17_EnhW2	22445
chr2	204101327	204101328	rs6742900	chr2	204123601	204124200	17_EnhW2	22274
chr2	204104245	204104246	rs28662332	chr2	204123601	204124200	17_EnhW2	19356
chr2	204105114	204105115	rs12617502	chr2	204123601	204124200	17_EnhW2	18487
chr2	204105402	204105403	rs57235969	chr2	204123601	204124200	17_EnhW2	18199
chr2	204105995	204105996	rs7584129	chr2	204123601	204124200	17_EnhW2	17606
chr2	204106163	204106164	rs62183874	chr2	204123601	204124200	17_EnhW2	17438
chr2	204106723	204106724	rs6709164	chr2	204123601	204124200	17_EnhW2	16878
chr2	204107024	204107025	rs4675324	chr2	204123601	204124200	17_EnhW2	16577
chr2	204108066	204108067	rs10173354	chr2	204123601	204124200	17_EnhW2	15535
chr2	204108114	204108115	rs61258660	chr2	204123601	204124200	17_EnhW2	15487
chr2	204108508	204108509	rs6742936	chr2	204123601	204124200	17_EnhW2	15093
chr2	204108643	204108644	rs6743062	chr2	204123601	204124200	17_EnhW2	14958
chr2	204108731	204108732	rs6745954	chr2	204123601	204124200	17_EnhW2	14870
chr2	204109145	204109146	rs62183876	chr2	204123601	204124200	17_EnhW2	14456
chr2	204109454	204109455	rs201478049	chr2	204123601	204124200	17_EnhW2	14147
chr2	204110060	204110061	rs35335666	chr2	204123601	204124200	17_EnhW2	13541
chr2	204110747	204110748	rs56317341	chr2	204123601	204124200	17_EnhW2	12854
chr2	204111393	204111394	rs13015873	chr2	204123601	204124200	17_EnhW2	12208
chr2	204111397	204111398	rs10601301	chr2	204123601	204124200	17_EnhW2	12204
chr2	204111442	204111443	rs6435176	chr2	204123601	204124200	17_EnhW2	12159
chr2	204111996	204111997	rs6737353	chr2	204123601	204124200	17_EnhW2	11605
chr2	204112559	204112560	rs10192872	chr2	204123601	204124200	17_EnhW2	11042
chr2	204113629	204113630	rs6435177	chr2	204123601	204124200	17_EnhW2	9972
chr2	204114002	204114003	rs4675325	chr2	204123601	204124200	17_EnhW2	9599
chr2	204114243	204114244	rs4673251	chr2	204123601	204124200	17_EnhW2	9358
chr2	204114964	204114965	rs4675326	chr2	204123601	204124200	17_EnhW2	8637
chr2	204115239	204115240	rs55928141	chr2	204123601	204124200	17_EnhW2	8362
chr2	204115900	204115901	rs11693128	chr2	204123601	204124200	17_EnhW2	7701
chr2	204116659	204116660	rs3731694	chr2	204123601	204124200	17_EnhW2	6942
chr2	204116689	204116690	rs2043449	chr2	204123601	204124200	17_EnhW2	6912
chr2	204116886	204116887	rs2351771	chr2	204123601	204124200	17_EnhW2	6715
chr2	204117166	204117167	rs62183880	chr2	204123601	204124200	17_EnhW2	6435
chr2	204117671	204117672	rs13408163	chr2	204123601	204124200	17_EnhW2	5930
chr2	204118059	204118060	rs6761475	chr2	204123601	204124200	17_EnhW2	5542
chr2	204118238	204118239	rs6761706	chr2	204123601	204124200	17_EnhW2	5363
chr2	204118307	204118308	rs6704588	chr2	204123601	204124200	17_EnhW2	5294
chr2	204118830	204118831	rs140452651	chr2	204123601	204124200	17_EnhW2	4771
chr2	204120807	204120808	rs4675327	chr2	204123601	204124200	17_EnhW2	2794
chr2	204120885	204120886	rs36075726	chr2	204123601	204124200	17_EnhW2	2716
chr2	204120958	204120959	rs4261698	chr2	204123601	204124200	17_EnhW2	2643
chr2	204121062	204121063	rs72938315	chr2	204123601	204124200	17_EnhW2	2539
chr2	204121144	204121145	rs115600411	chr2	204123601	204124200	17_EnhW2	2457
chr2	204123110	204123111	rs56367282	chr2	204123601	204124200	17_EnhW2	491
chr2	204123949	204123950	rs6722162	chr2	204123601	204124200	17_EnhW2	0
chr2	204124992	204124993	rs7562438	chr2	204123601	204124200	17_EnhW2	793
chr2	204125267	204125268	rs56102300	chr2	204123601	204124200	17_EnhW2	1068
chr2	204125425	204125426	rs1469760	chr2	204123601	204124200	17_EnhW2	1226
chr2	204126462	204126463	rs10174606	chr2	204123601	204124200	17_EnhW2	2263
chr2	204127319	204127320	rs139860948	chr2	204123601	204124200	17_EnhW2	3120
chr2	204128909	204128910	rs10207899	chr2	204123601	204124200	17_EnhW2	4710
chr2	204129310	204129311	rs11683120	chr2	204123601	204124200	17_EnhW2	5111
chr2	204129439	204129440	rs36039340	chr2	204123601	204124200	17_EnhW2	5240
chr2	204129895	204129896	rs10211196	chr2	204123601	204124200	17_EnhW2	5696
chr2	204130717	204130718	rs6713579	chr2	204123601	204124200	17_EnhW2	6518
chr2	204130944	204130945	rs6714078	chr2	204123601	204124200	17_EnhW2	6745
chr2	204133376	204133377	rs12693983	chr2	204123601	204124200	17_EnhW2	9177
chr2	204134219	204134220	rs201282613	chr2	204123601	204124200	17_EnhW2	10020
chr2	204134281	204134282	rs72938327	chr2	204123601	204124200	17_EnhW2	10082
chr2	204135269	204135270	rs7606820	chr2	204123601	204124200	17_EnhW2	11070
chr2	204136752	204136753	rs62183904	chr2	204123601	204124200	17_EnhW2	12553
chr2	204141077	204141078	rs1594833	chr2	204123601	204124200	17_EnhW2	16878
chr2	204142076	204142077	rs112558679	chr2	204123601	204124200	17_EnhW2	17877
chr2	204142527	204142528	rs62183907	chr2	204123601	204124200	17_EnhW2	18328
chr2	204142558	204142559	rs10169383	chr2	204123601	204124200	17_EnhW2	18359
chr2	204143125	204143126	rs2043444	chr2	204123601	204124200	17_EnhW2	18926
chr2	204147221	204147222	rs12470569	chr2	204123601	204124200	17_EnhW2	23022
chr2	204147420	204147421	rs12620526	chr2	204123601	204124200	17_EnhW2	23221
chr2	204147846	204147847	rs56324250	chr2	204123601	204124200	17_EnhW2	23647
chr2	204148986	204148987	rs7608286	chr2	204123601	204124200	17_EnhW2	24787
chr2	204150704	204150705	rs12468888	chr2	204123601	204124200	17_EnhW2	26505
chr2	204151152	204151153	rs71408923	chr2	204123601	204124200	17_EnhW2	26953
chr2	204151502	204151503	rs72938351	chr2	204123601	204124200	17_EnhW2	27303
chr2	204152134	204152135	rs62183910	chr2	204123601	204124200	17_EnhW2	27935
chr2	204152380	204152381	rs72938355	chr2	204123601	204124200	17_EnhW2	28181
chr2	204152428	204152429	rs111299516	chr2	204123601	204124200	17_EnhW2	28229
chr2	204152532	204152533	rs12693984	chr2	204123601	204124200	17_EnhW2	28333
chr2	204153645	204153646	rs4675328	chr2	204123601	204124200	17_EnhW2	29446
chr2	204154324	204154325	rs7593677	chr2	204123601	204124200	17_EnhW2	30125
chr2	204154551	204154552	rs1048013	chr2	204123601	204124200	17_EnhW2	30352
chr2	204154676	204154677	rs114407963	chr2	204123601	204124200	17_EnhW2	30477
chr2	204154685	204154686	rs10170454	chr2	204123601	204124200	17_EnhW2	30486
chr2	204155862	204155863	rs6435178	chr2	204123601	204124200	17_EnhW2	31663
chr2	204156756	204156757	rs6435179	chr2	204123601	204124200	17_EnhW2	32557
chr2	204157237	204157238	rs6727994	chr2	204123601	204124200	17_EnhW2	33038
chr2	204157938	204157939	rs73058770	chr2	204123601	204124200	17_EnhW2	33739
chr2	204158374	204158375	rs114863726	chr2	204191801	204192000	16_EnhW1	33427
chr2	204159152	204159153	rs13028366	chr2	204191801	204192000	16_EnhW1	32649
chr2	204159728	204159729	rs13034110	chr2	204191801	204192000	16_EnhW1	32073
chr2	204163144	204163145	rs1653	chr2	204191801	204192000	16_EnhW1	28657
chr2	204165170	204165171	rs11888559	chr2	204191801	204192000	16_EnhW1	26631
chr2	204165552	204165553	rs4675330	chr2	204191801	204192000	16_EnhW1	26249
chr2	204167373	204167374	rs62183912	chr2	204191801	204192000	16_EnhW1	24428
chr2	204169263	204169264	rs6435181	chr2	204191801	204192000	16_EnhW1	22538
chr2	204169273	204169274	rs6435182	chr2	204191801	204192000	16_EnhW1	22528
chr2	204169526	204169527	rs7577078	chr2	204191801	204192000	16_EnhW1	22275
chr2	204169829	204169830	rs4675331	chr2	204191801	204192000	16_EnhW1	21972
chr2	204170904	204170905	rs7563973	chr2	204191801	204192000	16_EnhW1	20897
chr2	204170956	204170957	rs4545995	chr2	204191801	204192000	16_EnhW1	20845
chr2	204171015	204171016	rs4533455	chr2	204191801	204192000	16_EnhW1	20786
chr2	204171561	204171562	rs4545996	chr2	204191801	204192000	16_EnhW1	20240
chr2	204172505	204172506	rs7422744	chr2	204191801	204192000	16_EnhW1	19296
chr2	204173570	204173571	rs6721743	chr2	204191801	204192000	16_EnhW1	18231
chr2	204187950	204187951	rs71408927	chr2	204191801	204192000	16_EnhW1	3851
chr2	204189473	204189474	rs4484022	chr2	204191801	204192000	16_EnhW1	2328
chr2	204190906	204190907	rs4675332	chr2	204191801	204192000	16_EnhW1	895
chr2	204196617	204196618	rs116426890	chr2	204191801	204192000	16_EnhW1	4618
chr2	204213502	204213503	rs6435185	chr2	204206001	204206200	18_EnhAc	7303
chr2	204219427	204219428	rs142389733	chr2	204206001	204206200	18_EnhAc	13228
chr2	204220425	204220426	rs13000591	chr2	204206001	204206200	18_EnhAc	14226
chr2	204226002	204226003	rs12474416	chr2	204206001	204206200	18_EnhAc	19803
chr2	204226330	204226331	rs12466364	chr2	204206001	204206200	18_EnhAc	20131
chr2	204236663	204236664	rs4588167	chr2	204206001	204206200	18_EnhAc	30464
chr2	204237920	204237921	rs4675337	chr2	204206001	204206200	18_EnhAc	31721
chr2	204242896	204242897	rs35071165	chr2	204206001	204206200	18_EnhAc	36697
chr2	204243758	204243759	rs10197623	chr2	204206001	204206200	18_EnhAc	37559
chr2	204267553	204267554	rs2248848	chr2	204206001	204206200	18_EnhAc	61354
chr2	204271510	204271511	rs12693989	chr2	204206001	204206200	18_EnhAc	65311
chr2	204273646	204273647	rs2469965	chr2	204206001	204206200	18_EnhAc	67447
chr2	204275721	204275722	rs35773712	chr2	204206001	204206200	18_EnhAc	69522
chr2	204281119	204281120	rs113217304	chr2	204349001	204349200	17_EnhW2	67882
chr2	204285773	204285774	rs13416670	chr2	204349001	204349200	17_EnhW2	63228
chr2	204290036	204290037	rs78999781	chr2	204349001	204349200	17_EnhW2	58965
chr2	204297211	204297212	rs10643013	chr2	204349001	204349200	17_EnhW2	51790
chr2	204297921	204297922	rs148150377	chr2	204349001	204349200	17_EnhW2	51080
chr2	204298555	204298556	rs71757799	chr2	204349001	204349200	17_EnhW2	50446
chr2	204298801	204298802	rs2264901	chr2	204349001	204349200	17_EnhW2	50200
chr2	204299255	204299256	rs2250800	chr2	204349001	204349200	17_EnhW2	49746
chr2	204300243	204300244	rs10639750	chr2	204349001	204349200	17_EnhW2	48758
chr2	204302395	204302396	rs2250390	chr2	204349001	204349200	17_EnhW2	46606
chr2	204306432	204306433	rs2247197	chr2	204349001	204349200	17_EnhW2	42569
chr2	204307002	204307003	rs2247097	chr2	204349001	204349200	17_EnhW2	41999
chr2	204307165	204307166	rs2247094	chr2	204349001	204349200	17_EnhW2	41836
chr2	204308362	204308363	rs71939597	chr2	204349001	204349200	17_EnhW2	40639
chr2	204308818	204308819	rs139307574	chr2	204349001	204349200	17_EnhW2	40183
chr2	204311921	204311922	rs2259148	chr2	204349001	204349200	17_EnhW2	37080
chr2	204313821	204313822	rs2259038	chr2	204349001	204349200	17_EnhW2	35180
chr2	204316632	204316633	rs2252163	chr2	204349001	204349200	17_EnhW2	32369
chr2	204321529	204321530	rs2256743	chr2	204349001	204349200	17_EnhW2	27472
chr2	204321642	204321643	rs2256733	chr2	204349001	204349200	17_EnhW2	27359
chr2	204321967	204321968	rs2256627	chr2	204349001	204349200	17_EnhW2	27034
chr2	204322386	204322387	rs2256607	chr2	204349001	204349200	17_EnhW2	26615
chr2	204324772	204324773	rs2256340	chr2	204349001	204349200	17_EnhW2	24229
chr2	204327054	204327055	rs2469952	chr2	204349001	204349200	17_EnhW2	21947
chr2	204327947	204327948	rs2246024	chr2	204349001	204349200	17_EnhW2	21054
chr2	204328165	204328166	rs2246015	chr2	204349001	204349200	17_EnhW2	20836
chr2	204328625	204328626	rs2246002	chr2	204349001	204349200	17_EnhW2	20376
chr2	204329144	204329145	rs2245883	chr2	204349001	204349200	17_EnhW2	19857
chr2	204329497	204329498	rs35193457	chr2	204349001	204349200	17_EnhW2	19504
chr2	204330527	204330528	rs2245769	chr2	204349001	204349200	17_EnhW2	18474
chr2	204331078	204331079	rs1376876	chr2	204349001	204349200	17_EnhW2	17923
chr2	204332426	204332427	rs2469951	chr2	204349001	204349200	17_EnhW2	16575
chr2	204336699	204336700	rs2469949	chr2	204349001	204349200	17_EnhW2	12302
chr2	204338483	204338484	rs744421	chr2	204349001	204349200	17_EnhW2	10518
chr2	204344711	204344712	rs10716526	chr2	204349001	204349200	17_EnhW2	4290
chr2	204346316	204346317	rs2732869	chr2	204349001	204349200	17_EnhW2	2685
chr2	204346741	204346742	rs2600718	chr2	204349001	204349200	17_EnhW2	2260
chr2	204347553	204347554	rs60402428	chr2	204349001	204349200	17_EnhW2	1448
chr2	204348115	204348116	rs2264903	chr2	204349001	204349200	17_EnhW2	886
chr2	204349283	204349284	rs2469960	chr2	204349201	204349800	15_EnhAF	0
chr2	204349306	204349307	rs2443802	chr2	204349201	204349800	15_EnhAF	0
chr2	204350287	204350288	rs2251789	chr2	204349801	204350000	18_EnhAc	288
chr2	204350595	204350596	rs2251771	chr2	204349801	204350000	18_EnhAc	596
chr2	204354822	204354823	rs2251317	chr2	204349801	204350000	18_EnhAc	4823
chr2	204355690	204355691	rs2443801	chr2	204349801	204350000	18_EnhAc	5691
chr2	204356510	204356511	rs2248312	chr2	204349801	204350000	18_EnhAc	6511
chr2	204356824	204356825	rs2259850	chr2	204349801	204350000	18_EnhAc	6825
chr2	204357254	204357255	rs2259819	chr2	204349801	204350000	18_EnhAc	7255
chr2	204359424	204359425	rs145616235	chr2	204349801	204350000	18_EnhAc	9425
chr2	204364149	204364150	rs10432517	chr2	204349801	204350000	18_EnhAc	14150
chr2	204366780	204366781	rs2258020	chr2	204349801	204350000	18_EnhAc	16781
chr2	204367310	204367311	rs139644567	chr2	204349801	204350000	18_EnhAc	17311
chr2	204371453	204371454	rs143919481	chr2	204349801	204350000	18_EnhAc	21454
chr2	204371467	204371468	rs190352900	chr2	204349801	204350000	18_EnhAc	21468
chr2	204371483	204371484	rs182751700	chr2	204349801	204350000	18_EnhAc	21484
chr2	204375601	204375602	rs2443799	chr2	204401001	204401200	16_EnhW1	25400
chr2	204378068	204378069	rs148145728	chr2	204401001	204401200	16_EnhW1	22933
chr2	204378286	204378287	rs13033802	chr2	204401001	204401200	16_EnhW1	22715
chr2	204379906	204379907	rs72486934	chr2	204401001	204401200	16_EnhW1	21095
chr2	204380490	204380491	rs2253968	chr2	204401001	204401200	16_EnhW1	20511
chr2	204381768	204381769	rs67086038	chr2	204401001	204401200	16_EnhW1	19233
chr2	204381771	204381772	rs72926501	chr2	204401001	204401200	16_EnhW1	19230
chr2	204383261	204383262	rs60376098	chr2	204401001	204401200	16_EnhW1	17740
chr2	204383915	204383916	rs10564912	chr2	204401001	204401200	16_EnhW1	17086
chr2	204384360	204384361	rs76829926	chr2	204401001	204401200	16_EnhW1	16641
chr2	204387676	204387677	rs2264235	chr2	204401001	204401200	16_EnhW1	13325
chr2	204388091	204388092	rs2264902	chr2	204401001	204401200	16_EnhW1	12910
chr2	204388494	204388495	rs36022636	chr2	204401001	204401200	16_EnhW1	12507
chr2	204389177	204389178	rs2250111	chr2	204401001	204401200	16_EnhW1	11824
chr2	204389404	204389405	rs2264234	chr2	204401001	204401200	16_EnhW1	11597
chr2	204390604	204390605	rs34038820	chr2	204401001	204401200	16_EnhW1	10397
chr2	204390740	204390741	rs59751009	chr2	204401001	204401200	16_EnhW1	10261
chr2	204391415	204391416	rs35670239	chr2	204401001	204401200	16_EnhW1	9586
chr2	204393775	204393776	rs12621137	chr2	204401001	204401200	16_EnhW1	7226
chr2	204399334	204399335	rs2469961	chr2	204401001	204401200	16_EnhW1	1667
chr2	204402792	204402793	rs10176600	chr2	204401001	204401200	16_EnhW1	1593
chr2	204403661	204403662	rs73060663	chr2	204401001	204401200	16_EnhW1	2462
chr2	204403951	204403952	rs2245613	chr2	204401001	204401200	16_EnhW1	2752
chr2	204405729	204405730	rs2443795	chr2	204401001	204401200	16_EnhW1	4530
chr2	204405746	204405747	rs2469955	chr2	204401001	204401200	16_EnhW1	4547
chr2	204406961	204406962	rs2443794	chr2	204401001	204401200	16_EnhW1	5762
chr2	204408000	204408001	rs2469959	chr2	204401001	204401200	16_EnhW1	6801
chr2	204409711	204409712	rs35010279	chr2	204401001	204401200	16_EnhW1	8512
chr2	204410226	204410227	rs11889242	chr2	204401001	204401200	16_EnhW1	9027
chr2	204410788	204410789	rs36094944	chr2	204401001	204401200	16_EnhW1	9589
chr2	204410845	204410846	rs34637226	chr2	204401001	204401200	16_EnhW1	9646
chr2	204411779	204411780	rs11883840	chr2	204401001	204401200	16_EnhW1	10580
chr2	204412420	204412421	rs12618230	chr2	204401001	204401200	16_EnhW1	11221
chr2	204413013	204413014	rs71427703	chr2	204401001	204401200	16_EnhW1	11814
chr2	204413784	204413785	rs72928423	chr2	204401001	204401200	16_EnhW1	12585
chr2	204413788	204413789	rs72928425	chr2	204401001	204401200	16_EnhW1	12589
chr2	204415065	204415066	rs35233938	chr2	204401001	204401200	16_EnhW1	13866
chr2	204415238	204415239	rs34993407	chr2	204401001	204401200	16_EnhW1	14039
chr2	204415655	204415656	rs145181701	chr2	204401001	204401200	16_EnhW1	14456
chr2	204416253	204416254	rs199790516	chr2	204401001	204401200	16_EnhW1	15054
chr2	204416841	204416842	rs12622645	chr2	204401001	204401200	16_EnhW1	15642
chr2	204416920	204416921	rs12616275	chr2	204401001	204401200	16_EnhW1	15721
chr2	204418927	204418928	rs72928437	chr2	204401001	204401200	16_EnhW1	17728
chr2	204421111	204421112	rs35775086	chr2	204401001	204401200	16_EnhW1	19912
chr2	204422329	204422330	rs11901836	chr2	204401001	204401200	16_EnhW1	21130
chr2	204427339	204427340	rs10174652	chr2	204443601	204444800	17_EnhW2	16262
chr2	204435945	204435946	rs78617107	chr2	204443601	204444800	17_EnhW2	7656
chr2	217250098	217250099	rs10206568	chr2	217250401	217251000	17_EnhW2	303
chr2	217252117	217252118	rs2243956	chr2	217250401	217251000	17_EnhW2	1118
chr2	217253041	217253042	rs62178598	chr2	217250401	217251000	17_EnhW2	2042
chr2	217253098	217253099	rs62178599	chr2	217250401	217251000	17_EnhW2	2099
chr2	217253276	217253277	rs10199099	chr2	217250401	217251000	17_EnhW2	2277
chr2	217256030	217256031	rs12694387	chr2	217257001	217257400	17_EnhW2	971
chr2	217257802	217257803	rs784543	chr2	217257001	217257400	17_EnhW2	403
chr2	217259827	217259828	rs138029082	chr2	217257001	217257400	17_EnhW2	2428
chr2	217259831	217259832	rs67130337	chr2	217257001	217257400	17_EnhW2	2432
chr2	217260555	217260556	rs17557636	chr2	217257001	217257400	17_EnhW2	3156
chr2	217261320	217261321	rs12694388	chr2	217264201	217264400	17_EnhW2	2881
chr2	217261959	217261960	rs10211039	chr2	217264201	217264400	17_EnhW2	2242
chr2	217261994	217261995	rs33976074	chr2	217264201	217264400	17_EnhW2	2207
chr2	217262503	217262504	rs7577388	chr2	217264201	217264400	17_EnhW2	1698
chr2	217262600	217262601	rs7563407	chr2	217264201	217264400	17_EnhW2	1601
chr2	217263241	217263242	rs13385640	chr2	217264201	217264400	17_EnhW2	960
chr2	217263285	217263286	rs13410937	chr2	217264201	217264400	17_EnhW2	916
chr2	217263384	217263385	rs13399149	chr2	217264201	217264400	17_EnhW2	817
chr2	217263828	217263829	rs61348925	chr2	217264201	217264400	17_EnhW2	373
chr2	217264669	217264670	rs13405529	chr2	217264201	217264400	17_EnhW2	270
chr2	217264887	217264888	rs13392290	chr2	217264201	217264400	17_EnhW2	488
chr2	217265012	217265013	rs13405912	chr2	217264201	217264400	17_EnhW2	613
chr2	217265044	217265045	rs13417789	chr2	217264201	217264400	17_EnhW2	645
chr2	217265832	217265833	rs12989690	chr2	217264201	217264400	17_EnhW2	1433
chr2	217266012	217266013	rs12990098	chr2	217264201	217264400	17_EnhW2	1613
chr2	217266116	217266117	rs12990340	chr2	217264201	217264400	17_EnhW2	1717
chr2	217266417	217266418	rs28670085	chr2	217264201	217264400	17_EnhW2	2018
chr2	217266704	217266705	rs13399493	chr2	217264201	217264400	17_EnhW2	2305
chr2	217267021	217267022	rs10193235	chr2	217264201	217264400	17_EnhW2	2622
chr2	217267155	217267156	rs10204303	chr2	217264201	217264400	17_EnhW2	2756
chr2	217267223	217267224	rs10181065	chr2	217264201	217264400	17_EnhW2	2824
chr2	217267520	217267521	rs34142901	chr2	217270401	217270600	17_EnhW2	2881
chr2	217267909	217267910	rs13428500	chr2	217270401	217270600	17_EnhW2	2492
chr2	217268211	217268212	rs34531090	chr2	217270401	217270600	17_EnhW2	2190
chr2	217268583	217268584	rs13028557	chr2	217270401	217270600	17_EnhW2	1818
chr2	217268593	217268594	rs34628773	chr2	217270401	217270600	17_EnhW2	1808
chr2	217268644	217268645	rs34028543	chr2	217270401	217270600	17_EnhW2	1757
chr2	217268747	217268748	rs34262345	chr2	217270401	217270600	17_EnhW2	1654
chr2	217268808	217268809	rs35137313	chr2	217270401	217270600	17_EnhW2	1593
chr2	217268838	217268839	rs35058455	chr2	217270401	217270600	17_EnhW2	1563
chr2	217268969	217268970	rs13432107	chr2	217270401	217270600	17_EnhW2	1432
chr2	217269053	217269054	rs12019162	chr2	217270401	217270600	17_EnhW2	1348
chr2	217269166	217269167	rs12019163	chr2	217270401	217270600	17_EnhW2	1235
chr2	217269693	217269694	rs62178623	chr2	217270401	217270600	17_EnhW2	708
chr2	217269759	217269760	rs62178624	chr2	217270401	217270600	17_EnhW2	642
chr2	217269769	217269770	rs34254658	chr2	217270401	217270600	17_EnhW2	632
chr2	217269815	217269816	rs13017960	chr2	217270401	217270600	17_EnhW2	586
chr2	217269953	217269954	rs4674084	chr2	217270401	217270600	17_EnhW2	448
chr2	217270092	217270093	rs6743973	chr2	217270401	217270600	17_EnhW2	309
chr2	217270393	217270394	rs6715548	chr2	217270401	217270600	17_EnhW2	8
chr2	217270399	217270400	rs6715549	chr2	217270401	217270600	17_EnhW2	2
chr2	217270449	217270450	rs6715563	chr2	217270401	217270600	17_EnhW2	0
chr2	217270498	217270499	rs6744432	chr2	217270401	217270600	17_EnhW2	0
chr2	217270861	217270862	rs10176384	chr2	217270401	217270600	17_EnhW2	262
chr2	217270875	217270876	rs10176393	chr2	217270401	217270600	17_EnhW2	276
chr2	217270917	217270918	rs10199760	chr2	217270401	217270600	17_EnhW2	318
chr2	217273195	217273196	rs10183193	chr2	217273201	217273800	17_EnhW2	6
chr2	217275482	217275483	rs13384294	chr2	217273201	217273800	17_EnhW2	1683
chr2	217277248	217277249	rs3755141	chr2	217273201	217273800	17_EnhW2	3449
chr2	217278729	217278730	rs1510841	chr2	217273201	217273800	17_EnhW2	4930
chr2	217282084	217282085	rs3836033	chr2	217273201	217273800	17_EnhW2	8285
chr2	217289514	217289515	rs2666290	chr2	217273201	217273800	17_EnhW2	15715
chr2	217292361	217292362	rs2738281	chr2	217310201	217310400	17_EnhW2	17840
chr2	217293993	217293994	rs2738282	chr2	217310201	217310400	17_EnhW2	16208
chr2	217299334	217299335	rs13389512	chr2	217310201	217310400	17_EnhW2	10867
chr2	217302163	217302164	rs2738276	chr2	217310201	217310400	17_EnhW2	8038
chr2	217302232	217302233	rs2738277	chr2	217310201	217310400	17_EnhW2	7969
chr2	217305479	217305480	rs2627046	chr2	217310201	217310400	17_EnhW2	4722
chr2	217311608	217311609	rs2738284	chr2	217310201	217310400	17_EnhW2	1209
chr2	217313740	217313741	rs1033085	chr2	217310201	217310400	17_EnhW2	3341
chr2	217314105	217314106	rs144769080	chr2	217310201	217310400	17_EnhW2	3706
chr2	217317211	217317212	rs3836028	chr2	217310201	217310400	17_EnhW2	6812
chr2	217318802	217318803	rs755625	chr2	217310201	217310400	17_EnhW2	8403
chr2	217323057	217323058	rs149005952	chr2	217310201	217310400	17_EnhW2	12658
chr2	217325316	217325317	rs71054475	chr2	217310201	217310400	17_EnhW2	14917
chr2	217325322	217325323	rs34380167	chr2	217310201	217310400	17_EnhW2	14923
chr2	217325610	217325611	rs10207455	chr2	217310201	217310400	17_EnhW2	15211
chr2	217327558	217327559	rs12694389	chr2	217310201	217310400	17_EnhW2	17159
chr2	217330900	217330901	rs7590302	chr2	217310201	217310400	17_EnhW2	20501
chr2	217332053	217332054	rs12694390	chr2	217310201	217310400	17_EnhW2	21654
chr2	217334051	217334052	rs13023747	chr2	217310201	217310400	17_EnhW2	23652
chr2	217335001	217335002	rs284528	chr2	217357801	217358400	17_EnhW2	22800
chr2	217336583	217336584	rs1983219	chr2	217357801	217358400	17_EnhW2	21218
chr2	217336644	217336645	rs1983218	chr2	217357801	217358400	17_EnhW2	21157
chr2	217339176	217339177	rs111287911	chr2	217357801	217358400	17_EnhW2	18625
chr2	217342395	217342396	rs2280043	chr2	217357801	217358400	17_EnhW2	15406
chr2	217343951	217343952	rs1110998	chr2	217357801	217358400	17_EnhW2	13850
chr2	217349835	217349836	rs2738287	chr2	217357801	217358400	17_EnhW2	7966
chr2	217352252	217352253	rs2738290	chr2	217357801	217358400	17_EnhW2	5549
chr2	217369185	217369186	rs998102	chr2	217357801	217358400	17_EnhW2	10786
chr2	217369754	217369755	rs35612822	chr2	217357801	217358400	17_EnhW2	11355
chr2	217372827	217372828	rs34851999	chr2	217357801	217358400	17_EnhW2	14428
chr2	217374149	217374150	rs35404558	chr2	217357801	217358400	17_EnhW2	15750
chr2	217375850	217375851	rs12994218	chr2	217357801	217358400	17_EnhW2	17451
chr2	217377780	217377781	rs13034451	chr2	217357801	217358400	17_EnhW2	19381
chr2	217381763	217381764	rs10194227	chr2	217400001	217400400	17_EnhW2	18238
chr2	217384481	217384482	rs13015080	chr2	217400001	217400400	17_EnhW2	15520
chr2	217389609	217389610	rs71054481	chr2	217400001	217400400	17_EnhW2	10392
chr2	219318247	219318248	rs80085898	chr2	219316001	219316600	17_EnhW2	1648
chr2	219384505	219384506	rs114727537	chr2	219366401	219367600	15_EnhAF	16906
chr2	219491629	219491630	rs115001095	chr2	219487601	219488000	16_EnhW1	3630
chr2	219628326	219628327	rs76874831	chr2	219659601	219659800	17_EnhW2	31275
chr2	219669374	219669375	rs11677711	chr2	219670001	219670200	17_EnhW2	627
chr2	227129472	227129473	rs2972141	chr2	227190401	227190600	17_EnhW2	60929
chr2	227129554	227129555	rs2972142	chr2	227190401	227190600	17_EnhW2	60847
chr2	227133416	227133417	rs5839152	chr2	227190401	227190600	17_EnhW2	56985
chr2	227134378	227134379	rs2673127	chr2	227190401	227190600	17_EnhW2	56023
chr2	227134515	227134516	rs2713538	chr2	227190401	227190600	17_EnhW2	55886
chr2	227136340	227136341	rs1033202	chr2	227190401	227190600	17_EnhW2	54061
chr2	227136813	227136814	rs1515101	chr2	227190401	227190600	17_EnhW2	53588
chr2	227139571	227139572	rs2673129	chr2	227190401	227190600	17_EnhW2	50830
chr2	227140028	227140029	rs2673130	chr2	227190401	227190600	17_EnhW2	50373
chr2	227142665	227142666	rs1849878	chr2	227190401	227190600	17_EnhW2	47736
chr2	227144958	227144959	rs2673133	chr2	227190401	227190600	17_EnhW2	45443
chr2	227149195	227149196	rs71410385	chr2	227190401	227190600	17_EnhW2	41206
chr2	227149207	227149208	rs567779929	chr2	227190401	227190600	17_EnhW2	41194
chr2	227149803	227149804	rs2713545	chr2	227190401	227190600	17_EnhW2	40598
chr2	227161137	227161138	rs2673139	chr2	227190401	227190600	17_EnhW2	29264
chr2	227163141	227163142	rs2713537	chr2	227190401	227190600	17_EnhW2	27260
chr2	227173010	227173011	rs2713555	chr2	227190401	227190600	17_EnhW2	17391
chr2	227174309	227174310	rs2713554	chr2	227190401	227190600	17_EnhW2	16092
chr2	227174982	227174983	rs2673148	chr2	227190401	227190600	17_EnhW2	15419
chr2	227175676	227175677	rs35025214	chr2	227190401	227190600	17_EnhW2	14725
chr2	227177201	227177202	rs2673147	chr2	227190401	227190600	17_EnhW2	13200
chr2	227177235	227177236	rs2713547	chr2	227190401	227190600	17_EnhW2	13166
chr2	227177545	227177546	rs2713546	chr2	227190401	227190600	17_EnhW2	12856
chr2	227179470	227179471	rs2673146	chr2	227190401	227190600	17_EnhW2	10931
chr2	231918202	231918203	rs62193695	chr2	231880601	231881000	17_EnhW2	37203
chr2	231918753	231918754	rs13411148	chr2	231880601	231881000	17_EnhW2	37754
chr2	231921585	231921586	rs12469096	chr2	231880601	231881000	17_EnhW2	40586
chr2	231923052	231923053	rs12617646	chr2	231880601	231881000	17_EnhW2	42053
chr2	231923558	231923559	rs12694886	chr2	231880601	231881000	17_EnhW2	42559
chr2	231923738	231923739	rs61294225	chr2	231880601	231881000	17_EnhW2	42739
chr2	231927568	231927569	rs3815844	chr2	231880601	231881000	17_EnhW2	46569
chr2	231927664	231927665	rs3769990	chr2	231880601	231881000	17_EnhW2	46665
chr2	231929629	231929630	rs35167435	chr2	231880601	231881000	17_EnhW2	48630
chr2	231930134	231930135	rs78890542	chr2	231979001	231981000	17_EnhW2	48867
chr2	231930565	231930566	rs7581418	chr2	231979001	231981000	17_EnhW2	48436
chr2	231930681	231930682	rs7564129	chr2	231979001	231981000	17_EnhW2	48320
chr2	231931132	231931133	rs13430145	chr2	231979001	231981000	17_EnhW2	47869
chr2	231931215	231931216	rs13416929	chr2	231979001	231981000	17_EnhW2	47786
chr2	231935917	231935918	rs55637820	chr2	231979001	231981000	17_EnhW2	43084
chr2	231937504	231937505	rs2288147	chr2	231979001	231981000	17_EnhW2	41497
chr2	231940591	231940592	rs60563689	chr2	231979001	231981000	17_EnhW2	38410
chr2	231940959	231940960	rs1472959	chr2	231979001	231981000	17_EnhW2	38042
chr2	231941251	231941252	rs6741145	chr2	231979001	231981000	17_EnhW2	37750
chr2	231942491	231942492	rs6436999	chr2	231979001	231981000	17_EnhW2	36510
chr2	231944372	231944373	rs2303353	chr2	231979001	231981000	17_EnhW2	34629
chr2	231947215	231947216	rs7559702	chr2	231979001	231981000	17_EnhW2	31786
chr2	231947431	231947432	rs2007131	chr2	231979001	231981000	17_EnhW2	31570
chr2	231948177	231948178	rs906879	chr2	231979001	231981000	17_EnhW2	30824
chr2	231948800	231948801	rs13411316	chr2	231979001	231981000	17_EnhW2	30201
chr2	231949945	231949946	rs2303357	chr2	231979001	231981000	17_EnhW2	29056
chr2	231954090	231954091	rs2161891	chr2	231979001	231981000	17_EnhW2	24911
chr2	231955044	231955045	rs12619336	chr2	231979001	231981000	17_EnhW2	23957
chr2	231955544	231955545	rs722040	chr2	231979001	231981000	17_EnhW2	23457
chr2	231957260	231957261	rs7603942	chr2	231979001	231981000	17_EnhW2	21741
chr2	231957323	231957324	rs7604219	chr2	231979001	231981000	17_EnhW2	21678
chr2	231958191	231958192	rs7581188	chr2	231979001	231981000	17_EnhW2	20810
chr2	231961581	231961582	rs10197001	chr2	231979001	231981000	17_EnhW2	17420
chr2	231965064	231965065	rs2161892	chr2	231979001	231981000	17_EnhW2	13937
chr2	231967209	231967210	rs6746156	chr2	231979001	231981000	17_EnhW2	11792
chr2	231967609	231967610	rs7595464	chr2	231979001	231981000	17_EnhW2	11392
chr2	231968814	231968815	rs60440887	chr2	231979001	231981000	17_EnhW2	10187
chr2	231968919	231968920	rs13394402	chr2	231979001	231981000	17_EnhW2	10082
chr2	231969553	231969554	rs10199752	chr2	231979001	231981000	17_EnhW2	9448
chr2	231970731	231970732	rs11296704	chr2	231979001	231981000	17_EnhW2	8270
chr2	231977526	231977527	rs6437000	chr2	231979001	231981000	17_EnhW2	1475
chr2	231979354	231979355	rs17440378	chr2	231979001	231981000	17_EnhW2	0
chr2	231980018	231980019	rs10194776	chr2	231979001	231981000	17_EnhW2	0
chr2	231980776	231980777	rs16827801	chr2	231979001	231981000	17_EnhW2	0
chr2	231982825	231982826	rs1549339	chr2	231979001	231981000	17_EnhW2	1826
chr2	231987954	231987955	rs7607338	chr2	231988001	231988200	17_EnhW2	47
chr2	231990370	231990371	rs10187149	chr2	231988601	231990000	17_EnhW2	371
chr2	231990666	231990667	rs765458	chr2	231988601	231990000	17_EnhW2	667
chr2	231993037	231993038	rs10498257	chr2	231988601	231990000	17_EnhW2	3038
chr2	231993737	231993738	rs12471957	chr2	231997001	231997200	17_EnhW2	3264
chr2	231995769	231995770	rs59886388	chr2	231997001	231997200	17_EnhW2	1232
chr2	231996575	231996576	rs7565408	chr2	231997001	231997200	17_EnhW2	426
chr2	231996954	231996955	rs3754981	chr2	231997001	231997200	17_EnhW2	47
chr2	232004289	232004290	rs57481522	chr2	231999401	231999600	17_EnhW2	4690
chr2	232004468	232004469	rs72983619	chr2	231999401	231999600	17_EnhW2	4869
chr2	232006785	232006786	rs62193731	chr2	231999401	231999600	17_EnhW2	7186
chr2	232006921	232006922	rs7585887	chr2	231999401	231999600	17_EnhW2	7322
chr2	232008304	232008305	rs1035620	chr2	231999401	231999600	17_EnhW2	8705
chr2	232008472	232008473	rs2175147	chr2	231999401	231999600	17_EnhW2	8873
chr2	232011260	232011261	rs3835946	chr2	231999401	231999600	17_EnhW2	11661
chr2	232011439	232011440	rs3769989	chr2	231999401	231999600	17_EnhW2	11840
chr2	232013303	232013304	rs6437001	chr2	231999401	231999600	17_EnhW2	13704
chr2	232018978	232018979	rs4350740	chr2	232027801	232028600	17_EnhW2	8823
chr2	232020220	232020221	rs35113044	chr2	232027801	232028600	17_EnhW2	7581
chr2	232020820	232020821	rs6707708	chr2	232027801	232028600	17_EnhW2	6981
chr2	232021261	232021262	rs4635521	chr2	232027801	232028600	17_EnhW2	6540
chr2	232022980	232022981	rs11893395	chr2	232027801	232028600	17_EnhW2	4821
chr2	232029567	232029568	rs13402242	chr2	232027801	232028600	17_EnhW2	968
chr2	232030300	232030301	rs6437003	chr2	232027801	232028600	17_EnhW2	1701
chr2	232030509	232030510	rs2303351	chr2	232027801	232028600	17_EnhW2	1910
chr2	232030554	232030555	rs2303350	chr2	232027801	232028600	17_EnhW2	1955
chr2	232030860	232030861	rs2303349	chr2	232027801	232028600	17_EnhW2	2261
chr2	232031221	232031222	rs57532122	chr2	232027801	232028600	17_EnhW2	2622
chr2	232034341	232034342	rs1025107	chr2	232027801	232028600	17_EnhW2	5742
chr2	232035428	232035429	rs6749	chr2	232027801	232028600	17_EnhW2	6829
chr2	232035792	232035793	rs2032953	chr2	232027801	232028600	17_EnhW2	7193
chr2	232036395	232036396	rs12463656	chr2	232027801	232028600	17_EnhW2	7796
chr2	232036842	232036843	rs12468767	chr2	232044401	232044800	17_EnhW2	7559
chr2	232040046	232040047	rs6706191	chr2	232044401	232044800	17_EnhW2	4355
chr2	232042277	232042278	rs10564756	chr2	232044401	232044800	17_EnhW2	2124
chr2	232043849	232043850	rs2887283	chr2	232044401	232044800	17_EnhW2	552
chr2	232044653	232044654	rs6724181	chr2	232044401	232044800	17_EnhW2	0
chr2	232044683	232044684	rs6755467	chr2	232044401	232044800	17_EnhW2	0
chr2	232045063	232045064	rs6727422	chr2	232045001	232045200	17_EnhW2	0
chr2	232045267	232045268	rs6727962	chr2	232045001	232045200	17_EnhW2	68
chr2	232045516	232045517	rs12467855	chr2	232045001	232045200	17_EnhW2	317
chr2	232045647	232045648	rs16827834	chr2	232045001	232045200	17_EnhW2	448
chr2	232047027	232047028	rs6706471	chr2	232046801	232047400	17_EnhW2	0
chr2	232047032	232047033	rs114684524	chr2	232046801	232047400	17_EnhW2	0
chr2	232047034	232047035	rs6706474	chr2	232046801	232047400	17_EnhW2	0
chr2	232047560	232047561	rs7585622	chr2	232046801	232047400	17_EnhW2	161
chr2	232048058	232048059	rs7588692	chr2	232046801	232047400	17_EnhW2	659
chr2	232048318	232048319	rs6739959	chr2	232046801	232047400	17_EnhW2	919
chr2	232048611	232048612	rs56295567	chr2	232046801	232047400	17_EnhW2	1212
chr2	232049055	232049056	rs7592659	chr2	232046801	232047400	17_EnhW2	1656
chr2	232049463	232049464	rs56161330	chr2	232046801	232047400	17_EnhW2	2064
chr2	232049483	232049484	rs55878747	chr2	232046801	232047400	17_EnhW2	2084
chr2	232049647	232049648	rs55998106	chr2	232046801	232047400	17_EnhW2	2248
chr2	232049721	232049722	rs10169827	chr2	232046801	232047400	17_EnhW2	2322
chr2	232050071	232050072	rs10206322	chr2	232046801	232047400	17_EnhW2	2672
chr2	232050602	232050603	rs10179264	chr2	232046801	232047400	17_EnhW2	3203
chr2	232050612	232050613	rs35443401	chr2	232046801	232047400	17_EnhW2	3213
chr2	232050617	232050618	rs35527845	chr2	232046801	232047400	17_EnhW2	3218
chr2	232050652	232050653	rs10202608	chr2	232046801	232047400	17_EnhW2	3253
chr2	232050795	232050796	rs10202782	chr2	232046801	232047400	17_EnhW2	3396
chr2	232050851	232050852	rs10202806	chr2	232046801	232047400	17_EnhW2	3452
chr2	232051355	232051356	rs6730886	chr2	232054601	232054800	17_EnhW2	3246
chr2	232051387	232051388	rs6730987	chr2	232054601	232054800	17_EnhW2	3214
chr2	232051415	232051416	rs149733127	chr2	232054601	232054800	17_EnhW2	3186
chr2	232051464	232051465	rs6437004	chr2	232054601	232054800	17_EnhW2	3137
chr2	232052493	232052494	rs55970645	chr2	232054601	232054800	17_EnhW2	2108
chr2	232053166	232053167	rs6738687	chr2	232054601	232054800	17_EnhW2	1435
chr2	232054466	232054467	rs62197317	chr2	232054601	232054800	17_EnhW2	135
chr2	232054513	232054514	rs7565313	chr2	232054601	232054800	17_EnhW2	88
chr2	232054575	232054576	rs7606037	chr2	232054601	232054800	17_EnhW2	26
chr2	232054896	232054897	rs55748426	chr2	232054801	232055400	16_EnhW1	0
chr2	232055152	232055153	rs6761645	chr2	232054801	232055400	16_EnhW1	0
chr2	232055683	232055684	rs6749936	chr2	232054801	232055400	16_EnhW1	284
chr2	232055734	232055735	rs6437005	chr2	232056001	232056800	17_EnhW2	267
chr2	232056174	232056175	rs11307833	chr2	232056001	232056800	17_EnhW2	0
chr2	232058492	232058493	rs2368563	chr2	232056801	232057800	16_EnhW1	693
chr2	232058784	232058785	rs34826493	chr2	232056801	232057800	16_EnhW1	985
chr2	232059420	232059421	rs144549877	chr2	232056801	232057800	16_EnhW1	1621
chr2	232060049	232060050	rs12470661	chr2	232056801	232057800	16_EnhW1	2250
chr2	232060365	232060366	rs62197320	chr2	232062401	232062600	16_EnhW1	2036
chr2	232060552	232060553	rs13431424	chr2	232062401	232062600	16_EnhW1	1849
chr2	232060842	232060843	rs60664562	chr2	232062401	232062600	16_EnhW1	1559
chr2	232061519	232061520	rs62197322	chr2	232062401	232062600	16_EnhW1	882
chr2	232061966	232061967	rs6753393	chr2	232062401	232062600	16_EnhW1	435
chr2	232062350	232062351	rs7601741	chr2	232062401	232062600	16_EnhW1	51
chr2	232063577	232063578	rs3731775	chr2	232064201	232064400	16_EnhW1	624
chr2	232063713	232063714	rs62197323	chr2	232064201	232064400	16_EnhW1	488
chr2	232063945	232063946	rs58383275	chr2	232064201	232064400	16_EnhW1	256
chr2	232063996	232063997	rs28678038	chr2	232064201	232064400	16_EnhW1	205
chr2	232064181	232064182	rs28690417	chr2	232064201	232064400	16_EnhW1	20
chr2	232064966	232064967	rs12478335	chr2	232064201	232064400	16_EnhW1	567
chr2	232065306	232065307	rs12478520	chr2	232066201	232066400	17_EnhW2	895
chr2	232065388	232065389	rs113415095	chr2	232066201	232066400	17_EnhW2	813
chr2	232065459	232065460	rs78839329	chr2	232066201	232066400	17_EnhW2	742
chr2	232065863	232065864	rs60953838	chr2	232066201	232066400	17_EnhW2	338
chr2	232066703	232066704	rs2006780	chr2	232066201	232066400	17_EnhW2	304
chr2	232066873	232066874	rs2005013	chr2	232066201	232066400	17_EnhW2	474
chr2	232068540	232068541	rs7571479	chr2	232066201	232066400	17_EnhW2	2141
chr2	232068888	232068889	rs5839392	chr2	232066201	232066400	17_EnhW2	2489
chr2	232069082	232069083	rs57199832	chr2	232066201	232066400	17_EnhW2	2683
chr2	232072795	232072796	rs112353881	chr2	232066201	232066400	17_EnhW2	6396
chr2	232072911	232072912	rs11558174	chr2	232066201	232066400	17_EnhW2	6512
chr2	232073105	232073106	rs12465438	chr2	232066201	232066400	17_EnhW2	6706
chr2	232073281	232073282	rs12465477	chr2	232066201	232066400	17_EnhW2	6882
chr2	232074478	232074479	rs732079	chr2	232066201	232066400	17_EnhW2	8079
chr2	232075527	232075528	rs4637098	chr2	232066201	232066400	17_EnhW2	9128
chr2	232075849	232075850	rs10568756	chr2	232066201	232066400	17_EnhW2	9450
chr2	232076723	232076724	rs1477470	chr2	232066201	232066400	17_EnhW2	10324
chr2	232077074	232077075	rs5018532	chr2	232066201	232066400	17_EnhW2	10675
chr2	232077669	232077670	rs16827863	chr2	232066201	232066400	17_EnhW2	11270
chr2	232077947	232077948	rs10187005	chr2	232066201	232066400	17_EnhW2	11548
chr2	232079115	232079116	rs13423632	chr2	232066201	232066400	17_EnhW2	12716
chr2	232082699	232082700	rs369924160	chr2	232092401	232092600	15_EnhAF	9702
chr2	232083527	232083528	rs12478898	chr2	232092401	232092600	15_EnhAF	8874
chr2	232083855	232083856	rs147014769	chr2	232092401	232092600	15_EnhAF	8546
chr2	232084410	232084411	rs10202295	chr2	232092401	232092600	15_EnhAF	7991
chr2	232085297	232085298	rs9750018	chr2	232092401	232092600	15_EnhAF	7104
chr2	232086054	232086055	rs7598728	chr2	232092401	232092600	15_EnhAF	6347
chr2	232088294	232088295	rs58067379	chr2	232092401	232092600	15_EnhAF	4107
chr2	232091756	232091757	rs10181630	chr2	232092401	232092600	15_EnhAF	645
chr2	232091947	232091948	rs6437008	chr2	232092401	232092600	15_EnhAF	454
chr2	232092300	232092301	rs16827879	chr2	232092401	232092600	15_EnhAF	101
chr2	232095483	232095484	rs9973675	chr2	232093001	232094200	15_EnhAF	1284
chr2	232095586	232095587	rs9973370	chr2	232093001	232094200	15_EnhAF	1387
chr2	232096406	232096407	rs56732024	chr2	232093001	232094200	15_EnhAF	2207
chr2	232096722	232096723	rs10198572	chr2	232093001	232094200	15_EnhAF	2523
chr2	232097382	232097383	rs9973970	chr2	232093001	232094200	15_EnhAF	3183
chr2	232104078	232104079	rs7573577	chr2	232109601	232110200	17_EnhW2	5523
chr2	232106244	232106245	rs6731682	chr2	232109601	232110200	17_EnhW2	3357
chr2	232106856	232106857	rs7584535	chr2	232109601	232110200	17_EnhW2	2745
chr2	232108245	232108246	rs7562116	chr2	232109601	232110200	17_EnhW2	1356
chr2	232109815	232109816	rs6704770	chr2	232109601	232110200	17_EnhW2	0
chr2	232110482	232110483	rs6437009	chr2	232109601	232110200	17_EnhW2	283
chr2	232111671	232111672	rs34751620	chr2	232109601	232110200	17_EnhW2	1472
chr2	232112449	232112450	rs1881484	chr2	232109601	232110200	17_EnhW2	2250
chr2	232112729	232112730	rs6708809	chr2	232109601	232110200	17_EnhW2	2530
chr2	232113262	232113263	rs6437010	chr2	232109601	232110200	17_EnhW2	3063
chr2	232113887	232113888	rs12470450	chr2	232109601	232110200	17_EnhW2	3688
chr2	232115886	232115887	rs7598478	chr2	232109601	232110200	17_EnhW2	5687
chr2	232117512	232117513	rs1973016	chr2	232109601	232110200	17_EnhW2	7313
chr2	232117818	232117819	rs147245510	chr2	232109601	232110200	17_EnhW2	7619
chr2	232118812	232118813	rs12621567	chr2	232125601	232125800	17_EnhW2	6789
chr2	232120478	232120479	rs12612801	chr2	232125601	232125800	17_EnhW2	5123
chr2	232121641	232121642	rs10181602	chr2	232125601	232125800	17_EnhW2	3960
chr2	232121997	232121998	rs6724253	chr2	232125601	232125800	17_EnhW2	3604
chr2	232122347	232122348	rs6711312	chr2	232125601	232125800	17_EnhW2	3254
chr2	232122481	232122482	rs9679430	chr2	232125601	232125800	17_EnhW2	3120
chr2	232122575	232122576	rs11897387	chr2	232125601	232125800	17_EnhW2	3026
chr2	232124126	232124127	rs13408391	chr2	232125601	232125800	17_EnhW2	1475
chr2	232125631	232125632	rs13428369	chr2	232125601	232125800	17_EnhW2	0
chr2	232126289	232126290	rs9677476	chr2	232125601	232125800	17_EnhW2	490
chr2	232126533	232126534	rs13415839	chr2	232125601	232125800	17_EnhW2	734
chr2	232126697	232126698	rs62197345	chr2	232125601	232125800	17_EnhW2	898
chr2	232127711	232127712	rs36036355	chr2	232125601	232125800	17_EnhW2	1912
chr2	232131216	232131217	rs60240472	chr2	232125601	232125800	17_EnhW2	5417
chr2	232132373	232132374	rs13418346	chr2	232125601	232125800	17_EnhW2	6574
chr2	232132983	232132984	rs12621280	chr2	232125601	232125800	17_EnhW2	7184
chr2	232135540	232135541	rs7604042	chr2	232125601	232125800	17_EnhW2	9741
chr2	232137145	232137146	rs72985811	chr2	232125601	232125800	17_EnhW2	11346
chr2	232137283	232137284	rs59886973	chr2	232125601	232125800	17_EnhW2	11484
chr2	232138240	232138241	rs60596955	chr2	232125601	232125800	17_EnhW2	12441
chr2	232138370	232138371	rs59823376	chr2	232125601	232125800	17_EnhW2	12571
chr2	232139716	232139717	rs10544278	chr2	232125601	232125800	17_EnhW2	13917
chr2	232142257	232142258	rs4018034	chr2	232125601	232125800	17_EnhW2	16458
chr2	232143439	232143440	rs10651210	chr2	232125601	232125800	17_EnhW2	17640
chr2	232154411	232154412	rs55782278	chr2	232161201	232162400	17_EnhW2	6790
chr2	232158245	232158246	rs2053921	chr2	232161201	232162400	17_EnhW2	2956
chr2	232158884	232158885	rs3731779	chr2	232161201	232162400	17_EnhW2	2317
chr2	232160553	232160554	rs12623587	chr2	232161201	232162400	17_EnhW2	648
chr2	232168726	232168727	rs62197354	chr2	232171201	232172200	17_EnhW2	2475
chr2	232171194	232171195	rs6710104	chr2	232171201	232172200	17_EnhW2	7
chr2	235010948	235010949	rs75743485	chr2	235000401	235001400	17_EnhW2	9549
chr2	235031757	235031758	rs75745418	chr2	235034201	235034600	17_EnhW2	2444
chr2	235057810	235057811	rs76531755	chr2	235064601	235065200	17_EnhW2	6791
chr20	10647678	10647679	rs1883801	chr20	10644801	10645600	15_EnhAF	2079
chr20	10649318	10649319	rs143614067	chr20	10644801	10645600	15_EnhAF	3719
chr20	10649760	10649761	rs6077868	chr20	10644801	10645600	15_EnhAF	4161
chr20	10650353	10650354	rs6133987	chr20	10644801	10645600	15_EnhAF	4754
chr20	10650509	10650510	rs6077869	chr20	10644801	10645600	15_EnhAF	4910
chr20	10652708	10652709	rs6077870	chr20	10656001	10656200	16_EnhW1	3293
chr22	21017040	21017041	rs61182973	chr22	20998601	20998800	17_EnhW2	18241
chr22	21017918	21017919	rs617767	chr22	20998601	20998800	17_EnhW2	19119
chr22	21019802	21019803	rs646745	chr22	20998601	20998800	17_EnhW2	21003
chr22	21019810	21019811	rs57243739	chr22	20998601	20998800	17_EnhW2	21011
chr22	21022868	21022869	rs4822429	chr22	20998601	20998800	17_EnhW2	24069
chr22	21023617	21023618	rs488506	chr22	20998601	20998800	17_EnhW2	24818
chr22	21025558	21025559	rs9608279	chr22	20998601	20998800	17_EnhW2	26759
chr22	21026002	21026003	rs552668	chr22	20998601	20998800	17_EnhW2	27203
chr22	21026227	21026228	rs499113	chr22	20998601	20998800	17_EnhW2	27428
chr22	21028137	21028138	rs598141	chr22	20998601	20998800	17_EnhW2	29338
chr22	21029222	21029223	rs479275	chr22	20998601	20998800	17_EnhW2	30423
chr22	21031542	21031543	rs542771	chr22	20998601	20998800	17_EnhW2	32743
chr22	21033723	21033724	rs853148	chr22	20998601	20998800	17_EnhW2	34924
chr22	21034649	21034650	rs591446	chr22	20998601	20998800	17_EnhW2	35850
chr22	21036603	21036604	rs637335	chr22	20998601	20998800	17_EnhW2	37804
chr22	21039804	21039805	rs9612645	chr22	20998601	20998800	17_EnhW2	41005
chr22	21040305	21040306	rs515841	chr22	20998601	20998800	17_EnhW2	41506
chr22	21049755	21049756	rs165817	chr22	20998601	20998800	17_EnhW2	50956
chr22	21050874	21050875	rs200593427	chr22	20998601	20998800	17_EnhW2	52075
chr22	21051676	21051677	rs4052260	chr22	20998601	20998800	17_EnhW2	52877
chr22	21053669	21053670	rs5760087	chr22	20998601	20998800	17_EnhW2	54870
chr22	21054587	21054588	rs853295	chr22	20998601	20998800	17_EnhW2	55788
chr22	21059372	21059373	rs4820573	chr22	20998601	20998800	17_EnhW2	60573
chr22	21065931	21065932	rs5751786	chr22	20998601	20998800	17_EnhW2	67132
chr22	21066501	21066502	rs6004026	chr22	21133801	21134200	17_EnhW2	67300
chr22	21073121	21073122	rs1807692	chr22	21133801	21134200	17_EnhW2	60680
chr22	21076752	21076753	rs5760196	chr22	21133801	21134200	17_EnhW2	57049
chr22	21076753	21076754	rs5760197	chr22	21133801	21134200	17_EnhW2	57048
chr22	21077839	21077840	rs13054456	chr22	21133801	21134200	17_EnhW2	55962
chr22	21078300	21078301	rs4361213	chr22	21133801	21134200	17_EnhW2	55501
chr22	21078524	21078525	rs9608348	chr22	21133801	21134200	17_EnhW2	55277
chr22	21079586	21079587	rs5751802	chr22	21133801	21134200	17_EnhW2	54215
chr22	21080720	21080721	rs11462205	chr22	21133801	21134200	17_EnhW2	53081
chr22	21084668	21084669	rs5760217	chr22	21133801	21134200	17_EnhW2	49133
chr22	21088145	21088146	rs17819969	chr22	21133801	21134200	17_EnhW2	45656
chr22	21091773	21091774	rs2002524	chr22	21133801	21134200	17_EnhW2	42028
chr22	21091886	21091887	rs28620779	chr22	21133801	21134200	17_EnhW2	41915
chr22	21093306	21093307	rs6004106	chr22	21133801	21134200	17_EnhW2	40495
chr22	21093516	21093517	rs2010990	chr22	21133801	21134200	17_EnhW2	40285
chr22	21094718	21094719	rs1558656	chr22	21133801	21134200	17_EnhW2	39083
chr22	21094744	21094745	rs5844436	chr22	21133801	21134200	17_EnhW2	39057
chr22	21095750	21095751	rs5760287	chr22	21133801	21134200	17_EnhW2	38051
chr22	21098246	21098247	rs6004122	chr22	21133801	21134200	17_EnhW2	35555
chr22	21098733	21098734	rs36120605	chr22	21133801	21134200	17_EnhW2	35068
chr22	21102489	21102490	rs2241138	chr22	21133801	21134200	17_EnhW2	31312
chr22	21103088	21103089	rs738058	chr22	21133801	21134200	17_EnhW2	30713
chr22	21103550	21103551	rs6004133	chr22	21133801	21134200	17_EnhW2	30251
chr22	21105355	21105356	rs2072516	chr22	21133801	21134200	17_EnhW2	28446
chr22	21107152	21107153	rs2329583	chr22	21133801	21134200	17_EnhW2	26649
chr22	21107703	21107704	rs5751855	chr22	21133801	21134200	17_EnhW2	26098
chr22	21109105	21109106	rs2192802	chr22	21133801	21134200	17_EnhW2	24696
chr22	21111071	21111072	rs1807532	chr22	21133801	21134200	17_EnhW2	22730
chr22	21112381	21112382	rs738063	chr22	21133801	21134200	17_EnhW2	21420
chr22	21117226	21117227	rs6004161	chr22	21133801	21134200	17_EnhW2	16575
chr22	21118023	21118024	rs4822496	chr22	21133801	21134200	17_EnhW2	15778
chr22	21118125	21118126	rs4820591	chr22	21133801	21134200	17_EnhW2	15676
chr22	21118138	21118139	rs5760442	chr22	21133801	21134200	17_EnhW2	15663
chr22	21118305	21118306	rs4822497	chr22	21133801	21134200	17_EnhW2	15496
chr22	21123246	21123247	rs165848	chr22	21133801	21134200	17_EnhW2	10555
chr22	21127586	21127587	rs361707	chr22	21133801	21134200	17_EnhW2	6215
chr22	21128575	21128576	rs178029	chr22	21133801	21134200	17_EnhW2	5226
chr22	21130330	21130331	rs178032	chr22	21133801	21134200	17_EnhW2	3471
chr22	21130548	21130549	rs165866	chr22	21133801	21134200	17_EnhW2	3253
chr22	21132807	21132808	rs178035	chr22	21133801	21134200	17_EnhW2	994
chr22	21140650	21140651	rs165761	chr22	21137801	21138800	17_EnhW2	1851
chr22	21141299	21141300	rs4675	chr22	21137801	21138800	17_EnhW2	2500
chr22	21148284	21148285	rs165780	chr22	21137801	21138800	17_EnhW2	9485
chr22	21150339	21150340	rs165924	chr22	21137801	21138800	17_EnhW2	11540
chr22	21151654	21151655	rs178042	chr22	21137801	21138800	17_EnhW2	12855
chr22	21152070	21152071	rs165622	chr22	21137801	21138800	17_EnhW2	13271
chr22	21154389	21154390	rs361556	chr22	21137801	21138800	17_EnhW2	15590
chr22	21154392	21154393	rs361979	chr22	21137801	21138800	17_EnhW2	15593
chr22	21156870	21156871	rs178043	chr22	21137801	21138800	17_EnhW2	18071
chr22	21160092	21160093	rs178046	chr22	21137801	21138800	17_EnhW2	21293
chr22	21160119	21160120	rs362153	chr22	21137801	21138800	17_EnhW2	21320
chr22	21160583	21160584	rs178047	chr22	21137801	21138800	17_EnhW2	21784
chr22	21162785	21162786	rs147012496	chr22	21137801	21138800	17_EnhW2	23986
chr22	21164693	21164694	rs165718	chr22	21137801	21138800	17_EnhW2	25894
chr22	21165674	21165675	rs165902	chr22	21137801	21138800	17_EnhW2	26875
chr22	21166127	21166128	rs165689	chr22	21137801	21138800	17_EnhW2	27328
chr22	21166337	21166338	rs178048	chr22	21137801	21138800	17_EnhW2	27538
chr22	21168454	21168455	rs165837	chr22	21137801	21138800	17_EnhW2	29655
chr22	21168783	21168784	rs165590	chr22	21137801	21138800	17_EnhW2	29984
chr22	21169293	21169294	rs165898	chr22	21137801	21138800	17_EnhW2	30494
chr22	21169874	21169875	rs165634	chr22	21137801	21138800	17_EnhW2	31075
chr22	21171068	21171069	rs165640	chr22	21137801	21138800	17_EnhW2	32269
chr22	21171114	21171115	rs165763	chr22	21137801	21138800	17_EnhW2	32315
chr22	21171591	21171592	rs165789	chr22	21137801	21138800	17_EnhW2	32792
chr22	21173307	21173308	rs165616	chr22	21137801	21138800	17_EnhW2	34508
chr22	21174311	21174312	rs165691	chr22	21137801	21138800	17_EnhW2	35512
chr22	21174398	21174399	rs165665	chr22	21137801	21138800	17_EnhW2	35599
chr22	21176256	21176257	rs165603	chr22	21137801	21138800	17_EnhW2	37457
chr22	21176673	21176674	rs377586215	chr22	21137801	21138800	17_EnhW2	37874
chr22	21177244	21177245	rs178052	chr22	21137801	21138800	17_EnhW2	38445
chr22	21177334	21177335	rs165871	chr22	21137801	21138800	17_EnhW2	38535
chr22	21178463	21178464	rs165699	chr22	21137801	21138800	17_EnhW2	39664
chr22	21178483	21178484	rs165733	chr22	21137801	21138800	17_EnhW2	39684
chr22	21181523	21181524	rs165882	chr22	21137801	21138800	17_EnhW2	42724
chr22	21182696	21182697	rs165669	chr22	21137801	21138800	17_EnhW2	43897
chr22	21183122	21183123	rs165859	chr22	21137801	21138800	17_EnhW2	44323
chr22	21184639	21184640	rs111891622	chr22	21137801	21138800	17_EnhW2	45840
chr22	21185380	21185381	rs165893	chr22	21137801	21138800	17_EnhW2	46581
chr22	21185890	21185891	rs147892635	chr22	21137801	21138800	17_EnhW2	47091
chr22	21186864	21186865	rs165844	chr22	21137801	21138800	17_EnhW2	48065
chr22	21187693	21187694	rs178054	chr22	21137801	21138800	17_EnhW2	48894
chr22	21188225	21188226	rs165799	chr22	21137801	21138800	17_EnhW2	49426
chr22	21188731	21188732	rs165729	chr22	21137801	21138800	17_EnhW2	49932
chr22	21189816	21189817	rs178056	chr22	21137801	21138800	17_EnhW2	51017
chr22	21190101	21190102	rs165753	chr22	21137801	21138800	17_EnhW2	51302
chr22	21190755	21190756	rs165860	chr22	21137801	21138800	17_EnhW2	51956
chr22	21192340	21192341	rs165595	chr22	21137801	21138800	17_EnhW2	53541
chr22	21193191	21193192	rs165675	chr22	21137801	21138800	17_EnhW2	54392
chr22	21194118	21194119	rs362258	chr22	21137801	21138800	17_EnhW2	55319
chr22	21196633	21196634	rs165594	chr22	21137801	21138800	17_EnhW2	57834
chr22	21196898	21196899	rs165702	chr22	21137801	21138800	17_EnhW2	58099
chr22	21197722	21197723	rs362159	chr22	21137801	21138800	17_EnhW2	58923
chr22	21197828	21197829	rs178060	chr22	21137801	21138800	17_EnhW2	59029
chr22	21198879	21198880	rs104658	chr22	21137801	21138800	17_EnhW2	60080
chr22	21200314	21200315	rs165714	chr22	21137801	21138800	17_EnhW2	61515
chr22	21200530	21200531	rs165750	chr22	21137801	21138800	17_EnhW2	61731
chr22	21200550	21200551	rs361641	chr22	21137801	21138800	17_EnhW2	61751
chr22	21201595	21201596	rs165759	chr22	21137801	21138800	17_EnhW2	62796
chr22	21202746	21202747	rs165850	chr22	21137801	21138800	17_EnhW2	63947
chr22	21203329	21203330	rs165794	chr22	21137801	21138800	17_EnhW2	64530
chr22	21203878	21203879	rs165781	chr22	21137801	21138800	17_EnhW2	65079
chr22	21204009	21204010	rs165878	chr22	21137801	21138800	17_EnhW2	65210
chr22	21205476	21205477	rs139722293	chr22	21137801	21138800	17_EnhW2	66677
chr22	21205920	21205921	rs178062	chr22	21137801	21138800	17_EnhW2	67121
chr22	21206661	21206662	rs178063	chr22	21137801	21138800	17_EnhW2	67862
chr22	21207565	21207566	rs165641	chr22	21137801	21138800	17_EnhW2	68766
chr22	21208235	21208236	rs178064	chr22	21137801	21138800	17_EnhW2	69436
chr22	21208262	21208263	rs361978	chr22	21137801	21138800	17_EnhW2	69463
chr22	21209023	21209024	rs79354753	chr22	21137801	21138800	17_EnhW2	70224
chr22	21209188	21209189	rs165762	chr22	21137801	21138800	17_EnhW2	70389
chr22	21209437	21209438	rs361996	chr22	21137801	21138800	17_EnhW2	70638
chr22	21210287	21210288	rs165635	chr22	21137801	21138800	17_EnhW2	71488
chr22	21211018	21211019	rs178065	chr22	21137801	21138800	17_EnhW2	72219
chr22	21212089	21212090	rs178067	chr22	21137801	21138800	17_EnhW2	73290
chr22	21212207	21212208	rs178068	chr22	21137801	21138800	17_EnhW2	73408
chr22	21212475	21212476	rs165596	chr22	21137801	21138800	17_EnhW2	73676
chr22	21212655	21212656	rs165605	chr22	21137801	21138800	17_EnhW2	73856
chr22	21213379	21213380	rs1061063	chr22	21137801	21138800	17_EnhW2	74580
chr22	21213415	21213416	rs1061064	chr22	21137801	21138800	17_EnhW2	74616
chr22	21215197	21215198	rs165593	chr22	21137801	21138800	17_EnhW2	76398
chr22	21215769	21215770	rs165678	chr22	21137801	21138800	17_EnhW2	76970
chr22	21216694	21216695	rs165598	chr22	21137801	21138800	17_EnhW2	77895
chr22	21217574	21217575	rs178069	chr22	21137801	21138800	17_EnhW2	78775
chr22	21217601	21217602	rs362224	chr22	21137801	21138800	17_EnhW2	78802
chr22	21218875	21218876	rs165773	chr22	21137801	21138800	17_EnhW2	80076
chr22	21220003	21220004	rs165686	chr22	21137801	21138800	17_EnhW2	81204
chr22	21220668	21220669	rs25188	chr22	21137801	21138800	17_EnhW2	81869
chr22	21221848	21221849	rs165930	chr22	21137801	21138800	17_EnhW2	83049
chr22	21222457	21222458	rs165873	chr22	21137801	21138800	17_EnhW2	83658
chr22	21223302	21223303	rs178071	chr22	21137801	21138800	17_EnhW2	84503
chr22	21223563	21223564	rs165642	chr22	21137801	21138800	17_EnhW2	84764
chr22	21223589	21223590	rs165820	chr22	21137801	21138800	17_EnhW2	84790
chr22	21226911	21226912	rs165676	chr22	21310401	21310800	17_EnhW2	83490
chr22	21233269	21233270	rs178074	chr22	21310401	21310800	17_EnhW2	77132
chr22	21239539	21239540	rs165868	chr22	21310401	21310800	17_EnhW2	70862
chr22	21241192	21241193	rs165784	chr22	21310401	21310800	17_EnhW2	69209
chr22	21243686	21243687	rs11577	chr22	21310401	21310800	17_EnhW2	66715
chr22	21247047	21247048	rs178083	chr22	21310401	21310800	17_EnhW2	63354
chr22	21247948	21247949	rs165654	chr22	21310401	21310800	17_EnhW2	62453
chr22	21249177	21249178	rs165751	chr22	21310401	21310800	17_EnhW2	61224
chr22	21250123	21250124	rs165903	chr22	21310401	21310800	17_EnhW2	60278
chr22	21251813	21251814	rs361831	chr22	21310401	21310800	17_EnhW2	58588
chr22	21253580	21253581	rs178084	chr22	21310401	21310800	17_EnhW2	56821
chr22	21257009	21257010	rs178088	chr22	21310401	21310800	17_EnhW2	53392
chr22	21258084	21258085	rs178091	chr22	21310401	21310800	17_EnhW2	52317
chr22	21261867	21261868	rs178094	chr22	21310401	21310800	17_EnhW2	48534
chr22	30660516	30660517	rs1476576	chr22	30652601	30654400	17_EnhW2	6117
chr22	30667276	30667277	rs9608859	chr22	30673801	30674400	16_EnhW1	6525
chr22	30669882	30669883	rs6006426	chr22	30673801	30674400	16_EnhW1	3919
chr22	30669992	30669993	rs6006427	chr22	30673801	30674400	16_EnhW1	3809
chr22	30738586	30738587	rs2074733	chr22	30723801	30724200	17_EnhW2	14387
chr22	30752340	30752341	rs17657653	chr22	30753801	30754200	16_EnhW1	1461
chr22	30752941	30752942	rs13053375	chr22	30753801	30754200	16_EnhW1	860
chr22	30753984	30753985	rs17657701	chr22	30753801	30754200	16_EnhW1	0
chr22	30756362	30756363	rs4820835	chr22	30754201	30754600	17_EnhW2	1763
chr22	30756480	30756481	rs4820836	chr22	30754201	30754600	17_EnhW2	1881
chr22	30756810	30756811	rs13057340	chr22	30758401	30759400	17_EnhW2	1591
chr22	30756825	30756826	rs35293738	chr22	30758401	30759400	17_EnhW2	1576
chr22	30758362	30758363	rs5753095	chr22	30758401	30759400	17_EnhW2	39
chr22	30759602	30759603	rs5749075	chr22	30758401	30759400	17_EnhW2	203
chr22	30759729	30759730	rs5753096	chr22	30758401	30759400	17_EnhW2	330
chr22	30759853	30759854	rs5749076	chr22	30758401	30759400	17_EnhW2	454
chr22	30760567	30760568	rs5753097	chr22	30758401	30759400	17_EnhW2	1168
chr22	30761236	30761237	rs1076295	chr22	30758401	30759400	17_EnhW2	1837
chr22	30761606	30761607	rs757868	chr22	30758401	30759400	17_EnhW2	2207
chr22	30761939	30761940	rs740222	chr22	30758401	30759400	17_EnhW2	2540
chr22	30762139	30762140	rs740223	chr22	30758401	30759400	17_EnhW2	2740
chr22	30762961	30762962	rs35782599	chr22	30758401	30759400	17_EnhW2	3562
chr22	30763214	30763215	rs13056976	chr22	30758401	30759400	17_EnhW2	3815
chr22	30763216	30763217	rs13055431	chr22	30758401	30759400	17_EnhW2	3817
chr22	30763380	30763381	rs61322750	chr22	30758401	30759400	17_EnhW2	3981
chr22	30764625	30764626	rs35289401	chr22	30758401	30759400	17_EnhW2	5226
chr22	30764663	30764664	rs59731356	chr22	30758401	30759400	17_EnhW2	5264
chr22	30765248	30765249	rs5753101	chr22	30758401	30759400	17_EnhW2	5849
chr22	30765767	30765768	rs5749081	chr22	30758401	30759400	17_EnhW2	6368
chr22	30766178	30766179	rs7287908	chr22	30758401	30759400	17_EnhW2	6779
chr22	30767338	30767339	rs1076297	chr22	30758401	30759400	17_EnhW2	7939
chr22	30767535	30767536	rs11705092	chr22	30758401	30759400	17_EnhW2	8136
chr22	30767728	30767729	rs1076298	chr22	30758401	30759400	17_EnhW2	8329
chr22	30767780	30767781	rs1076299	chr22	30758401	30759400	17_EnhW2	8381
chr22	30768994	30768995	rs13054303	chr22	30758401	30759400	17_EnhW2	9595
chr22	30769475	30769476	rs3840093	chr22	30758401	30759400	17_EnhW2	10076
chr22	30769900	30769901	rs4820838	chr22	30758401	30759400	17_EnhW2	10501
chr22	30769905	30769906	rs4820839	chr22	30758401	30759400	17_EnhW2	10506
chr22	30770625	30770626	rs5753105	chr22	30758401	30759400	17_EnhW2	11226
chr22	30771457	30771458	rs1002189	chr22	30782201	30782600	16_EnhW1	10744
chr22	30771854	30771855	rs5753106	chr22	30782201	30782600	16_EnhW1	10347
chr22	30772959	30772960	rs34995457	chr22	30782201	30782600	16_EnhW1	9242
chr22	30774540	30774541	rs5749086	chr22	30782201	30782600	16_EnhW1	7661
chr22	30774652	30774653	rs5749087	chr22	30782201	30782600	16_EnhW1	7549
chr22	30774868	30774869	rs2412984	chr22	30782201	30782600	16_EnhW1	7333
chr22	30775674	30775675	rs35711436	chr22	30782201	30782600	16_EnhW1	6527
chr22	30776094	30776095	rs5749088	chr22	30782201	30782600	16_EnhW1	6107
chr22	30776849	30776850	rs737813	chr22	30782201	30782600	16_EnhW1	5352
chr22	30777880	30777881	rs1990268	chr22	30782201	30782600	16_EnhW1	4321
chr22	30778458	30778459	rs17658238	chr22	30782201	30782600	16_EnhW1	3743
chr22	30778529	30778530	rs17736937	chr22	30782201	30782600	16_EnhW1	3672
chr22	30778988	30778989	rs5753110	chr22	30782201	30782600	16_EnhW1	3213
chr22	30898014	30898015	rs1974528	chr22	30933401	30934000	17_EnhW2	35387
chr22	30903894	30903895	rs57645837	chr22	30933401	30934000	17_EnhW2	29507
chr22	30937306	30937307	rs5749122	chr22	30933401	30934000	17_EnhW2	3307
chr22	30948751	30948752	rs6518702	chr22	30949601	30949800	17_EnhW2	850
chr22	30949819	30949820	rs8142452	chr22	30949601	30949800	17_EnhW2	20
chr22	30950359	30950360	rs2267158	chr22	30949601	30949800	17_EnhW2	560
chr22	30952940	30952941	rs2267160	chr22	30953401	30953600	17_EnhW2	461
chr22	30953294	30953295	rs2267161	chr22	30953401	30953600	17_EnhW2	107
chr22	38157690	38157691	rs73168259	chr22	38148401	38148600	15_EnhAF	9091
chr22	38208363	38208364	rs149499737	chr22	38218001	38218200	17_EnhW2	9638
chr22	38217750	38217751	rs62235071	chr22	38218001	38218200	17_EnhW2	251
chr22	38231589	38231590	rs62235087	chr22	38218401	38218600	17_EnhW2	12990
chr22	38243989	38243990	rs5756836	chr22	38218401	38218600	17_EnhW2	25390
chr22	38254886	38254887	rs62235089	chr22	38289801	38290600	17_EnhW2	34915
chr22	38272893	38272894	rs11704720	chr22	38289801	38290600	17_EnhW2	16908
chr22	38293425	38293426	rs62235092	chr22	38292401	38293400	15_EnhAF	26
chr22	38308854	38308855	rs77808350	chr22	38307201	38307600	14_EnhA2	1255
chr22	38324322	38324323	rs6000943	chr22	38330001	38330200	18_EnhAc	5679
chr22	38329284	38329285	rs3026629	chr22	38330001	38330200	18_EnhAc	717
chr22	38329523	38329524	rs5756853	chr22	38330001	38330200	18_EnhAc	478
chr22	38330922	38330923	rs8138594	chr22	38330201	38330400	14_EnhA2	523
chr22	38331027	38331028	rs199582499	chr22	38330201	38330400	14_EnhA2	628
chr22	38331233	38331234	rs5756854	chr22	38330201	38330400	14_EnhA2	834
chr22	38334533	38334534	rs7511239	chr22	38330201	38330400	14_EnhA2	4134
chr22	38335752	38335753	rs12165746	chr22	38330201	38330400	14_EnhA2	5353
chr22	38341133	38341134	rs139859	chr22	38330201	38330400	14_EnhA2	10734
chr22	38343142	38343143	rs139860	chr22	38330201	38330400	14_EnhA2	12743
chr22	38351985	38351986	rs139862	chr22	38361201	38361600	17_EnhW2	9216
chr22	38352480	38352481	rs139864	chr22	38361201	38361600	17_EnhW2	8721
chr22	38353931	38353932	rs139865	chr22	38361201	38361600	17_EnhW2	7270
chr22	38354683	38354684	rs139866	chr22	38361201	38361600	17_EnhW2	6518
chr22	38355976	38355977	rs142218592	chr22	38361201	38361600	17_EnhW2	5225
chr22	38357127	38357128	rs139870	chr22	38361201	38361600	17_EnhW2	4074
chr22	38358853	38358854	rs139872	chr22	38361201	38361600	17_EnhW2	2348
chr22	38360050	38360051	rs139874	chr22	38361201	38361600	17_EnhW2	1151
chr22	38360117	38360118	rs139875	chr22	38361201	38361600	17_EnhW2	1084
chr22	38360578	38360579	rs11428366	chr22	38361201	38361600	17_EnhW2	623
chr22	38361122	38361123	rs139876	chr22	38361201	38361600	17_EnhW2	79
chr22	38361288	38361289	rs139877	chr22	38361201	38361600	17_EnhW2	0
chr22	38361558	38361559	rs139878	chr22	38361201	38361600	17_EnhW2	0
chr22	38364204	38364205	rs3026641	chr22	38361201	38361600	17_EnhW2	2605
chr22	38364338	38364339	rs5756866	chr22	38367001	38367600	17_EnhW2	2663
chr22	38364551	38364552	rs139879	chr22	38367001	38367600	17_EnhW2	2450
chr22	38366236	38366237	rs112324747	chr22	38367001	38367600	17_EnhW2	765
chr22	38366299	38366300	rs139881	chr22	38367001	38367600	17_EnhW2	702
chr22	38369026	38369027	rs139883	chr22	38367801	38369200	17_EnhW2	0
chr22	38369975	38369976	rs139884	chr22	38367801	38369200	17_EnhW2	776
chr22	38371038	38371039	rs139885	chr22	38367801	38369200	17_EnhW2	1839
chr22	38371327	38371328	rs139886	chr22	38367801	38369200	17_EnhW2	2128
chr22	38371395	38371396	rs139887	chr22	38367801	38369200	17_EnhW2	2196
chr22	38381824	38381825	rs10534183	chr22	38375601	38376000	17_EnhW2	5825
chr22	38386786	38386787	rs139889	chr22	38392001	38392200	17_EnhW2	5215
chr22	38387913	38387914	rs139891	chr22	38392001	38392200	17_EnhW2	4088
chr22	38388202	38388203	rs139892	chr22	38392001	38392200	17_EnhW2	3799
chr22	38389921	38389922	rs84769	chr22	38392001	38392200	17_EnhW2	2080
chr22	38390127	38390128	rs84770	chr22	38392001	38392200	17_EnhW2	1874
chr22	38392693	38392694	rs28735659	chr22	38392001	38392200	17_EnhW2	494
chr22	38393422	38393423	rs4821727	chr22	38393801	38394000	17_EnhW2	379
chr22	38393607	38393608	rs139893	chr22	38393801	38394000	17_EnhW2	194
chr22	38397033	38397034	rs139895	chr22	38395401	38396600	17_EnhW2	434
chr22	38397796	38397797	rs139896	chr22	38395401	38396600	17_EnhW2	1197
chr22	38399097	38399098	rs139897	chr22	38395401	38396600	17_EnhW2	2498
chr22	38399978	38399979	rs139898	chr22	38395401	38396600	17_EnhW2	3379
chr22	38400808	38400809	rs112965923	chr22	38395401	38396600	17_EnhW2	4209
chr22	38405416	38405417	rs139900	chr22	38412001	38412200	17_EnhW2	6585
chr22	38406146	38406147	rs139901	chr22	38412001	38412200	17_EnhW2	5855
chr22	38406781	38406782	rs139902	chr22	38412001	38412200	17_EnhW2	5220
chr22	38409079	38409080	rs139903	chr22	38412001	38412200	17_EnhW2	2922
chr22	38409595	38409596	rs139905	chr22	38412001	38412200	17_EnhW2	2406
chr22	38415541	38415542	rs11912649	chr22	38412201	38412600	16_EnhW1	2942
chr22	38415720	38415721	rs5995529	chr22	38412201	38412600	16_EnhW1	3121
chr22	38417509	38417510	rs1883471	chr22	38412201	38412600	16_EnhW1	4910
chr22	38419737	38419738	rs5995530	chr22	38423001	38423200	17_EnhW2	3264
chr22	38426042	38426043	rs713991	chr22	38426401	38426800	17_EnhW2	359
chr22	38426773	38426774	rs3026670	chr22	38426401	38426800	17_EnhW2	0
chr22	38427550	38427551	rs10427673	chr22	38426401	38426800	17_EnhW2	751
chr22	38427962	38427963	rs8142174	chr22	38426401	38426800	17_EnhW2	1163
chr22	38431916	38431917	rs6519095	chr22	38431401	38431800	17_EnhW2	117
chr22	38432276	38432277	rs12157609	chr22	38431401	38431800	17_EnhW2	477
chr22	38432724	38432725	rs3026677	chr22	38431401	38431800	17_EnhW2	925
chr22	38433382	38433383	rs4821729	chr22	38431401	38431800	17_EnhW2	1583
chr22	38433602	38433603	rs34521431	chr22	38431401	38431800	17_EnhW2	1803
chr22	38441586	38441587	rs4821730	chr22	38431401	38431800	17_EnhW2	9787
chr22	38445213	38445214	rs4821731	chr22	38431401	38431800	17_EnhW2	13414
chr22	38445273	38445274	rs34549676	chr22	38431401	38431800	17_EnhW2	13474
chr22	38445399	38445400	rs5756890	chr22	38431401	38431800	17_EnhW2	13600
chr22	38447265	38447266	rs760973	chr22	38431401	38431800	17_EnhW2	15466
chr22	38447364	38447365	rs4384887	chr22	38431401	38431800	17_EnhW2	15565
chr22	38447443	38447444	rs742395	chr22	38431401	38431800	17_EnhW2	15644
chr22	38448294	38448295	rs2413493	chr22	38431401	38431800	17_EnhW2	16495
chr22	38449393	38449394	rs4821733	chr22	38431401	38431800	17_EnhW2	17594
chr22	38449532	38449533	rs4821734	chr22	38431401	38431800	17_EnhW2	17733
chr22	38449707	38449708	rs5756893	chr22	38431401	38431800	17_EnhW2	17908
chr22	38449819	38449820	rs34823615	chr22	38431401	38431800	17_EnhW2	18020
chr22	38450135	38450136	rs5756894	chr22	38431401	38431800	17_EnhW2	18336
chr22	38450619	38450620	rs2018980	chr22	38431401	38431800	17_EnhW2	18820
chr22	38452253	38452254	rs742396	chr22	38431401	38431800	17_EnhW2	20454
chr22	38457328	38457329	rs738442	chr22	38479401	38481000	17_EnhW2	22073
chr22	38458680	38458681	rs738443	chr22	38479401	38481000	17_EnhW2	20721
chr22	38458968	38458969	rs4821735	chr22	38479401	38481000	17_EnhW2	20433
chr22	38460483	38460484	rs6000991	chr22	38479401	38481000	17_EnhW2	18918
chr22	38463651	38463652	rs2076369	chr22	38479401	38481000	17_EnhW2	15750
chr22	38463967	38463968	rs2076370	chr22	38479401	38481000	17_EnhW2	15434
chr22	38464023	38464024	rs41307233	chr22	38479401	38481000	17_EnhW2	15378
chr22	38467783	38467784	rs760975	chr22	38479401	38481000	17_EnhW2	11618
chr22	38474851	38474852	rs1004764	chr22	38479401	38481000	17_EnhW2	4550
chr22	38474951	38474952	rs1004763	chr22	38479401	38481000	17_EnhW2	4450
chr22	38476578	38476579	rs5756908	chr22	38479401	38481000	17_EnhW2	2823
chr22	38477341	38477342	rs4289289	chr22	38479401	38481000	17_EnhW2	2060
chr22	38477929	38477930	rs2235573	chr22	38479401	38481000	17_EnhW2	1472
chr22	38481515	38481516	rs9610902	chr22	38479401	38481000	17_EnhW2	516
chr22	38483154	38483155	rs142739979	chr22	38479401	38481000	17_EnhW2	2155
chr22	38485063	38485064	rs62235125	chr22	38479401	38481000	17_EnhW2	4064
chr22	38485539	38485540	rs17856487	chr22	38479401	38481000	17_EnhW2	4540
chr22	38486523	38486524	rs35325849	chr22	38479401	38481000	17_EnhW2	5524
chr22	38487001	38487002	rs132929	chr22	38479401	38481000	17_EnhW2	6002
chr22	38487028	38487029	rs132930	chr22	38479401	38481000	17_EnhW2	6029
chr22	38487525	38487526	rs132931	chr22	38479401	38481000	17_EnhW2	6526
chr22	38488615	38488616	rs132932	chr22	38479401	38481000	17_EnhW2	7616
chr22	38489557	38489558	rs132934	chr22	38479401	38481000	17_EnhW2	8558
chr22	38490055	38490056	rs4373009	chr22	38479401	38481000	17_EnhW2	9056
chr22	38490800	38490801	rs12162647	chr22	38479401	38481000	17_EnhW2	9801
chr22	38491369	38491370	rs4821736	chr22	38479401	38481000	17_EnhW2	10370
chr22	38494004	38494005	rs372491905	chr22	38506401	38507000	16_EnhW1	12397
chr22	38495411	38495412	rs1810455	chr22	38506401	38507000	16_EnhW1	10990
chr22	38498882	38498883	rs5750535	chr22	38506401	38507000	16_EnhW1	7519
chr22	38498984	38498985	rs738316	chr22	38506401	38507000	16_EnhW1	7417
chr22	38499522	38499523	rs6001001	chr22	38506401	38507000	16_EnhW1	6879
chr22	38499585	38499586	rs6001002	chr22	38506401	38507000	16_EnhW1	6816
chr22	38499868	38499869	rs72220602	chr22	38506401	38507000	16_EnhW1	6533
chr22	38499931	38499932	rs6001003	chr22	38506401	38507000	16_EnhW1	6470
chr22	38500125	38500126	rs59414277	chr22	38506401	38507000	16_EnhW1	6276
chr22	38500381	38500382	rs4821737	chr22	38506401	38507000	16_EnhW1	6020
chr22	38500479	38500480	rs4821738	chr22	38506401	38507000	16_EnhW1	5922
chr22	38500594	38500595	rs4821739	chr22	38506401	38507000	16_EnhW1	5807
chr22	38500826	38500827	rs5995536	chr22	38506401	38507000	16_EnhW1	5575
chr22	38501332	38501333	rs5750536	chr22	38506401	38507000	16_EnhW1	5069
chr22	38501406	38501407	rs5750538	chr22	38506401	38507000	16_EnhW1	4995
chr22	38501544	38501545	rs5750539	chr22	38506401	38507000	16_EnhW1	4857
chr22	38501662	38501663	rs5756913	chr22	38506401	38507000	16_EnhW1	4739
chr22	38502638	38502639	rs5756914	chr22	38506401	38507000	16_EnhW1	3763
chr22	38502926	38502927	rs4296527	chr22	38506401	38507000	16_EnhW1	3475
chr22	38503478	38503479	rs12484232	chr22	38506401	38507000	16_EnhW1	2923
chr22	38526089	38526090	rs11570690	chr22	38544201	38544400	17_EnhW2	18112
chr22	38869462	38869463	rs147138876	chr22	38870201	38870600	17_EnhW2	739
chr22	38874395	38874396	rs138430	chr22	38870201	38870600	17_EnhW2	3796
chr22	38877460	38877461	rs12004	chr22	38870201	38870600	17_EnhW2	6861
chr22	38877774	38877775	rs138434	chr22	38870201	38870600	17_EnhW2	7175
chr22	38879687	38879688	rs1043402	chr22	38870201	38870600	17_EnhW2	9088
chr22	38879939	38879940	rs763121	chr22	38870201	38870600	17_EnhW2	9340
chr22	38880096	38880097	rs5845381	chr22	38870201	38870600	17_EnhW2	9497
chr22	38881453	38881454	rs86796	chr22	38870201	38870600	17_EnhW2	10854
chr22	38889656	38889657	rs2267390	chr22	38903201	38903600	15_EnhAF	13545
chr22	38895520	38895521	rs3833951	chr22	38903201	38903600	15_EnhAF	7681
chr22	38898050	38898051	rs138457	chr22	38903201	38903600	15_EnhAF	5151
chr22	38898547	38898548	rs36024848	chr22	38903201	38903600	15_EnhAF	4654
chr22	38901093	38901094	rs1837988	chr22	38903201	38903600	15_EnhAF	2108
chr22	38903813	38903814	rs56364566	chr22	38903201	38903600	15_EnhAF	214
chr22	38906431	38906432	rs138464	chr22	38908601	38910200	17_EnhW2	2170
chr22	38910809	38910810	rs9610971	chr22	38908601	38910200	17_EnhW2	610
chr22	38911259	38911260	rs9610972	chr22	38908601	38910200	17_EnhW2	1060
chr22	38911480	38911481	rs71197116	chr22	38912401	38913200	17_EnhW2	921
chr22	38912770	38912771	rs1946990	chr22	38912401	38913200	17_EnhW2	0
chr22	38921083	38921084	rs5750617	chr22	38927801	38928200	16_EnhW1	6718
chr22	38923674	38923675	rs5757126	chr22	38927801	38928200	16_EnhW1	4127
chr22	38925718	38925719	rs1980455	chr22	38927801	38928200	16_EnhW1	2083
chr22	38935926	38935927	rs4820335	chr22	38942401	38942800	17_EnhW2	6475
chr22	38937793	38937794	rs5757130	chr22	38942401	38942800	17_EnhW2	4608
chr22	38944644	38944645	rs8135087	chr22	38942401	38942800	17_EnhW2	1845
chr22	38949072	38949073	rs9610975	chr22	38942401	38942800	17_EnhW2	6273
chr22	38952572	38952573	rs5757135	chr22	38942401	38942800	17_EnhW2	9773
chr22	38954702	38954703	rs9622830	chr22	38963801	38964000	17_EnhW2	9099
chr22	38956165	38956166	rs5750621	chr22	38963801	38964000	17_EnhW2	7636
chr22	38956463	38956464	rs5750622	chr22	38963801	38964000	17_EnhW2	7338
chr22	38957012	38957013	rs5757140	chr22	38963801	38964000	17_EnhW2	6789
chr22	38957482	38957483	rs5757141	chr22	38963801	38964000	17_EnhW2	6319
chr22	38964927	38964928	rs5757151	chr22	38963801	38964000	17_EnhW2	928
chr22	38966486	38966487	rs6001159	chr22	38967401	38967600	16_EnhW1	915
chr22	38970438	38970439	rs8140617	chr22	38967601	38967800	17_EnhW2	2639
chr22	38971949	38971950	rs34346867	chr22	38967601	38967800	17_EnhW2	4150
chr22	38972807	38972808	rs35027265	chr22	38967601	38967800	17_EnhW2	5008
chr22	38973166	38973167	rs71296619	chr22	38967601	38967800	17_EnhW2	5367
chr22	38974153	38974154	rs1013338	chr22	38967601	38967800	17_EnhW2	6354
chr22	38974679	38974680	rs1013339	chr22	38967601	38967800	17_EnhW2	6880
chr22	38975510	38975511	rs1569492	chr22	38967601	38967800	17_EnhW2	7711
chr22	38976100	38976101	rs140649404	chr22	38967601	38967800	17_EnhW2	8301
chr22	38977746	38977747	rs149610956	chr22	38967601	38967800	17_EnhW2	9947
chr22	38977889	38977890	rs5750626	chr22	38967601	38967800	17_EnhW2	10090
chr22	38981009	38981010	rs7291652	chr22	38967601	38967800	17_EnhW2	13210
chr22	38982320	38982321	rs5750627	chr22	38967601	38967800	17_EnhW2	14521
chr22	38982441	38982442	rs4560233	chr22	38967601	38967800	17_EnhW2	14642
chr22	38982742	38982743	rs5757159	chr22	38967601	38967800	17_EnhW2	14943
chr22	38984768	38984769	rs34469783	chr22	38967601	38967800	17_EnhW2	16969
chr22	38985064	38985065	rs5750629	chr22	38967601	38967800	17_EnhW2	17265
chr22	38985817	38985818	rs5750630	chr22	39002401	39002600	17_EnhW2	16584
chr22	38986090	38986091	rs144619041	chr22	39002401	39002600	17_EnhW2	16311
chr22	38986247	38986248	rs9607553	chr22	39002401	39002600	17_EnhW2	16154
chr22	38988114	38988115	rs3946137	chr22	39002401	39002600	17_EnhW2	14287
chr22	38989006	38989007	rs6519119	chr22	39002401	39002600	17_EnhW2	13395
chr22	38989645	38989646	rs5757160	chr22	39002401	39002600	17_EnhW2	12756
chr22	38989812	38989813	rs7288443	chr22	39002401	39002600	17_EnhW2	12589
chr22	38990661	38990662	rs5757161	chr22	39002401	39002600	17_EnhW2	11740
chr22	38990737	38990738	rs5750632	chr22	39002401	39002600	17_EnhW2	11664
chr22	38991392	38991393	rs6519120	chr22	39002401	39002600	17_EnhW2	11009
chr22	38993369	38993370	rs5757162	chr22	39002401	39002600	17_EnhW2	9032
chr22	38993466	38993467	rs5750633	chr22	39002401	39002600	17_EnhW2	8935
chr22	38993962	38993963	rs5750634	chr22	39002401	39002600	17_EnhW2	8439
chr22	38993975	38993976	rs5750635	chr22	39002401	39002600	17_EnhW2	8426
chr22	38994576	38994577	rs5757165	chr22	39002401	39002600	17_EnhW2	7825
chr22	38995384	38995385	rs5757166	chr22	39002401	39002600	17_EnhW2	7017
chr22	38997268	38997269	rs12168758	chr22	39002401	39002600	17_EnhW2	5133
chr22	38998518	38998519	rs1569716	chr22	39002401	39002600	17_EnhW2	3883
chr22	38999120	38999121	rs6001169	chr22	39002401	39002600	17_EnhW2	3281
chr22	38999491	38999492	rs71197122	chr22	39002401	39002600	17_EnhW2	2910
chr22	39000396	39000397	rs9622833	chr22	39002401	39002600	17_EnhW2	2005
chr22	39003494	39003495	rs5757169	chr22	39002401	39002600	17_EnhW2	895
chr22	39005025	39005026	rs5757172	chr22	39002401	39002600	17_EnhW2	2426
chr22	39005061	39005062	rs5750639	chr22	39002401	39002600	17_EnhW2	2462
chr22	39006531	39006532	rs150579010	chr22	39002401	39002600	17_EnhW2	3932
chr22	39006933	39006934	rs5757176	chr22	39010601	39011000	17_EnhW2	3668
chr22	39007173	39007174	rs5757177	chr22	39010601	39011000	17_EnhW2	3428
chr22	39009134	39009135	rs5750644	chr22	39010601	39011000	17_EnhW2	1467
chr22	39013424	39013425	rs5757180	chr22	39010601	39011000	17_EnhW2	2425
chr22	39013521	39013522	rs5757181	chr22	39010601	39011000	17_EnhW2	2522
chr22	39013829	39013830	rs5750646	chr22	39010601	39011000	17_EnhW2	2830
chr22	39015301	39015302	rs6001173	chr22	39010601	39011000	17_EnhW2	4302
chr22	39016181	39016182	rs4821797	chr22	39010601	39011000	17_EnhW2	5182
chr22	39017353	39017354	rs35716573	chr22	39010601	39011000	17_EnhW2	6354
chr22	39018333	39018334	rs6001175	chr22	39010601	39011000	17_EnhW2	7334
chr22	39020265	39020266	rs5757185	chr22	39010601	39011000	17_EnhW2	9266
chr22	39021164	39021165	rs4821798	chr22	39010601	39011000	17_EnhW2	10165
chr22	39021325	39021326	rs4821799	chr22	39010601	39011000	17_EnhW2	10326
chr22	39021521	39021522	rs5757187	chr22	39010601	39011000	17_EnhW2	10522
chr22	39021716	39021717	rs5757188	chr22	39010601	39011000	17_EnhW2	10717
chr22	39021834	39021835	rs34305342	chr22	39010601	39011000	17_EnhW2	10835
chr22	39025276	39025277	rs9610986	chr22	39010601	39011000	17_EnhW2	14277
chr22	39028912	39028913	rs9306328	chr22	39010601	39011000	17_EnhW2	17913
chr22	39029694	39029695	rs5757191	chr22	39010601	39011000	17_EnhW2	18695
chr22	39032774	39032775	rs34040804	chr22	39010601	39011000	17_EnhW2	21775
chr22	39034866	39034867	rs5757193	chr22	39010601	39011000	17_EnhW2	23867
chr22	39036279	39036280	rs4821801	chr22	39010601	39011000	17_EnhW2	25280
chr22	39036768	39036769	rs5750649	chr22	39010601	39011000	17_EnhW2	25769
chr22	39037129	39037130	rs71326717	chr22	39010601	39011000	17_EnhW2	26130
chr22	39037551	39037552	rs4821802	chr22	39010601	39011000	17_EnhW2	26552
chr22	39037555	39037556	rs34059145	chr22	39010601	39011000	17_EnhW2	26556
chr22	39037703	39037704	rs58326269	chr22	39010601	39011000	17_EnhW2	26704
chr22	39037953	39037954	rs2179142	chr22	39010601	39011000	17_EnhW2	26954
chr22	39037978	39037979	rs738249	chr22	39010601	39011000	17_EnhW2	26979
chr22	39037983	39037984	rs2179143	chr22	39010601	39011000	17_EnhW2	26984
chr22	39038789	39038790	rs5757194	chr22	39010601	39011000	17_EnhW2	27790
chr22	39038795	39038796	rs5757195	chr22	39010601	39011000	17_EnhW2	27796
chr22	39039333	39039334	rs139669378	chr22	39010601	39011000	17_EnhW2	28334
chr22	39039854	39039855	rs5757196	chr22	39010601	39011000	17_EnhW2	28855
chr22	39040278	39040279	rs9607557	chr22	39010601	39011000	17_EnhW2	29279
chr22	39040341	39040342	rs7288400	chr22	39010601	39011000	17_EnhW2	29342
chr22	39040597	39040598	rs145502813	chr22	39010601	39011000	17_EnhW2	29598
chr22	39040616	39040617	rs5757199	chr22	39010601	39011000	17_EnhW2	29617
chr22	39040732	39040733	rs5995603	chr22	39010601	39011000	17_EnhW2	29733
chr22	39040824	39040825	rs4821803	chr22	39010601	39011000	17_EnhW2	29825
chr22	39040889	39040890	rs4821804	chr22	39010601	39011000	17_EnhW2	29890
chr22	39041040	39041041	rs4821805	chr22	39010601	39011000	17_EnhW2	30041
chr22	39042213	39042214	rs7289577	chr22	39010601	39011000	17_EnhW2	31214
chr22	39042220	39042221	rs7289855	chr22	39010601	39011000	17_EnhW2	31221
chr22	39042430	39042431	rs71661384	chr22	39010601	39011000	17_EnhW2	31431
chr22	39042817	39042818	rs9610993	chr22	39010601	39011000	17_EnhW2	31818
chr22	39043020	39043021	rs6001181	chr22	39010601	39011000	17_EnhW2	32021
chr22	39043490	39043491	rs5757200	chr22	39010601	39011000	17_EnhW2	32491
chr22	39044151	39044152	rs5757203	chr22	39010601	39011000	17_EnhW2	33152
chr22	39044309	39044310	rs11351838	chr22	39010601	39011000	17_EnhW2	33310
chr22	39044426	39044427	rs7290979	chr22	39010601	39011000	17_EnhW2	33427
chr22	39044535	39044536	rs7291287	chr22	39010601	39011000	17_EnhW2	33536
chr22	39044559	39044560	rs7291396	chr22	39010601	39011000	17_EnhW2	33560
chr22	39044805	39044806	rs5995606	chr22	39010601	39011000	17_EnhW2	33806
chr22	39045098	39045099	rs6519124	chr22	39010601	39011000	17_EnhW2	34099
chr22	39046326	39046327	rs2205802	chr22	39010601	39011000	17_EnhW2	35327
chr22	39046699	39046700	rs5757204	chr22	39010601	39011000	17_EnhW2	35700
chr22	39047434	39047435	rs8138996	chr22	39010601	39011000	17_EnhW2	36435
chr22	39047442	39047443	rs6001182	chr22	39010601	39011000	17_EnhW2	36443
chr22	39047799	39047800	rs10701349	chr22	39010601	39011000	17_EnhW2	36800
chr22	39048315	39048316	rs5750652	chr22	39010601	39011000	17_EnhW2	37316
chr22	39048754	39048755	rs5757206	chr22	39010601	39011000	17_EnhW2	37755
chr22	39048876	39048877	rs5757207	chr22	39010601	39011000	17_EnhW2	37877
chr22	39048880	39048881	rs142860170	chr22	39010601	39011000	17_EnhW2	37881
chr22	39049229	39049230	rs5757208	chr22	39010601	39011000	17_EnhW2	38230
chr22	39049316	39049317	rs5995607	chr22	39010601	39011000	17_EnhW2	38317
chr22	39051123	39051124	rs5757210	chr22	39010601	39011000	17_EnhW2	40124
chr22	39051343	39051344	rs5750653	chr22	39010601	39011000	17_EnhW2	40344
chr22	39051427	39051428	rs5750654	chr22	39010601	39011000	17_EnhW2	40428
chr22	39051704	39051705	rs5757211	chr22	39010601	39011000	17_EnhW2	40705
chr22	39052115	39052116	rs6001184	chr22	39092801	39093200	14_EnhA2	40686
chr22	39052154	39052155	rs6001185	chr22	39092801	39093200	14_EnhA2	40647
chr22	39053048	39053049	rs2294296	chr22	39092801	39093200	14_EnhA2	39753
chr22	39053381	39053382	rs2064088	chr22	39092801	39093200	14_EnhA2	39420
chr22	39053756	39053757	rs5757212	chr22	39092801	39093200	14_EnhA2	39045
chr22	39053887	39053888	rs5757213	chr22	39092801	39093200	14_EnhA2	38914
chr22	39054215	39054216	rs5757214	chr22	39092801	39093200	14_EnhA2	38586
chr22	39054260	39054261	rs5757215	chr22	39092801	39093200	14_EnhA2	38541
chr22	39054496	39054497	rs4820341	chr22	39092801	39093200	14_EnhA2	38305
chr22	39054770	39054771	rs4820342	chr22	39092801	39093200	14_EnhA2	38031
chr22	39055048	39055049	rs6001186	chr22	39092801	39093200	14_EnhA2	37753
chr22	39055203	39055204	rs5757216	chr22	39092801	39093200	14_EnhA2	37598
chr22	39055302	39055303	rs5757217	chr22	39092801	39093200	14_EnhA2	37499
chr22	39055612	39055613	rs62229988	chr22	39092801	39093200	14_EnhA2	37189
chr22	39055683	39055684	rs62229989	chr22	39092801	39093200	14_EnhA2	37118
chr22	39056324	39056325	rs5750656	chr22	39092801	39093200	14_EnhA2	36477
chr22	39056355	39056356	rs5750657	chr22	39092801	39093200	14_EnhA2	36446
chr22	39057762	39057763	rs9610995	chr22	39092801	39093200	14_EnhA2	35039
chr22	39058238	39058239	rs6519128	chr22	39092801	39093200	14_EnhA2	34563
chr22	39058305	39058306	rs34580405	chr22	39092801	39093200	14_EnhA2	34496
chr22	39058756	39058757	rs8142098	chr22	39092801	39093200	14_EnhA2	34045
chr22	39058945	39058946	rs9610997	chr22	39092801	39093200	14_EnhA2	33856
chr22	39059053	39059054	rs9610998	chr22	39092801	39093200	14_EnhA2	33748
chr22	39059403	39059404	rs2413544	chr22	39092801	39093200	14_EnhA2	33398
chr22	39059648	39059649	rs7410470	chr22	39092801	39093200	14_EnhA2	33153
chr22	39059918	39059919	rs4821806	chr22	39092801	39093200	14_EnhA2	32883
chr22	39060472	39060473	rs5757222	chr22	39092801	39093200	14_EnhA2	32329
chr22	39060916	39060917	rs5750658	chr22	39092801	39093200	14_EnhA2	31885
chr22	39061029	39061030	rs8137829	chr22	39092801	39093200	14_EnhA2	31772
chr22	39061900	39061901	rs8138757	chr22	39092801	39093200	14_EnhA2	30901
chr22	39062193	39062194	rs6001188	chr22	39092801	39093200	14_EnhA2	30608
chr22	39062707	39062708	rs35569954	chr22	39092801	39093200	14_EnhA2	30094
chr22	39063010	39063011	rs35565791	chr22	39092801	39093200	14_EnhA2	29791
chr22	39063014	39063015	rs35522482	chr22	39092801	39093200	14_EnhA2	29787
chr22	39063021	39063022	rs35907163	chr22	39092801	39093200	14_EnhA2	29780
chr22	39064208	39064209	rs2072795	chr22	39092801	39093200	14_EnhA2	28593
chr22	39064229	39064230	rs2072796	chr22	39092801	39093200	14_EnhA2	28572
chr22	39064377	39064378	rs2281019	chr22	39092801	39093200	14_EnhA2	28424
chr22	39064405	39064406	rs2281020	chr22	39092801	39093200	14_EnhA2	28396
chr22	39064666	39064667	rs2281021	chr22	39092801	39093200	14_EnhA2	28135
chr22	39064680	39064681	rs5995610	chr22	39092801	39093200	14_EnhA2	28121
chr22	39064805	39064806	rs3827356	chr22	39092801	39093200	14_EnhA2	27996
chr22	39064965	39064966	rs3788544	chr22	39092801	39093200	14_EnhA2	27836
chr22	39065171	39065172	rs3788545	chr22	39092801	39093200	14_EnhA2	27630
chr22	39065581	39065582	rs4821807	chr22	39092801	39093200	14_EnhA2	27220
chr22	39065738	39065739	rs4821808	chr22	39092801	39093200	14_EnhA2	27063
chr22	39065742	39065743	rs4821809	chr22	39092801	39093200	14_EnhA2	27059
chr22	39066000	39066001	rs5757224	chr22	39092801	39093200	14_EnhA2	26801
chr22	39066209	39066210	rs8136368	chr22	39092801	39093200	14_EnhA2	26592
chr22	39066819	39066820	rs3761454	chr22	39092801	39093200	14_EnhA2	25982
chr22	39067330	39067331	rs3747170	chr22	39092801	39093200	14_EnhA2	25471
chr22	39067523	39067524	rs3747172	chr22	39092801	39093200	14_EnhA2	25278
chr22	39068788	39068789	rs5750659	chr22	39092801	39093200	14_EnhA2	24013
chr22	39069044	39069045	rs3747173	chr22	39092801	39093200	14_EnhA2	23757
chr22	39069180	39069181	rs3747174	chr22	39092801	39093200	14_EnhA2	23621
chr22	39069509	39069510	rs1065201	chr22	39092801	39093200	14_EnhA2	23292
chr22	39070088	39070089	rs4820343	chr22	39092801	39093200	14_EnhA2	22713
chr22	39070549	39070550	rs5757226	chr22	39092801	39093200	14_EnhA2	22252
chr22	39070734	39070735	rs5757227	chr22	39092801	39093200	14_EnhA2	22067
chr22	39070810	39070811	rs5757228	chr22	39092801	39093200	14_EnhA2	21991
chr22	39071657	39071658	rs5757231	chr22	39092801	39093200	14_EnhA2	21144
chr22	39071676	39071677	rs5757232	chr22	39092801	39093200	14_EnhA2	21125
chr22	39072097	39072098	rs4821810	chr22	39092801	39093200	14_EnhA2	20704
chr22	39072453	39072454	rs9306329	chr22	39092801	39093200	14_EnhA2	20348
chr22	39072471	39072472	rs5750662	chr22	39092801	39093200	14_EnhA2	20330
chr22	39072685	39072686	rs5757234	chr22	39092801	39093200	14_EnhA2	20116
chr22	39072768	39072769	rs5750664	chr22	39092801	39093200	14_EnhA2	20033
chr22	39073060	39073061	rs9611006	chr22	39092801	39093200	14_EnhA2	19741
chr22	39073074	39073075	rs5750665	chr22	39092801	39093200	14_EnhA2	19727
chr22	39073810	39073811	rs6001190	chr22	39092801	39093200	14_EnhA2	18991
chr22	39073823	39073824	rs5757236	chr22	39092801	39093200	14_EnhA2	18978
chr22	39073834	39073835	rs5757237	chr22	39092801	39093200	14_EnhA2	18967
chr22	39073895	39073896	rs5757238	chr22	39092801	39093200	14_EnhA2	18906
chr22	39074451	39074452	rs6001191	chr22	39092801	39093200	14_EnhA2	18350
chr22	39074715	39074716	rs11704021	chr22	39092801	39093200	14_EnhA2	18086
chr22	39074736	39074737	rs6001193	chr22	39092801	39093200	14_EnhA2	18065
chr22	39075059	39075060	rs4820344	chr22	39092801	39093200	14_EnhA2	17742
chr22	39075144	39075145	rs4821811	chr22	39092801	39093200	14_EnhA2	17657
chr22	39075234	39075235	rs4821812	chr22	39092801	39093200	14_EnhA2	17567
chr22	39075433	39075434	rs9607566	chr22	39092801	39093200	14_EnhA2	17368
chr22	39075591	39075592	rs5757241	chr22	39092801	39093200	14_EnhA2	17210
chr22	39076272	39076273	rs4821813	chr22	39092801	39093200	14_EnhA2	16529
chr22	39076848	39076849	rs35557852	chr22	39092801	39093200	14_EnhA2	15953
chr22	39079148	39079149	rs201072605	chr22	39092801	39093200	14_EnhA2	13653
chr22	39079154	39079155	rs60970723	chr22	39092801	39093200	14_EnhA2	13647
chr22	39079412	39079413	rs3827357	chr22	39092801	39093200	14_EnhA2	13389
chr22	39079963	39079964	rs5750668	chr22	39092801	39093200	14_EnhA2	12838
chr22	39080077	39080078	rs1056610	chr22	39092801	39093200	14_EnhA2	12724
chr22	39080244	39080245	rs1056661	chr22	39092801	39093200	14_EnhA2	12557
chr22	39080637	39080638	rs5750669	chr22	39092801	39093200	14_EnhA2	12164
chr22	39082173	39082174	rs10135	chr22	39092801	39093200	14_EnhA2	10628
chr22	39088763	39088764	rs6001199	chr22	39092801	39093200	14_EnhA2	4038
chr22	39090867	39090868	rs55844316	chr22	39092801	39093200	14_EnhA2	1934
chr22	39091150	39091151	rs4820345	chr22	39092801	39093200	14_EnhA2	1651
chr22	39091449	39091450	rs5757248	chr22	39092801	39093200	14_EnhA2	1352
chr22	39092523	39092524	rs2413545	chr22	39092801	39093200	14_EnhA2	278
chr22	39094618	39094619	rs5750671	chr22	39093201	39093600	15_EnhAF	1019
chr22	39095697	39095698	rs926299	chr22	39093201	39093600	15_EnhAF	2098
chr22	39096601	39096602	rs6519133	chr22	39097801	39098000	16_EnhW1	1200
chr22	39098786	39098787	rs9611008	chr22	39098601	39099600	17_EnhW2	0
chr22	39099601	39099602	rs6001203	chr22	39098601	39099600	17_EnhW2	2
chr22	39100127	39100128	rs5757251	chr22	39100601	39100800	15_EnhAF	474
chr22	39100238	39100239	rs6001204	chr22	39100601	39100800	15_EnhAF	363
chr22	39100263	39100264	rs6001205	chr22	39100601	39100800	15_EnhAF	338
chr22	39100290	39100291	rs5757252	chr22	39100601	39100800	15_EnhAF	311
chr22	39101618	39101619	rs2267393	chr22	39100601	39100800	15_EnhAF	819
chr22	39101632	39101633	rs2267394	chr22	39100601	39100800	15_EnhAF	833
chr22	39104167	39104168	rs5750672	chr22	39100601	39100800	15_EnhAF	3368
chr22	39104319	39104320	rs5757253	chr22	39100601	39100800	15_EnhAF	3520
chr22	39105706	39105707	rs4821815	chr22	39100601	39100800	15_EnhAF	4907
chr22	39105947	39105948	rs2284073	chr22	39100601	39100800	15_EnhAF	5148
chr22	39107000	39107001	rs2413546	chr22	39100601	39100800	15_EnhAF	6201
chr22	39107337	39107338	rs2413547	chr22	39100601	39100800	15_EnhAF	6538
chr22	39110123	39110124	rs5750673	chr22	39100601	39100800	15_EnhAF	9324
chr22	39110436	39110437	rs5757257	chr22	39100601	39100800	15_EnhAF	9637
chr22	39113133	39113134	rs4821816	chr22	39100601	39100800	15_EnhAF	12334
chr22	39113902	39113903	rs2267395	chr22	39100601	39100800	15_EnhAF	13103
chr22	39116390	39116391	rs55850024	chr22	39100601	39100800	15_EnhAF	15591
chr22	39116794	39116795	rs470106	chr22	39100601	39100800	15_EnhAF	15995
chr22	39117468	39117469	rs138692	chr22	39100601	39100800	15_EnhAF	16669
chr22	39121251	39121252	rs6001209	chr22	39100601	39100800	15_EnhAF	20452
chr22	39124466	39124467	rs2235230	chr22	39100601	39100800	15_EnhAF	23667
chr22	39124911	39124912	rs2235229	chr22	39100601	39100800	15_EnhAF	24112
chr22	39125073	39125074	rs4820346	chr22	39100601	39100800	15_EnhAF	24274
chr22	39126507	39126508	rs909564	chr22	39100601	39100800	15_EnhAF	25708
chr22	39129707	39129708	rs138699	chr22	39154401	39154600	17_EnhW2	24694
chr22	39129998	39129999	rs138700	chr22	39154401	39154600	17_EnhW2	24403
chr22	39130842	39130843	rs17032	chr22	39154401	39154600	17_EnhW2	23559
chr22	39130963	39130964	rs1043441	chr22	39154401	39154600	17_EnhW2	23438
chr22	39130970	39130971	rs9835	chr22	39154401	39154600	17_EnhW2	23431
chr22	39131726	39131727	rs1043312	chr22	39154401	39154600	17_EnhW2	22675
chr22	39132600	39132601	rs138702	chr22	39154401	39154600	17_EnhW2	21801
chr22	39132747	39132748	rs138703	chr22	39154401	39154600	17_EnhW2	21654
chr22	39133409	39133410	rs138704	chr22	39154401	39154600	17_EnhW2	20992
chr22	39133802	39133803	rs138705	chr22	39154401	39154600	17_EnhW2	20599
chr22	39134714	39134715	rs1062687	chr22	39154401	39154600	17_EnhW2	19687
chr22	39137833	39137834	rs138706	chr22	39154401	39154600	17_EnhW2	16568
chr22	39137953	39137954	rs138707	chr22	39154401	39154600	17_EnhW2	16448
chr22	39139215	39139216	rs138709	chr22	39154401	39154600	17_EnhW2	15186
chr22	39139342	39139343	rs138710	chr22	39154401	39154600	17_EnhW2	15059
chr22	39139912	39139913	rs138711	chr22	39154401	39154600	17_EnhW2	14489
chr22	39141599	39141600	rs138712	chr22	39154401	39154600	17_EnhW2	12802
chr22	39142614	39142615	rs138713	chr22	39154401	39154600	17_EnhW2	11787
chr22	39146526	39146527	rs138716	chr22	39154401	39154600	17_EnhW2	7875
chr22	39147714	39147715	rs5750677	chr22	39154401	39154600	17_EnhW2	6687
chr22	39148482	39148483	rs2072798	chr22	39154401	39154600	17_EnhW2	5919
chr22	39149154	39149155	rs6001214	chr22	39154401	39154600	17_EnhW2	5247
chr22	39150449	39150450	rs2076028	chr22	39154401	39154600	17_EnhW2	3952
chr22	39150542	39150543	rs2072794	chr22	39154401	39154600	17_EnhW2	3859
chr22	39151056	39151057	rs470107	chr22	39154401	39154600	17_EnhW2	3345
chr22	39152411	39152412	rs7284966	chr22	39154401	39154600	17_EnhW2	1990
chr3	10492319	10492320	rs12488888	chr3	10486801	10487400	17_EnhW2	4920
chr3	13733847	13733848	rs373563628	chr3	13728601	13729800	17_EnhW2	4048
chr3	13734620	13734621	rs4402916	chr3	13728601	13729800	17_EnhW2	4821
chr3	13736087	13736088	rs4076108	chr3	13739801	13740600	17_EnhW2	3714
chr3	13742434	13742435	rs12490834	chr3	13742001	13742400	17_EnhW2	35
chr3	13744058	13744059	rs11714418	chr3	13742001	13742400	17_EnhW2	1659
chr3	13744133	13744134	rs11714500	chr3	13742001	13742400	17_EnhW2	1734
chr3	13747494	13747495	rs75553165	chr3	13742001	13742400	17_EnhW2	5095
chr3	13747993	13747994	rs62234775	chr3	13742001	13742400	17_EnhW2	5594
chr3	13750641	13750642	rs62234790	chr3	13758601	13759200	17_EnhW2	7960
chr3	13753636	13753637	rs62234797	chr3	13758601	13759200	17_EnhW2	4965
chr3	13756307	13756308	rs62234799	chr3	13758601	13759200	17_EnhW2	2294
chr3	13756532	13756533	rs62234800	chr3	13758601	13759200	17_EnhW2	2069
chr3	13756795	13756796	rs76390153	chr3	13758601	13759200	17_EnhW2	1806
chr3	13757202	13757203	rs80312439	chr3	13758601	13759200	17_EnhW2	1399
chr3	13758473	13758474	rs4684995	chr3	13758601	13759200	17_EnhW2	128
chr3	13759137	13759138	rs148357564	chr3	13758601	13759200	17_EnhW2	0
chr3	13760469	13760470	rs4413296	chr3	13758601	13759200	17_EnhW2	1270
chr3	13761451	13761452	rs62234801	chr3	13758601	13759200	17_EnhW2	2252
chr3	13761838	13761839	rs56919927	chr3	13758601	13759200	17_EnhW2	2639
chr3	13763149	13763150	rs4684999	chr3	13758601	13759200	17_EnhW2	3950
chr3	13763639	13763640	rs79227175	chr3	13758601	13759200	17_EnhW2	4440
chr3	13764245	13764246	rs6789949	chr3	13758601	13759200	17_EnhW2	5046
chr3	13765390	13765391	rs2974384	chr3	13769401	13769600	17_EnhW2	4011
chr3	13765467	13765468	rs2974383	chr3	13769401	13769600	17_EnhW2	3934
chr3	13765712	13765713	rs35091679	chr3	13769401	13769600	17_EnhW2	3689
chr3	13766244	13766245	rs2974398	chr3	13769401	13769600	17_EnhW2	3157
chr3	13766926	13766927	rs2974397	chr3	13769401	13769600	17_EnhW2	2475
chr3	13772312	13772313	rs140641957	chr3	13770801	13771200	17_EnhW2	1113
chr3	13776394	13776395	rs2974396	chr3	13770801	13771200	17_EnhW2	5195
chr3	13777483	13777484	rs2974395	chr3	13770801	13771200	17_EnhW2	6284
chr3	13777921	13777922	rs59109861	chr3	13770801	13771200	17_EnhW2	6722
chr3	13778344	13778345	rs2974394	chr3	13770801	13771200	17_EnhW2	7145
chr3	13780366	13780367	rs4387948	chr3	13770801	13771200	17_EnhW2	9167
chr3	13780903	13780904	rs2974393	chr3	13770801	13771200	17_EnhW2	9704
chr3	13781767	13781768	rs2974392	chr3	13770801	13771200	17_EnhW2	10568
chr3	13785866	13785867	rs2974391	chr3	13770801	13771200	17_EnhW2	14667
chr3	13785869	13785870	rs2974390	chr3	13770801	13771200	17_EnhW2	14670
chr3	13787640	13787641	rs2974389	chr3	13770801	13771200	17_EnhW2	16441
chr3	13790713	13790714	rs112845213	chr3	13810201	13810400	17_EnhW2	19488
chr3	13791474	13791475	rs2974401	chr3	13810201	13810400	17_EnhW2	18727
chr3	13792392	13792393	rs9864530	chr3	13810201	13810400	17_EnhW2	17809
chr3	13792990	13792991	rs6791117	chr3	13810201	13810400	17_EnhW2	17211
chr3	13793826	13793827	rs2974400	chr3	13810201	13810400	17_EnhW2	16375
chr3	13793935	13793936	rs34185430	chr3	13810201	13810400	17_EnhW2	16266
chr3	13794437	13794438	rs9875578	chr3	13810201	13810400	17_EnhW2	15764
chr3	13795676	13795677	rs7634577	chr3	13810201	13810400	17_EnhW2	14525
chr3	13796064	13796065	rs9847633	chr3	13810201	13810400	17_EnhW2	14137
chr3	13796440	13796441	rs4685012	chr3	13810201	13810400	17_EnhW2	13761
chr3	13796561	13796562	rs9810973	chr3	13810201	13810400	17_EnhW2	13640
chr3	13797135	13797136	rs9990122	chr3	13810201	13810400	17_EnhW2	13066
chr3	13797444	13797445	rs4684156	chr3	13810201	13810400	17_EnhW2	12757
chr3	13798450	13798451	rs9858917	chr3	13810201	13810400	17_EnhW2	11751
chr3	13798607	13798608	rs13073113	chr3	13810201	13810400	17_EnhW2	11594
chr3	13798989	13798990	rs7632480	chr3	13810201	13810400	17_EnhW2	11212
chr3	13798990	13798991	rs4685014	chr3	13810201	13810400	17_EnhW2	11211
chr3	13799256	13799257	rs7612894	chr3	13810201	13810400	17_EnhW2	10945
chr3	13799334	13799335	rs7612911	chr3	13810201	13810400	17_EnhW2	10867
chr3	13800721	13800722	rs4257528	chr3	13810201	13810400	17_EnhW2	9480
chr3	13800985	13800986	rs4437127	chr3	13810201	13810400	17_EnhW2	9216
chr3	13802531	13802532	rs7639711	chr3	13810201	13810400	17_EnhW2	7670
chr3	13802863	13802864	rs11342017	chr3	13810201	13810400	17_EnhW2	7338
chr3	13803529	13803530	rs7653330	chr3	13810201	13810400	17_EnhW2	6672
chr3	13803617	13803618	rs7631353	chr3	13810201	13810400	17_EnhW2	6584
chr3	13804144	13804145	rs6786420	chr3	13810201	13810400	17_EnhW2	6057
chr3	13805209	13805210	rs9850082	chr3	13810201	13810400	17_EnhW2	4992
chr3	13805577	13805578	rs7615332	chr3	13810201	13810400	17_EnhW2	4624
chr3	13805592	13805593	rs7637646	chr3	13810201	13810400	17_EnhW2	4609
chr3	13806134	13806135	rs7638143	chr3	13810201	13810400	17_EnhW2	4067
chr3	13806436	13806437	rs13089135	chr3	13810201	13810400	17_EnhW2	3765
chr3	13806710	13806711	rs34172992	chr3	13810201	13810400	17_EnhW2	3491
chr3	13808009	13808010	rs4685016	chr3	13810201	13810400	17_EnhW2	2192
chr3	13808438	13808439	rs9866343	chr3	13810201	13810400	17_EnhW2	1763
chr3	13809024	13809025	rs201048103	chr3	13810201	13810400	17_EnhW2	1177
chr3	13809900	13809901	rs4684158	chr3	13810201	13810400	17_EnhW2	301
chr3	13810539	13810540	rs9284832	chr3	13810201	13810400	17_EnhW2	140
chr3	13810669	13810670	rs4525847	chr3	13810201	13810400	17_EnhW2	270
chr3	13810819	13810820	rs4498020	chr3	13811201	13812400	17_EnhW2	382
chr3	13811593	13811594	rs9310431	chr3	13811201	13812400	17_EnhW2	0
chr3	13811691	13811692	rs61037487	chr3	13811201	13812400	17_EnhW2	0
chr3	13811823	13811824	rs9872360	chr3	13811201	13812400	17_EnhW2	0
chr3	13812034	13812035	rs9839026	chr3	13811201	13812400	17_EnhW2	0
chr3	13812872	13812873	rs4234519	chr3	13811201	13812400	17_EnhW2	473
chr3	13813805	13813806	rs6777806	chr3	13811201	13812400	17_EnhW2	1406
chr3	13818384	13818385	rs4591488	chr3	13811201	13812400	17_EnhW2	5985
chr3	13820687	13820688	rs4684159	chr3	13826601	13828200	17_EnhW2	5914
chr3	13822766	13822767	rs4356808	chr3	13826601	13828200	17_EnhW2	3835
chr3	13823827	13823828	rs6782697	chr3	13826601	13828200	17_EnhW2	2774
chr3	13824477	13824478	rs6797277	chr3	13826601	13828200	17_EnhW2	2124
chr3	13826853	13826854	rs729639	chr3	13826601	13828200	17_EnhW2	0
chr3	13827409	13827410	rs9835741	chr3	13826601	13828200	17_EnhW2	0
chr3	13828220	13828221	rs4684160	chr3	13826601	13828200	17_EnhW2	21
chr3	13831303	13831304	rs1368575	chr3	13826601	13828200	17_EnhW2	3104
chr3	13832610	13832611	rs4685022	chr3	13826601	13828200	17_EnhW2	4411
chr3	13833083	13833084	rs11128657	chr3	13837801	13838000	17_EnhW2	4718
chr3	13835006	13835007	rs13082214	chr3	13837801	13838000	17_EnhW2	2795
chr3	13835086	13835087	rs6442409	chr3	13837801	13838000	17_EnhW2	2715
chr3	13836295	13836296	rs6442411	chr3	13837801	13838000	17_EnhW2	1506
chr3	13837285	13837286	rs7643526	chr3	13837801	13838000	17_EnhW2	516
chr3	39472446	39472447	rs13081054	chr3	39460601	39461400	17_EnhW2	11047
chr3	39472524	39472525	rs11129832	chr3	39460601	39461400	17_EnhW2	11125
chr3	39472628	39472629	rs56055643	chr3	39460601	39461400	17_EnhW2	11229
chr3	39472630	39472631	rs56188319	chr3	39460601	39461400	17_EnhW2	11231
chr3	39472789	39472790	rs12495185	chr3	39460601	39461400	17_EnhW2	11390
chr3	39472936	39472937	rs11385883	chr3	39460601	39461400	17_EnhW2	11537
chr3	39473100	39473101	rs7638977	chr3	39460601	39461400	17_EnhW2	11701
chr3	39473223	39473224	rs2018725	chr3	39460601	39461400	17_EnhW2	11824
chr3	39473590	39473591	rs1009966	chr3	39460601	39461400	17_EnhW2	12191
chr3	39474411	39474412	rs13073538	chr3	39460601	39461400	17_EnhW2	13012
chr3	39474424	39474425	rs13096483	chr3	39460601	39461400	17_EnhW2	13025
chr3	39474957	39474958	rs35310432	chr3	39460601	39461400	17_EnhW2	13558
chr3	39476380	39476381	rs11129833	chr3	39489201	39489600	16_EnhW1	12821
chr3	39478694	39478695	rs674243	chr3	39489201	39489600	16_EnhW1	10507
chr3	39479452	39479453	rs3034513	chr3	39489201	39489600	16_EnhW1	9749
chr3	39479477	39479478	rs879444	chr3	39489201	39489600	16_EnhW1	9724
chr3	39479610	39479611	rs142003765	chr3	39489201	39489600	16_EnhW1	9591
chr3	39479880	39479881	rs12495623	chr3	39489201	39489600	16_EnhW1	9321
chr3	39479989	39479990	rs28615971	chr3	39489201	39489600	16_EnhW1	9212
chr3	39480293	39480294	rs938183	chr3	39489201	39489600	16_EnhW1	8908
chr3	39480406	39480407	rs5848502	chr3	39489201	39489600	16_EnhW1	8795
chr3	39480433	39480434	rs141906717	chr3	39489201	39489600	16_EnhW1	8768
chr3	39481834	39481835	rs12494100	chr3	39489201	39489600	16_EnhW1	7367
chr3	39482660	39482661	rs13079576	chr3	39489201	39489600	16_EnhW1	6541
chr3	39483151	39483152	rs1278142	chr3	39489201	39489600	16_EnhW1	6050
chr3	39484510	39484511	rs13059755	chr3	39489201	39489600	16_EnhW1	4691
chr3	39484619	39484620	rs34081929	chr3	39489201	39489600	16_EnhW1	4582
chr3	39484722	39484723	rs11705945	chr3	39489201	39489600	16_EnhW1	4479
chr3	39485239	39485240	rs34029841	chr3	39489201	39489600	16_EnhW1	3962
chr3	39486599	39486600	rs615479	chr3	39489201	39489600	16_EnhW1	2602
chr3	39486922	39486923	rs2088667	chr3	39489201	39489600	16_EnhW1	2279
chr3	39488345	39488346	rs11129834	chr3	39489201	39489600	16_EnhW1	856
chr3	39488451	39488452	rs11129835	chr3	39489201	39489600	16_EnhW1	750
chr3	39489011	39489012	rs71618905	chr3	39489201	39489600	16_EnhW1	190
chr3	39489618	39489619	rs630934	chr3	39489201	39489600	16_EnhW1	19
chr3	39489650	39489651	rs533577	chr3	39489201	39489600	16_EnhW1	51
chr3	39489876	39489877	rs6770797	chr3	39489201	39489600	16_EnhW1	277
chr3	39489878	39489879	rs6770798	chr3	39489201	39489600	16_EnhW1	279
chr3	39490060	39490061	rs2370964	chr3	39489201	39489600	16_EnhW1	461
chr3	39490095	39490096	rs2887901	chr3	39489201	39489600	16_EnhW1	496
chr3	39490621	39490622	rs4525803	chr3	39489201	39489600	16_EnhW1	1022
chr3	39490872	39490873	rs6774232	chr3	39489201	39489600	16_EnhW1	1273
chr3	39491283	39491284	rs3914283	chr3	39489201	39489600	16_EnhW1	1684
chr3	39491479	39491480	rs36020975	chr3	39489201	39489600	16_EnhW1	1880
chr3	39491566	39491567	rs34629457	chr3	39489201	39489600	16_EnhW1	1967
chr3	39491928	39491929	rs6772037	chr3	39489201	39489600	16_EnhW1	2329
chr3	39492245	39492246	rs11706071	chr3	39489201	39489600	16_EnhW1	2646
chr3	39492593	39492594	rs9852186	chr3	39489201	39489600	16_EnhW1	2994
chr3	39493059	39493060	rs34403692	chr3	39489201	39489600	16_EnhW1	3460
chr3	39493238	39493239	rs6765697	chr3	39489201	39489600	16_EnhW1	3639
chr3	39493719	39493720	rs72588766	chr3	39489201	39489600	16_EnhW1	4120
chr3	39493857	39493858	rs9820623	chr3	39489201	39489600	16_EnhW1	4258
chr3	39498004	39498005	rs4676496	chr3	39502001	39502200	17_EnhW2	3997
chr3	39498146	39498147	rs694611	chr3	39502001	39502200	17_EnhW2	3855
chr3	39498308	39498309	rs34897882	chr3	39502001	39502200	17_EnhW2	3693
chr3	39498510	39498511	rs645567	chr3	39502001	39502200	17_EnhW2	3491
chr3	39499648	39499649	rs11708828	chr3	39502001	39502200	17_EnhW2	2353
chr3	39500159	39500160	rs11713114	chr3	39502001	39502200	17_EnhW2	1842
chr3	39500199	39500200	rs11709044	chr3	39502001	39502200	17_EnhW2	1802
chr3	39500244	39500245	rs11709075	chr3	39502001	39502200	17_EnhW2	1757
chr3	39500372	39500373	rs478514	chr3	39502001	39502200	17_EnhW2	1629
chr3	39502724	39502725	rs12638676	chr3	39502001	39502200	17_EnhW2	525
chr3	39510284	39510285	rs35650892	chr3	39508401	39510000	17_EnhW2	285
chr3	39510285	39510286	rs10675541	chr3	39508401	39510000	17_EnhW2	286
chr3	39510304	39510305	rs34457487	chr3	39508401	39510000	17_EnhW2	305
chr3	39510776	39510777	rs138982058	chr3	39508401	39510000	17_EnhW2	777
chr3	39512550	39512551	rs13079368	chr3	39514601	39515600	17_EnhW2	2051
chr3	39520236	39520237	rs34964580	chr3	39514601	39515600	17_EnhW2	4637
chr3	39526873	39526874	rs1464047	chr3	39514601	39515600	17_EnhW2	11274
chr3	49361790	49361791	rs13078949	chr3	49389001	49389200	17_EnhW2	27211
chr3	49383778	49383779	rs4563439	chr3	49389001	49389200	17_EnhW2	5223
chr3	49386046	49386047	rs62259939	chr3	49389001	49389200	17_EnhW2	2955
chr3	49390249	49390250	rs17650792	chr3	49389401	49389600	17_EnhW2	650
chr3	49391717	49391718	rs4955438	chr3	49389401	49389600	17_EnhW2	2118
chr3	49403020	49403021	rs67084233	chr3	49396401	49396600	13_EnhA1	6421
chr3	49406079	49406080	rs2878298	chr3	49396401	49396600	13_EnhA1	9480
chr3	49406733	49406734	rs58627699	chr3	49396401	49396600	13_EnhA1	10134
chr3	49407228	49407229	rs7373849	chr3	49396401	49396600	13_EnhA1	10629
chr3	49409703	49409704	rs17595772	chr3	49396401	49396600	13_EnhA1	13104
chr3	49411403	49411404	rs7621003	chr3	49396401	49396600	13_EnhA1	14804
chr3	49415178	49415179	rs2117939	chr3	49396401	49396600	13_EnhA1	18579
chr3	49418106	49418107	rs200792649	chr3	49396401	49396600	13_EnhA1	21507
chr3	49418167	49418168	rs4955412	chr3	49396401	49396600	13_EnhA1	21568
chr3	49422686	49422687	rs62259942	chr3	49396401	49396600	13_EnhA1	26087
chr3	49423975	49423976	rs6797765	chr3	49396401	49396600	13_EnhA1	27376
chr3	49425706	49425707	rs7631908	chr3	49396401	49396600	13_EnhA1	29107
chr3	49428662	49428663	rs57164274	chr3	49455001	49455400	17_EnhW2	26339
chr3	49429038	49429039	rs4855843	chr3	49455001	49455400	17_EnhW2	25963
chr3	49431646	49431647	rs7643586	chr3	49455001	49455400	17_EnhW2	23355
chr3	49433132	49433133	rs4855842	chr3	49455001	49455400	17_EnhW2	21869
chr3	49437568	49437569	rs34937635	chr3	49455001	49455400	17_EnhW2	17433
chr3	49438157	49438158	rs55957735	chr3	49455001	49455400	17_EnhW2	16844
chr3	49443371	49443372	rs6773518	chr3	49455001	49455400	17_EnhW2	11630
chr3	49445686	49445687	rs149077972	chr3	49455001	49455400	17_EnhW2	9315
chr3	49448526	49448527	rs4855877	chr3	49455001	49455400	17_EnhW2	6475
chr3	49450863	49450864	rs6784820	chr3	49455001	49455400	17_EnhW2	4138
chr3	49458265	49458266	rs1464568	chr3	49458601	49459000	17_EnhW2	336
chr3	49459113	49459114	rs4855873	chr3	49459001	49459400	16_EnhW1	0
chr3	49459251	49459252	rs1464567	chr3	49459001	49459400	16_EnhW1	0
chr3	49459375	49459376	rs1464566	chr3	49459001	49459400	16_EnhW1	0
chr3	49465600	49465601	rs6446274	chr3	49460401	49460800	15_EnhAF	4801
chr3	49467205	49467206	rs11130192	chr3	49460401	49460800	15_EnhAF	6406
chr3	49469216	49469217	rs4459909	chr3	49460401	49460800	15_EnhAF	8417
chr3	49472902	49472903	rs35810923	chr3	49460401	49460800	15_EnhAF	12103
chr3	49473645	49473646	rs11130193	chr3	49460401	49460800	15_EnhAF	12846
chr3	49475688	49475689	rs11130194	chr3	49460401	49460800	15_EnhAF	14889
chr3	49476805	49476806	rs13096760	chr3	49492201	49493000	17_EnhW2	15396
chr3	49477632	49477633	rs112643993	chr3	49492201	49493000	17_EnhW2	14569
chr3	49489462	49489463	rs59152804	chr3	49492201	49493000	17_EnhW2	2739
chr3	49490148	49490149	rs11130196	chr3	49492201	49493000	17_EnhW2	2053
chr3	49497882	49497883	rs885592	chr3	49496401	49498800	15_EnhAF	0
chr3	49499828	49499829	rs10865955	chr3	49499201	49500000	15_EnhAF	0
chr3	49500347	49500348	rs5848874	chr3	49499201	49500000	15_EnhAF	348
chr3	49502242	49502243	rs7645445	chr3	49499201	49500000	15_EnhAF	2243
chr3	49504087	49504088	rs34240317	chr3	49506201	49506400	16_EnhW1	2114
chr3	49504117	49504118	rs4855866	chr3	49506201	49506400	16_EnhW1	2084
chr3	49507846	49507847	rs4855839	chr3	49506201	49506400	16_EnhW1	1447
chr3	49514999	49515000	rs35701831	chr3	49522601	49522800	17_EnhW2	7602
chr3	49517215	49517216	rs4241408	chr3	49522601	49522800	17_EnhW2	5386
chr3	49520957	49520958	rs1568661	chr3	49522601	49522800	17_EnhW2	1644
chr3	49521117	49521118	rs35904956	chr3	49522601	49522800	17_EnhW2	1484
chr3	49521262	49521263	rs1568662	chr3	49522601	49522800	17_EnhW2	1339
chr3	49521973	49521974	rs4855864	chr3	49522601	49522800	17_EnhW2	628
chr3	49524168	49524169	rs3924463	chr3	49522601	49522800	17_EnhW2	1369
chr3	49524235	49524236	rs3924462	chr3	49522601	49522800	17_EnhW2	1436
chr3	49525961	49525962	rs4855861	chr3	49522601	49522800	17_EnhW2	3162
chr3	49526299	49526300	rs4855859	chr3	49522601	49522800	17_EnhW2	3500
chr3	49528747	49528748	rs71226763	chr3	49522601	49522800	17_EnhW2	5948
chr3	49530710	49530711	rs7643845	chr3	49522601	49522800	17_EnhW2	7911
chr3	49533138	49533139	rs7371895	chr3	49522601	49522800	17_EnhW2	10339
chr3	49533347	49533348	rs62261185	chr3	49522601	49522800	17_EnhW2	10548
chr3	49535114	49535115	rs7637999	chr3	49522601	49522800	17_EnhW2	12315
chr3	49538798	49538799	rs11130199	chr3	49522601	49522800	17_EnhW2	15999
chr3	49539416	49539417	rs3877784	chr3	49522601	49522800	17_EnhW2	16617
chr3	49541699	49541700	rs58084023	chr3	49522601	49522800	17_EnhW2	18900
chr3	49541709	49541710	rs536819065	chr3	49522601	49522800	17_EnhW2	18910
chr3	49549673	49549674	rs12488065	chr3	49572001	49572400	17_EnhW2	22328
chr3	49550913	49550914	rs12489092	chr3	49572001	49572400	17_EnhW2	21088
chr3	49552294	49552295	rs7637665	chr3	49572001	49572400	17_EnhW2	19707
chr3	49557050	49557051	rs3870338	chr3	49572001	49572400	17_EnhW2	14951
chr3	49557094	49557095	rs3870337	chr3	49572001	49572400	17_EnhW2	14907
chr3	49558657	49558658	rs2312461	chr3	49572001	49572400	17_EnhW2	13344
chr3	49559469	49559470	rs71080530	chr3	49572001	49572400	17_EnhW2	12532
chr3	49559983	49559984	rs4855855	chr3	49572001	49572400	17_EnhW2	12018
chr3	49562991	49562992	rs66961854	chr3	49572001	49572400	17_EnhW2	9010
chr3	49566714	49566715	rs11130202	chr3	49572001	49572400	17_EnhW2	5287
chr3	49570881	49570882	rs1050088	chr3	49572001	49572400	17_EnhW2	1120
chr3	49580346	49580347	rs11720264	chr3	49584601	49584800	17_EnhW2	4255
chr3	49588840	49588841	rs34039576	chr3	49590601	49590800	17_EnhW2	1761
chr3	49590255	49590256	rs4855836	chr3	49590601	49590800	17_EnhW2	346
chr3	49596592	49596593	rs11130206	chr3	49590801	49591000	16_EnhW1	5593
chr3	49600425	49600426	rs4241406	chr3	49607201	49608400	17_EnhW2	6776
chr3	49604220	49604221	rs36043715	chr3	49607201	49608400	17_EnhW2	2981
chr3	49604297	49604298	rs36077279	chr3	49607201	49608400	17_EnhW2	2904
chr3	49610956	49610957	rs11720458	chr3	49607201	49608400	17_EnhW2	2557
chr3	49614974	49614975	rs60498586	chr3	49607201	49608400	17_EnhW2	6575
chr3	49617201	49617202	rs35451560	chr3	49624801	49625200	16_EnhW1	7600
chr3	49620769	49620770	rs6782577	chr3	49624801	49625200	16_EnhW1	4032
chr3	49626181	49626182	rs6787417	chr3	49624801	49625200	16_EnhW1	982
chr3	49631325	49631326	rs12636099	chr3	49637401	49637600	17_EnhW2	6076
chr3	49647820	49647821	rs4855835	chr3	49653601	49654400	15_EnhAF	5781
chr3	54677522	54677523	rs623696	chr3	54677401	54678000	17_EnhW2	0
chr3	54696409	54696410	rs72870661	chr3	54694801	54695400	17_EnhW2	1010
chr3	54696829	54696830	rs17054250	chr3	54694801	54695400	17_EnhW2	1430
chr3	54705905	54705906	rs492885	chr3	54704601	54706000	17_EnhW2	0
chr3	54707502	54707503	rs77497560	chr3	54704601	54706000	17_EnhW2	1503
chr3	54708499	54708500	rs72870676	chr3	54704601	54706000	17_EnhW2	2500
chr3	54730292	54730293	rs72872218	chr3	54730601	54733200	17_EnhW2	309
chr3	54735522	54735523	rs72872229	chr3	54737401	54738000	17_EnhW2	1879
chr3	54737081	54737082	rs115315999	chr3	54737401	54738000	17_EnhW2	320
chr3	54737091	54737092	rs75331525	chr3	54737401	54738000	17_EnhW2	310
chr3	54737568	54737569	rs56112781	chr3	54737401	54738000	17_EnhW2	0
chr3	54737721	54737722	rs55675480	chr3	54737401	54738000	17_EnhW2	0
chr3	54739410	54739411	rs41381544	chr3	54738201	54740200	17_EnhW2	0
chr3	54741994	54741995	rs566884	chr3	54742001	54742800	17_EnhW2	7
chr3	54742720	54742721	rs17816548	chr3	54742001	54742800	17_EnhW2	0
chr3	54742907	54742908	rs17816566	chr3	54742001	54742800	17_EnhW2	108
chr3	54744826	54744827	rs72872244	chr3	54744601	54745400	17_EnhW2	0
chr3	54751882	54751883	rs72872259	chr3	54744601	54745400	17_EnhW2	6483
chr3	54755091	54755092	rs10553537	chr3	54744601	54745400	17_EnhW2	9692
chr3	54757717	54757718	rs2102946	chr3	54768201	54769000	17_EnhW2	10484
chr3	54757729	54757730	rs2102947	chr3	54768201	54769000	17_EnhW2	10472
chr3	54758668	54758669	rs7650551	chr3	54768201	54769000	17_EnhW2	9533
chr3	54763915	54763916	rs149312767	chr3	54768201	54769000	17_EnhW2	4286
chr3	54764036	54764037	rs137903739	chr3	54768201	54769000	17_EnhW2	4165
chr3	54764516	54764517	rs142784774	chr3	54768201	54769000	17_EnhW2	3685
chr3	54765408	54765409	rs59004379	chr3	54768201	54769000	17_EnhW2	2793
chr3	54765796	54765797	rs58295654	chr3	54768201	54769000	17_EnhW2	2405
chr3	54770044	54770045	rs2360028	chr3	54768201	54769000	17_EnhW2	1045
chr3	54771375	54771376	rs72872285	chr3	54768201	54769000	17_EnhW2	2376
chr3	54773819	54773820	rs11918101	chr3	54768201	54769000	17_EnhW2	4820
chr3	54774835	54774836	rs4955890	chr3	54768201	54769000	17_EnhW2	5836
chr3	54775746	54775747	rs11924275	chr3	54768201	54769000	17_EnhW2	6747
chr3	54777148	54777149	rs1863858	chr3	54768201	54769000	17_EnhW2	8149
chr3	54777893	54777894	rs10510772	chr3	54768201	54769000	17_EnhW2	8894
chr3	54781185	54781186	rs11914640	chr3	54768201	54769000	17_EnhW2	12186
chr3	54781347	54781348	rs72872300	chr3	54768201	54769000	17_EnhW2	12348
chr3	54781630	54781631	rs11914780	chr3	54793801	54794200	17_EnhW2	12171
chr3	54783829	54783830	rs72874203	chr3	54793801	54794200	17_EnhW2	9972
chr3	54784203	54784204	rs34478567	chr3	54793801	54794200	17_EnhW2	9598
chr3	54784615	54784616	rs57924227	chr3	54793801	54794200	17_EnhW2	9186
chr3	54784734	54784735	rs143002154	chr3	54793801	54794200	17_EnhW2	9067
chr3	54785486	54785487	rs139029732	chr3	54793801	54794200	17_EnhW2	8315
chr3	54787497	54787498	rs75140253	chr3	54793801	54794200	17_EnhW2	6304
chr3	54787676	54787677	rs28455661	chr3	54793801	54794200	17_EnhW2	6125
chr3	54787998	54787999	rs72874204	chr3	54793801	54794200	17_EnhW2	5803
chr3	54788788	54788789	rs17054340	chr3	54793801	54794200	17_EnhW2	5013
chr3	54791335	54791336	rs12185982	chr3	54793801	54794200	17_EnhW2	2466
chr3	54797884	54797885	rs61163409	chr3	54793801	54794200	17_EnhW2	3685
chr3	54800675	54800676	rs10865990	chr3	54806001	54807600	17_EnhW2	5326
chr3	54806526	54806527	rs5849059	chr3	54806001	54807600	17_EnhW2	0
chr3	54807239	54807240	rs1997463	chr3	54806001	54807600	17_EnhW2	0
chr3	54809286	54809287	rs11927886	chr3	54806001	54807600	17_EnhW2	1687
chr3	54812463	54812464	rs78728935	chr3	54815601	54815800	17_EnhW2	3138
chr3	73166306	73166307	rs4586752	chr3	73150401	73150800	17_EnhW2	15507
chr3	73166756	73166757	rs34003991	chr3	73150401	73150800	17_EnhW2	15957
chr3	73167030	73167031	rs1552688	chr3	73150401	73150800	17_EnhW2	16231
chr3	73184659	73184660	rs12494441	chr3	73213801	73214400	17_EnhW2	29142
chr3	73185939	73185940	rs77254364	chr3	73213801	73214400	17_EnhW2	27862
chr3	73186242	73186243	rs9816856	chr3	73213801	73214400	17_EnhW2	27559
chr3	73188972	73188973	rs71126842	chr3	73213801	73214400	17_EnhW2	24829
chr3	73189227	73189228	rs11128311	chr3	73213801	73214400	17_EnhW2	24574
chr3	73215537	73215538	rs28655950	chr3	73213801	73214400	17_EnhW2	1138
chr3	73215598	73215599	rs28560052	chr3	73213801	73214400	17_EnhW2	1199
chr3	73215778	73215779	rs28450444	chr3	73213801	73214400	17_EnhW2	1379
chr3	73216204	73216205	rs9865623	chr3	73213801	73214400	17_EnhW2	1805
chr3	73216356	73216357	rs28397952	chr3	73213801	73214400	17_EnhW2	1957
chr3	73216390	73216391	rs28656397	chr3	73213801	73214400	17_EnhW2	1991
chr3	73217688	73217689	rs9875430	chr3	73213801	73214400	17_EnhW2	3289
chr3	73217701	73217702	rs9819498	chr3	73213801	73214400	17_EnhW2	3302
chr3	73218109	73218110	rs9824313	chr3	73213801	73214400	17_EnhW2	3710
chr3	73218654	73218655	rs9880829	chr3	73213801	73214400	17_EnhW2	4255
chr3	73220097	73220098	rs6796294	chr3	73224601	73225400	17_EnhW2	4504
chr3	73221262	73221263	rs62249739	chr3	73224601	73225400	17_EnhW2	3339
chr3	73222580	73222581	rs9846109	chr3	73224601	73225400	17_EnhW2	2021
chr3	73222871	73222872	rs9846576	chr3	73224601	73225400	17_EnhW2	1730
chr3	73228387	73228388	rs35805592	chr3	73224601	73225400	17_EnhW2	2988
chr3	73228796	73228797	rs12714794	chr3	73224601	73225400	17_EnhW2	3397
chr3	73232448	73232449	rs9870859	chr3	73224601	73225400	17_EnhW2	7049
chr3	73239447	73239448	rs71300566	chr3	73249401	73251000	17_EnhW2	9954
chr3	77237002	77237003	rs11713628	chr3	77235401	77236000	17_EnhW2	1003
chr3	77237112	77237113	rs11713685	chr3	77235401	77236000	17_EnhW2	1113
chr3	77237491	77237492	rs35436026	chr3	77235401	77236000	17_EnhW2	1492
chr3	77238236	77238237	rs6548486	chr3	77235401	77236000	17_EnhW2	2237
chr3	77238609	77238610	rs56319429	chr3	77235401	77236000	17_EnhW2	2610
chr3	77238947	77238948	rs35133299	chr3	77235401	77236000	17_EnhW2	2948
chr3	77239044	77239045	rs35682624	chr3	77235401	77236000	17_EnhW2	3045
chr3	77239275	77239276	rs13094344	chr3	77235401	77236000	17_EnhW2	3276
chr3	77239351	77239352	rs73098056	chr3	77235401	77236000	17_EnhW2	3352
chr3	77239898	77239899	rs4683979	chr3	77235401	77236000	17_EnhW2	3899
chr3	77240027	77240028	rs4683980	chr3	77235401	77236000	17_EnhW2	4028
chr3	77240100	77240101	rs4683981	chr3	77235401	77236000	17_EnhW2	4101
chr3	77240719	77240720	rs146124788	chr3	77235401	77236000	17_EnhW2	4720
chr3	77240829	77240830	rs7426688	chr3	77235401	77236000	17_EnhW2	4830
chr3	77241276	77241277	rs35676350	chr3	77235401	77236000	17_EnhW2	5277
chr3	77241490	77241491	rs34900121	chr3	77235401	77236000	17_EnhW2	5491
chr3	77241606	77241607	rs34320812	chr3	77235401	77236000	17_EnhW2	5607
chr3	77241991	77241992	rs113938391	chr3	77235401	77236000	17_EnhW2	5992
chr3	77242588	77242589	rs55859226	chr3	77235401	77236000	17_EnhW2	6589
chr3	77242619	77242620	rs111510609	chr3	77235401	77236000	17_EnhW2	6620
chr3	77242677	77242678	rs73098061	chr3	77235401	77236000	17_EnhW2	6678
chr3	77242678	77242679	rs73098062	chr3	77235401	77236000	17_EnhW2	6679
chr3	77242854	77242855	rs35304451	chr3	77235401	77236000	17_EnhW2	6855
chr3	77242867	77242868	rs34589150	chr3	77235401	77236000	17_EnhW2	6868
chr3	77243043	77243044	rs34700102	chr3	77235401	77236000	17_EnhW2	7044
chr3	77243103	77243104	rs34377179	chr3	77235401	77236000	17_EnhW2	7104
chr3	77243118	77243119	rs73098067	chr3	77235401	77236000	17_EnhW2	7119
chr3	77243119	77243120	rs13075412	chr3	77235401	77236000	17_EnhW2	7120
chr3	77243409	77243410	rs13100107	chr3	77235401	77236000	17_EnhW2	7410
chr3	77243468	77243469	rs66780014	chr3	77235401	77236000	17_EnhW2	7469
chr3	77243484	77243485	rs11709672	chr3	77235401	77236000	17_EnhW2	7485
chr3	77243487	77243488	rs11721234	chr3	77235401	77236000	17_EnhW2	7488
chr3	77243604	77243605	rs11709706	chr3	77235401	77236000	17_EnhW2	7605
chr3	77243668	77243669	rs11713333	chr3	77235401	77236000	17_EnhW2	7669
chr3	77243791	77243792	rs11709773	chr3	77235401	77236000	17_EnhW2	7792
chr3	77243930	77243931	rs2068492	chr3	77235401	77236000	17_EnhW2	7931
chr3	77244260	77244261	rs17769204	chr3	77235401	77236000	17_EnhW2	8261
chr3	77244551	77244552	rs35002418	chr3	77253001	77253200	17_EnhW2	8450
chr3	77244578	77244579	rs13064244	chr3	77253001	77253200	17_EnhW2	8423
chr3	77244728	77244729	rs13064133	chr3	77253001	77253200	17_EnhW2	8273
chr3	77244744	77244745	rs13086791	chr3	77253001	77253200	17_EnhW2	8257
chr3	77244997	77244998	rs17820482	chr3	77253001	77253200	17_EnhW2	8004
chr3	77245035	77245036	rs17820512	chr3	77253001	77253200	17_EnhW2	7966
chr3	77245412	77245413	rs1372422	chr3	77253001	77253200	17_EnhW2	7589
chr3	77245652	77245653	rs3071072	chr3	77253001	77253200	17_EnhW2	7349
chr3	77246148	77246149	rs67047988	chr3	77253001	77253200	17_EnhW2	6853
chr3	77246348	77246349	rs17769498	chr3	77253001	77253200	17_EnhW2	6653
chr3	77246943	77246944	rs35734493	chr3	77253001	77253200	17_EnhW2	6058
chr3	77246952	77246953	rs56311343	chr3	77253001	77253200	17_EnhW2	6049
chr3	77246962	77246963	rs34444810	chr3	77253001	77253200	17_EnhW2	6039
chr3	77247281	77247282	rs17820687	chr3	77253001	77253200	17_EnhW2	5720
chr3	77247369	77247370	rs13092729	chr3	77253001	77253200	17_EnhW2	5632
chr3	77256610	77256611	rs35622987	chr3	77257001	77257200	17_EnhW2	391
chr3	77257302	77257303	rs13073489	chr3	77257001	77257200	17_EnhW2	103
chr3	77258636	77258637	rs17820980	chr3	77257001	77257200	17_EnhW2	1437
chr3	77258687	77258688	rs17821010	chr3	77257001	77257200	17_EnhW2	1488
chr3	77259989	77259990	rs4684021	chr3	77257001	77257200	17_EnhW2	2790
chr3	77260339	77260340	rs184725504	chr3	77257001	77257200	17_EnhW2	3140
chr3	77260880	77260881	rs9682036	chr3	77257001	77257200	17_EnhW2	3681
chr3	77260880	77260881	rs138369010	chr3	77257001	77257200	17_EnhW2	3681
chr3	77261251	77261252	rs7428425	chr3	77257001	77257200	17_EnhW2	4052
chr3	77261888	77261889	rs77649638	chr3	77257001	77257200	17_EnhW2	4689
chr3	77268978	77268979	rs13070655	chr3	77257001	77257200	17_EnhW2	11779
chr3	77270574	77270575	rs4684027	chr3	77257001	77257200	17_EnhW2	13375
chr3	77274531	77274532	rs67468823	chr3	77257001	77257200	17_EnhW2	17332
chr3	77278815	77278816	rs71104661	chr3	77295401	77296000	17_EnhW2	16586
chr3	77281411	77281412	rs4684031	chr3	77295401	77296000	17_EnhW2	13990
chr3	77282364	77282365	rs13079986	chr3	77295401	77296000	17_EnhW2	13037
chr3	77286772	77286773	rs7644620	chr3	77295401	77296000	17_EnhW2	8629
chr3	77288468	77288469	rs61419856	chr3	77295401	77296000	17_EnhW2	6933
chr3	77290844	77290845	rs975808	chr3	77295401	77296000	17_EnhW2	4557
chr3	77293136	77293137	rs11927597	chr3	77295401	77296000	17_EnhW2	2265
chr3	77297152	77297153	rs4683986	chr3	77297201	77297400	17_EnhW2	49
chr3	77297959	77297960	rs7618355	chr3	77297201	77297400	17_EnhW2	560
chr3	77298781	77298782	rs5850318	chr3	77297201	77297400	17_EnhW2	1382
chr3	77299049	77299050	rs66859128	chr3	77297201	77297400	17_EnhW2	1650
chr3	77299433	77299434	rs4072806	chr3	77297201	77297400	17_EnhW2	2034
chr3	88738510	88738511	rs73138524	chr3	88717601	88717800	17_EnhW2	20711
chr3	88741241	88741242	rs55655300	chr3	88717601	88717800	17_EnhW2	23442
chr3	88742564	88742565	rs55861487	chr3	88717601	88717800	17_EnhW2	24765
chr3	88751713	88751714	rs56100314	chr3	88717601	88717800	17_EnhW2	33914
chr3	88753627	88753628	rs17026135	chr3	88717601	88717800	17_EnhW2	35828
chr3	88758242	88758243	rs17562179	chr3	88717601	88717800	17_EnhW2	40443
chr3	88759712	88759713	rs73138589	chr3	88717601	88717800	17_EnhW2	41913
chr3	88762459	88762460	rs73140407	chr3	88717601	88717800	17_EnhW2	44660
chr3	88763448	88763449	rs73140411	chr3	88717601	88717800	17_EnhW2	45649
chr3	88768941	88768942	rs142415097	chr3	88717601	88717800	17_EnhW2	51142
chr3	88771912	88771913	rs35680948	chr3	88717601	88717800	17_EnhW2	54113
chr3	88778461	88778462	rs55932927	chr3	88717601	88717800	17_EnhW2	60662
chr3	88780718	88780719	rs199540424	chr3	88717601	88717800	17_EnhW2	62919
chr3	88782992	88782993	rs12638255	chr3	88717601	88717800	17_EnhW2	65193
chr3	88788135	88788136	rs12635641	chr3	88856801	88857200	17_EnhW2	68666
chr3	88788674	88788675	rs1483476	chr3	88856801	88857200	17_EnhW2	68127
chr3	132141173	132141174	rs73215984	chr3	132135401	132135600	16_EnhW1	5574
chr3	132156134	132156135	rs73215988	chr3	132164601	132165200	17_EnhW2	8467
chr3	132345488	132345489	rs113322334	chr3	132324401	132325800	17_EnhW2	19689
chr3	132455467	132455468	rs111910948	chr3	132465401	132466000	17_EnhW2	9934
chr3	132572713	132572714	rs112458740	chr3	132572601	132572800	17_EnhW2	0
chr3	183633263	183633264	rs139231525	chr3	183671001	183671600	17_EnhW2	37738
chr3	183642043	183642044	rs116432568	chr3	183671001	183671600	17_EnhW2	28958
chr3	190591417	190591418	rs13079050	chr3	190566801	190567200	17_EnhW2	24218
chr3	190592485	190592486	rs9814367	chr3	190566801	190567200	17_EnhW2	25286
chr3	190592835	190592836	rs35679428	chr3	190566801	190567200	17_EnhW2	25636
chr3	190593281	190593282	rs34030983	chr3	190566801	190567200	17_EnhW2	26082
chr3	190593438	190593439	rs13090681	chr3	190566801	190567200	17_EnhW2	26239
chr3	190594453	190594454	rs9880346	chr3	190566801	190567200	17_EnhW2	27254
chr3	190595256	190595257	rs13322873	chr3	190566801	190567200	17_EnhW2	28057
chr3	190595759	190595760	rs13323015	chr3	190566801	190567200	17_EnhW2	28560
chr3	190595780	190595781	rs9857963	chr3	190566801	190567200	17_EnhW2	28581
chr3	190596085	190596086	rs9862175	chr3	190566801	190567200	17_EnhW2	28886
chr3	190596401	190596402	rs55727323	chr3	190566801	190567200	17_EnhW2	29202
chr3	190596676	190596677	rs13434373	chr3	190566801	190567200	17_EnhW2	29477
chr3	190597419	190597420	rs72056004	chr3	190566801	190567200	17_EnhW2	30220
chr3	190598347	190598348	rs9873268	chr3	190629001	190629400	17_EnhW2	30654
chr3	190598721	190598722	rs62286348	chr3	190629001	190629400	17_EnhW2	30280
chr3	190599684	190599685	rs6444469	chr3	190629001	190629400	17_EnhW2	29317
chr3	190601009	190601010	rs62286349	chr3	190629001	190629400	17_EnhW2	27992
chr3	190601148	190601149	rs56068001	chr3	190629001	190629400	17_EnhW2	27853
chr3	190601374	190601375	rs201523770	chr3	190629001	190629400	17_EnhW2	27627
chr3	190601401	190601402	rs370555616	chr3	190629001	190629400	17_EnhW2	27600
chr3	190601486	190601487	rs76316471	chr3	190629001	190629400	17_EnhW2	27515
chr3	190601892	190601893	rs9838279	chr3	190629001	190629400	17_EnhW2	27109
chr3	190602086	190602087	rs9818981	chr3	190629001	190629400	17_EnhW2	26915
chr3	190604240	190604241	rs9849583	chr3	190629001	190629400	17_EnhW2	24761
chr3	190605156	190605157	rs9290958	chr3	190629001	190629400	17_EnhW2	23845
chr3	190606962	190606963	rs1393060	chr3	190629001	190629400	17_EnhW2	22039
chr3	190607846	190607847	rs57604614	chr3	190629001	190629400	17_EnhW2	21155
chr3	190609851	190609852	rs9844152	chr3	190629001	190629400	17_EnhW2	19150
chr3	190609957	190609958	rs10535977	chr3	190629001	190629400	17_EnhW2	19044
chr3	190610001	190610002	rs9844338	chr3	190629001	190629400	17_EnhW2	19000
chr3	190611413	190611414	rs62286352	chr3	190629001	190629400	17_EnhW2	17588
chr3	190611624	190611625	rs6804748	chr3	190629001	190629400	17_EnhW2	17377
chr3	190611870	190611871	rs9854712	chr3	190629001	190629400	17_EnhW2	17131
chr3	190612275	190612276	rs13315587	chr3	190629001	190629400	17_EnhW2	16726
chr3	190612495	190612496	rs2202100	chr3	190629001	190629400	17_EnhW2	16506
chr3	190613449	190613450	rs13075101	chr3	190629001	190629400	17_EnhW2	15552
chr3	190613544	190613545	rs34303823	chr3	190629001	190629400	17_EnhW2	15457
chr3	190613713	190613714	rs6799249	chr3	190629001	190629400	17_EnhW2	15288
chr3	190614220	190614221	rs28816787	chr3	190629001	190629400	17_EnhW2	14781
chr3	190614316	190614317	rs9828756	chr3	190629001	190629400	17_EnhW2	14685
chr3	190616257	190616258	rs13083648	chr3	190629001	190629400	17_EnhW2	12744
chr3	190616775	190616776	rs28873531	chr3	190629001	190629400	17_EnhW2	12226
chr3	190617449	190617450	rs9816578	chr3	190629001	190629400	17_EnhW2	11552
chr3	190617654	190617655	rs149889882	chr3	190629001	190629400	17_EnhW2	11347
chr3	190617852	190617853	rs114228759	chr3	190629001	190629400	17_EnhW2	11149
chr3	190617974	190617975	rs114885783	chr3	190629001	190629400	17_EnhW2	11027
chr3	190619506	190619507	rs9827488	chr3	190629001	190629400	17_EnhW2	9495
chr3	190619642	190619643	rs9827516	chr3	190629001	190629400	17_EnhW2	9359
chr3	190620145	190620146	rs34113929	chr3	190629001	190629400	17_EnhW2	8856
chr3	190620373	190620374	rs6802105	chr3	190629001	190629400	17_EnhW2	8628
chr3	190621018	190621019	rs1501600	chr3	190629001	190629400	17_EnhW2	7983
chr3	190623135	190623136	rs62288073	chr3	190629001	190629400	17_EnhW2	5866
chr3	190623367	190623368	rs34743701	chr3	190629001	190629400	17_EnhW2	5634
chr3	190624702	190624703	rs9290959	chr3	190629001	190629400	17_EnhW2	4299
chr3	190626463	190626464	rs34228163	chr3	190629001	190629400	17_EnhW2	2538
chr3	190627011	190627012	rs9840870	chr3	190629001	190629400	17_EnhW2	1990
chr3	190627231	190627232	rs866986	chr3	190629001	190629400	17_EnhW2	1770
chr3	190629384	190629385	rs9852162	chr3	190629001	190629400	17_EnhW2	0
chr3	190631980	190631981	rs9829689	chr3	190629001	190629400	17_EnhW2	2581
chr3	190632011	190632012	rs9867760	chr3	190629001	190629400	17_EnhW2	2612
chr3	190632774	190632775	rs9868693	chr3	190629001	190629400	17_EnhW2	3375
chr3	190634017	190634018	rs28870076	chr3	190629001	190629400	17_EnhW2	4618
chr3	190634324	190634325	rs9878648	chr3	190629001	190629400	17_EnhW2	4925
chr3	190635420	190635421	rs9856237	chr3	190629001	190629400	17_EnhW2	6021
chr3	190635691	190635692	rs375660646	chr3	190629001	190629400	17_EnhW2	6292
chr3	190636429	190636430	rs9881265	chr3	190629001	190629400	17_EnhW2	7030
chr3	190636748	190636749	rs61500084	chr3	190629001	190629400	17_EnhW2	7349
chr3	190637832	190637833	rs6778263	chr3	190629001	190629400	17_EnhW2	8433
chr3	190638052	190638053	rs9871399	chr3	190629001	190629400	17_EnhW2	8653
chr3	190638182	190638183	rs9871595	chr3	190629001	190629400	17_EnhW2	8783
chr3	190638288	190638289	rs9833898	chr3	190629001	190629400	17_EnhW2	8889
chr3	190638420	190638421	rs146550622	chr3	190629001	190629400	17_EnhW2	9021
chr3	190638523	190638524	rs115490360	chr3	190629001	190629400	17_EnhW2	9124
chr3	190638728	190638729	rs149377836	chr3	190629001	190629400	17_EnhW2	9329
chr3	190638817	190638818	rs144711006	chr3	190629001	190629400	17_EnhW2	9418
chr3	190638850	190638851	rs138309098	chr3	190629001	190629400	17_EnhW2	9451
chr3	190639325	190639326	rs139338719	chr3	190629001	190629400	17_EnhW2	9926
chr3	190640120	190640121	rs139178672	chr3	190629001	190629400	17_EnhW2	10721
chr3	190640133	190640134	rs144007989	chr3	190629001	190629400	17_EnhW2	10734
chr3	190640154	190640155	rs146420778	chr3	190629001	190629400	17_EnhW2	10755
chr3	190640156	190640157	rs200402880	chr3	190629001	190629400	17_EnhW2	10757
chr3	190640356	190640357	rs114777398	chr3	190629001	190629400	17_EnhW2	10957
chr3	190640481	190640482	rs140261970	chr3	190629001	190629400	17_EnhW2	11082
chr3	190640484	190640485	rs150434736	chr3	190629001	190629400	17_EnhW2	11085
chr3	190640604	190640605	rs191497314	chr3	190629001	190629400	17_EnhW2	11205
chr3	190640615	190640616	rs146441909	chr3	190629001	190629400	17_EnhW2	11216
chr3	190640633	190640634	rs201996609	chr3	190629001	190629400	17_EnhW2	11234
chr3	190640633	190640634	rs56234707	chr3	190629001	190629400	17_EnhW2	11234
chr3	190640662	190640663	rs12488471	chr3	190629001	190629400	17_EnhW2	11263
chr3	190640662	190640663	rs149431112	chr3	190629001	190629400	17_EnhW2	11263
chr3	190640758	190640759	rs193250936	chr3	190629001	190629400	17_EnhW2	11359
chr3	190640773	190640774	rs199911882	chr3	190629001	190629400	17_EnhW2	11374
chr3	190640825	190640826	rs144823050	chr3	190652201	190653000	17_EnhW2	11376
chr3	190640874	190640875	rs190184306	chr3	190652201	190653000	17_EnhW2	11327
chr3	190640880	190640881	rs201379805	chr3	190652201	190653000	17_EnhW2	11321
chr3	190640881	190640882	rs200021867	chr3	190652201	190653000	17_EnhW2	11320
chr3	190640935	190640936	rs141962260	chr3	190652201	190653000	17_EnhW2	11266
chr3	190641067	190641068	rs58531798	chr3	190652201	190653000	17_EnhW2	11134
chr3	190641108	190641109	rs12727448	chr3	190652201	190653000	17_EnhW2	11093
chr3	190641140	190641141	rs35865519	chr3	190652201	190653000	17_EnhW2	11061
chr3	190641348	190641349	rs34796569	chr3	190652201	190653000	17_EnhW2	10853
chr3	190641445	190641446	rs77019812	chr3	190652201	190653000	17_EnhW2	10756
chr3	190641455	190641456	rs79956440	chr3	190652201	190653000	17_EnhW2	10746
chr3	190641456	190641457	rs76236343	chr3	190652201	190653000	17_EnhW2	10745
chr3	190641472	190641473	rs58660706	chr3	190652201	190653000	17_EnhW2	10729
chr3	190641550	190641551	rs78362860	chr3	190652201	190653000	17_EnhW2	10651
chr3	190641681	190641682	rs147611663	chr3	190652201	190653000	17_EnhW2	10520
chr3	190641718	190641719	rs34886272	chr3	190652201	190653000	17_EnhW2	10483
chr3	190641726	190641727	rs146466571	chr3	190652201	190653000	17_EnhW2	10475
chr3	190641907	190641908	rs36126498	chr3	190652201	190653000	17_EnhW2	10294
chr3	190642013	190642014	rs138347452	chr3	190652201	190653000	17_EnhW2	10188
chr3	190642267	190642268	rs146137221	chr3	190652201	190653000	17_EnhW2	9934
chr3	190642349	190642350	rs138920201	chr3	190652201	190653000	17_EnhW2	9852
chr3	190642382	190642383	rs142467409	chr3	190652201	190653000	17_EnhW2	9819
chr3	190642390	190642391	rs145958888	chr3	190652201	190653000	17_EnhW2	9811
chr3	190642427	190642428	rs187620717	chr3	190652201	190653000	17_EnhW2	9774
chr3	190642503	190642504	rs199923210	chr3	190652201	190653000	17_EnhW2	9698
chr3	190642508	190642509	rs182920328	chr3	190652201	190653000	17_EnhW2	9693
chr3	190642518	190642519	rs187209589	chr3	190652201	190653000	17_EnhW2	9683
chr3	190642529	190642530	rs142076330	chr3	190652201	190653000	17_EnhW2	9672
chr3	190642691	190642692	rs145293717	chr3	190652201	190653000	17_EnhW2	9510
chr3	190642836	190642837	rs142125160	chr3	190652201	190653000	17_EnhW2	9365
chr3	190642838	190642839	rs144745948	chr3	190652201	190653000	17_EnhW2	9363
chr3	190642899	190642900	rs145777074	chr3	190652201	190653000	17_EnhW2	9302
chr3	190642971	190642972	rs143679590	chr3	190652201	190653000	17_EnhW2	9230
chr3	190643019	190643020	rs199636876	chr3	190652201	190653000	17_EnhW2	9182
chr3	190643021	190643022	rs200814315	chr3	190652201	190653000	17_EnhW2	9180
chr3	190643024	190643025	rs202069396	chr3	190652201	190653000	17_EnhW2	9177
chr3	190643092	190643093	rs148086225	chr3	190652201	190653000	17_EnhW2	9109
chr3	190643192	190643193	rs60386222	chr3	190652201	190653000	17_EnhW2	9009
chr3	190643304	190643305	rs62288104	chr3	190652201	190653000	17_EnhW2	8897
chr3	190643357	190643358	rs13075182	chr3	190652201	190653000	17_EnhW2	8844
chr3	190643895	190643896	rs71635338	chr3	190652201	190653000	17_EnhW2	8306
chr3	190644369	190644370	rs34734157	chr3	190652201	190653000	17_EnhW2	7832
chr3	190644827	190644828	rs34481566	chr3	190652201	190653000	17_EnhW2	7374
chr3	190646281	190646282	rs10706986	chr3	190652201	190653000	17_EnhW2	5920
chr3	190646466	190646467	rs13061231	chr3	190652201	190653000	17_EnhW2	5735
chr3	190646504	190646505	rs9811251	chr3	190652201	190653000	17_EnhW2	5697
chr3	190647186	190647187	rs13066753	chr3	190652201	190653000	17_EnhW2	5015
chr3	190647580	190647581	rs7616662	chr3	190652201	190653000	17_EnhW2	4621
chr3	190648864	190648865	rs111815843	chr3	190652201	190653000	17_EnhW2	3337
chr3	190648888	190648889	rs13078126	chr3	190652201	190653000	17_EnhW2	3313
chr3	190649020	190649021	rs9826603	chr3	190652201	190653000	17_EnhW2	3181
chr3	190649813	190649814	rs62288106	chr3	190652201	190653000	17_EnhW2	2388
chr3	190650825	190650826	rs111381383	chr3	190652201	190653000	17_EnhW2	1376
chr3	190650832	190650833	rs61067594	chr3	190652201	190653000	17_EnhW2	1369
chr3	190652327	190652328	rs10937450	chr3	190652201	190653000	17_EnhW2	0
chr3	190652829	190652830	rs34859790	chr3	190652201	190653000	17_EnhW2	0
chr3	190653005	190653006	rs13060370	chr3	190652201	190653000	17_EnhW2	6
chr3	190654423	190654424	rs13089287	chr3	190652201	190653000	17_EnhW2	1424
chr3	190655447	190655448	rs35637997	chr3	190652201	190653000	17_EnhW2	2448
chr3	190655514	190655515	rs1909960	chr3	190652201	190653000	17_EnhW2	2515
chr3	190655757	190655758	rs9868783	chr3	190652201	190653000	17_EnhW2	2758
chr3	190655758	190655759	rs78054167	chr3	190652201	190653000	17_EnhW2	2759
chr3	190655759	190655760	rs74712405	chr3	190652201	190653000	17_EnhW2	2760
chr3	190656143	190656144	rs9835898	chr3	190652201	190653000	17_EnhW2	3144
chr3	190656392	190656393	rs2363038	chr3	190659601	190660000	17_EnhW2	3209
chr3	190656523	190656524	rs2088882	chr3	190659601	190660000	17_EnhW2	3078
chr3	190656983	190656984	rs883842	chr3	190659601	190660000	17_EnhW2	2618
chr3	190657093	190657094	rs883841	chr3	190659601	190660000	17_EnhW2	2508
chr3	190657162	190657163	rs1316356	chr3	190659601	190660000	17_EnhW2	2439
chr3	190657359	190657360	rs905124	chr3	190659601	190660000	17_EnhW2	2242
chr3	190657736	190657737	rs34306572	chr3	190659601	190660000	17_EnhW2	1865
chr3	190657740	190657741	rs147817028	chr3	190659601	190660000	17_EnhW2	1861
chr3	190657894	190657895	rs13100545	chr3	190659601	190660000	17_EnhW2	1707
chr3	190658963	190658964	rs35592123	chr3	190659601	190660000	17_EnhW2	638
chr3	190659590	190659591	rs13065568	chr3	190659601	190660000	17_EnhW2	11
chr3	190660836	190660837	rs1158947	chr3	190659601	190660000	17_EnhW2	837
chr3	190661298	190661299	rs34312663	chr3	190659601	190660000	17_EnhW2	1299
chr3	190661913	190661914	rs35955860	chr3	190659601	190660000	17_EnhW2	1914
chr3	190661997	190661998	rs6775893	chr3	190659601	190660000	17_EnhW2	1998
chr3	190662208	190662209	rs138032759	chr3	190659601	190660000	17_EnhW2	2209
chr3	190662702	190662703	rs13083859	chr3	190659601	190660000	17_EnhW2	2703
chr3	190663120	190663121	rs61556420	chr3	190659601	190660000	17_EnhW2	3121
chr3	190663353	190663354	rs13325955	chr3	190659601	190660000	17_EnhW2	3354
chr3	190663556	190663557	rs35055419	chr3	190659601	190660000	17_EnhW2	3557
chr3	190663691	190663692	rs35716808	chr3	190659601	190660000	17_EnhW2	3692
chr3	190663723	190663724	rs62288110	chr3	190659601	190660000	17_EnhW2	3724
chr3	190663963	190663964	rs62288111	chr3	190659601	190660000	17_EnhW2	3964
chr3	190664072	190664073	rs967512	chr3	190659601	190660000	17_EnhW2	4073
chr3	190664078	190664079	rs28671590	chr3	190659601	190660000	17_EnhW2	4079
chr3	190664163	190664164	rs967513	chr3	190659601	190660000	17_EnhW2	4164
chr3	190664210	190664211	rs9822973	chr3	190659601	190660000	17_EnhW2	4211
chr3	190664527	190664528	rs35541950	chr3	190659601	190660000	17_EnhW2	4528
chr3	190664717	190664718	rs13095744	chr3	190659601	190660000	17_EnhW2	4718
chr3	190664873	190664874	rs5855357	chr3	190659601	190660000	17_EnhW2	4874
chr3	190664970	190664971	rs952990	chr3	190659601	190660000	17_EnhW2	4971
chr3	190665047	190665048	rs147618098	chr3	190659601	190660000	17_EnhW2	5048
chr3	190665478	190665479	rs66522322	chr3	190659601	190660000	17_EnhW2	5479
chr3	190665494	190665495	rs138429670	chr3	190659601	190660000	17_EnhW2	5495
chr3	190665526	190665527	rs2047710	chr3	190659601	190660000	17_EnhW2	5527
chr3	190665613	190665614	rs2047711	chr3	190659601	190660000	17_EnhW2	5614
chr3	190665790	190665791	rs2047712	chr3	190659601	190660000	17_EnhW2	5791
chr3	190666175	190666176	rs35910287	chr3	190659601	190660000	17_EnhW2	6176
chr3	190666381	190666382	rs59351287	chr3	190659601	190660000	17_EnhW2	6382
chr3	190666444	190666445	rs57742221	chr3	190659601	190660000	17_EnhW2	6445
chr3	190666642	190666643	rs1159211	chr3	190659601	190660000	17_EnhW2	6643
chr3	190666733	190666734	rs1159212	chr3	190659601	190660000	17_EnhW2	6734
chr3	190666875	190666876	rs1159213	chr3	190659601	190660000	17_EnhW2	6876
chr3	190667549	190667550	rs1501603	chr3	190659601	190660000	17_EnhW2	7550
chr3	190667597	190667598	rs1501604	chr3	190659601	190660000	17_EnhW2	7598
chr3	190667641	190667642	rs10531056	chr3	190659601	190660000	17_EnhW2	7642
chr3	190667969	190667970	rs4686570	chr3	190659601	190660000	17_EnhW2	7970
chr3	190668131	190668132	rs34086510	chr3	190659601	190660000	17_EnhW2	8132
chr3	190668203	190668204	rs13066848	chr3	190659601	190660000	17_EnhW2	8204
chr3	190668376	190668377	rs1393057	chr3	190659601	190660000	17_EnhW2	8377
chr3	190668616	190668617	rs1393058	chr3	190659601	190660000	17_EnhW2	8617
chr3	190668848	190668849	rs138133138	chr3	190659601	190660000	17_EnhW2	8849
chr3	190669072	190669073	rs6782126	chr3	190659601	190660000	17_EnhW2	9073
chr3	190669517	190669518	rs9877502	chr3	190659601	190660000	17_EnhW2	9518
chr3	190669563	190669564	rs62288115	chr3	190659601	190660000	17_EnhW2	9564
chr3	190669656	190669657	rs62288116	chr3	190659601	190660000	17_EnhW2	9657
chr3	190670043	190670044	rs112634485	chr3	190659601	190660000	17_EnhW2	10044
chr3	190670178	190670179	rs71175364	chr3	190659601	190660000	17_EnhW2	10179
chr3	190670214	190670215	rs67744585	chr3	190659601	190660000	17_EnhW2	10215
chr3	190670267	190670268	rs66520966	chr3	190659601	190660000	17_EnhW2	10268
chr3	190670369	190670370	rs200690866	chr3	190659601	190660000	17_EnhW2	10370
chr3	190670371	190670372	rs201663722	chr3	190659601	190660000	17_EnhW2	10372
chr3	190670497	190670498	rs35595073	chr3	190659601	190660000	17_EnhW2	10498
chr3	190670657	190670658	rs34911650	chr3	190659601	190660000	17_EnhW2	10658
chr3	190670794	190670795	rs35327527	chr3	190659601	190660000	17_EnhW2	10795
chr3	190670901	190670902	rs9811910	chr3	190659601	190660000	17_EnhW2	10902
chr3	190670976	190670977	rs56396731	chr3	190659601	190660000	17_EnhW2	10977
chr3	190671056	190671057	rs34542080	chr3	190659601	190660000	17_EnhW2	11057
chr3	190671169	190671170	rs35670382	chr3	190659601	190660000	17_EnhW2	11170
chr3	190671224	190671225	rs35989701	chr3	190659601	190660000	17_EnhW2	11225
chr3	190671980	190671981	rs6804931	chr3	190659601	190660000	17_EnhW2	11981
chr3	190672425	190672426	rs34596688	chr3	190659601	190660000	17_EnhW2	12426
chr3	190672784	190672785	rs34216926	chr3	190659601	190660000	17_EnhW2	12785
chr3	190672836	190672837	rs13069243	chr3	190659601	190660000	17_EnhW2	12837
chr3	190673126	190673127	rs35872768	chr3	190686201	190686800	17_EnhW2	13075
chr3	190675955	190675956	rs13060312	chr3	190686201	190686800	17_EnhW2	10246
chr3	190678437	190678438	rs9821713	chr3	190686201	190686800	17_EnhW2	7764
chr3	190678479	190678480	rs59966036	chr3	190686201	190686800	17_EnhW2	7722
chr3	190678742	190678743	rs9842055	chr3	190686201	190686800	17_EnhW2	7459
chr3	196466873	196466874	rs1718406	chr3	196415001	196415800	17_EnhW2	51074
chr3	196467337	196467338	rs11711813	chr3	196415001	196415800	17_EnhW2	51538
chr3	196467893	196467894	rs1630029	chr3	196519401	196519600	15_EnhAF	51508
chr3	196468181	196468182	rs1627506	chr3	196519401	196519600	15_EnhAF	51220
chr3	196469545	196469546	rs9680946	chr3	196519401	196519600	15_EnhAF	49856
chr3	196469601	196469602	rs9868871	chr3	196519401	196519600	15_EnhAF	49800
chr3	196469981	196469982	rs2686600	chr3	196519401	196519600	15_EnhAF	49420
chr3	196469996	196469997	rs2669634	chr3	196519401	196519600	15_EnhAF	49405
chr3	196471506	196471507	rs6148258	chr3	196519401	196519600	15_EnhAF	47895
chr3	196473063	196473064	rs843535	chr3	196519401	196519600	15_EnhAF	46338
chr3	196473194	196473195	rs843536	chr3	196519401	196519600	15_EnhAF	46207
chr3	196473402	196473403	rs843537	chr3	196519401	196519600	15_EnhAF	45999
chr3	196473426	196473427	rs844545	chr3	196519401	196519600	15_EnhAF	45975
chr3	196473631	196473632	rs843538	chr3	196519401	196519600	15_EnhAF	45770
chr3	196473701	196473702	rs10662253	chr3	196519401	196519600	15_EnhAF	45700
chr3	196474050	196474051	rs74800520	chr3	196519401	196519600	15_EnhAF	45351
chr3	196474286	196474287	rs1798634	chr3	196519401	196519600	15_EnhAF	45115
chr3	196474288	196474289	rs1798635	chr3	196519401	196519600	15_EnhAF	45113
chr3	196474446	196474447	rs860050	chr3	196519401	196519600	15_EnhAF	44955
chr3	196474855	196474856	rs843539	chr3	196519401	196519600	15_EnhAF	44546
chr3	196475118	196475119	rs2686596	chr3	196519401	196519600	15_EnhAF	44283
chr3	196475141	196475142	rs2686595	chr3	196519401	196519600	15_EnhAF	44260
chr3	196475273	196475274	rs844546	chr3	196519401	196519600	15_EnhAF	44128
chr3	196475312	196475313	rs843540	chr3	196519401	196519600	15_EnhAF	44089
chr3	196475749	196475750	rs843541	chr3	196519401	196519600	15_EnhAF	43652
chr3	196475951	196475952	rs71621295	chr3	196519401	196519600	15_EnhAF	43450
chr3	196476042	196476043	rs1104375	chr3	196519401	196519600	15_EnhAF	43359
chr3	196476603	196476604	rs1798636	chr3	196519401	196519600	15_EnhAF	42798
chr3	196476638	196476639	rs1798637	chr3	196519401	196519600	15_EnhAF	42763
chr3	196476675	196476676	rs2931210	chr3	196519401	196519600	15_EnhAF	42726
chr3	196476699	196476700	rs77020093	chr3	196519401	196519600	15_EnhAF	42702
chr3	196476835	196476836	rs7638090	chr3	196519401	196519600	15_EnhAF	42566
chr3	196476859	196476860	rs199605682	chr3	196519401	196519600	15_EnhAF	42542
chr3	196476879	196476880	rs7638157	chr3	196519401	196519600	15_EnhAF	42522
chr3	196476895	196476896	rs7626794	chr3	196519401	196519600	15_EnhAF	42506
chr3	196476942	196476943	rs7626805	chr3	196519401	196519600	15_EnhAF	42459
chr3	196477072	196477073	rs7640613	chr3	196519401	196519600	15_EnhAF	42329
chr3	196477212	196477213	rs7648479	chr3	196519401	196519600	15_EnhAF	42189
chr3	196477368	196477369	rs2669637	chr3	196519401	196519600	15_EnhAF	42033
chr3	196477397	196477398	rs2669638	chr3	196519401	196519600	15_EnhAF	42004
chr3	196477400	196477401	rs2686593	chr3	196519401	196519600	15_EnhAF	42001
chr3	196477627	196477628	rs5021326	chr3	196519401	196519600	15_EnhAF	41774
chr3	196477628	196477629	rs5021325	chr3	196519401	196519600	15_EnhAF	41773
chr3	196477659	196477660	rs1718410	chr3	196519401	196519600	15_EnhAF	41742
chr3	196478061	196478062	rs1718404	chr3	196519401	196519600	15_EnhAF	41340
chr3	196478212	196478213	rs9826214	chr3	196519401	196519600	15_EnhAF	41189
chr3	196478377	196478378	rs11718173	chr3	196519401	196519600	15_EnhAF	41024
chr3	196478476	196478477	rs62409405	chr3	196519401	196519600	15_EnhAF	40925
chr3	196478666	196478667	rs35604781	chr3	196519401	196519600	15_EnhAF	40735
chr3	196478722	196478723	rs34696046	chr3	196519401	196519600	15_EnhAF	40679
chr3	196478732	196478733	rs35018470	chr3	196519401	196519600	15_EnhAF	40669
chr3	196478779	196478780	rs34918108	chr3	196519401	196519600	15_EnhAF	40622
chr3	196478852	196478853	rs1718437	chr3	196519401	196519600	15_EnhAF	40549
chr3	196479302	196479303	rs844542	chr3	196519401	196519600	15_EnhAF	40099
chr3	196479854	196479855	rs843525	chr3	196519401	196519600	15_EnhAF	39547
chr3	196480079	196480080	rs843526	chr3	196519401	196519600	15_EnhAF	39322
chr3	196480260	196480261	rs843527	chr3	196519401	196519600	15_EnhAF	39141
chr3	196480334	196480335	rs843528	chr3	196519401	196519600	15_EnhAF	39067
chr3	196480594	196480595	rs843529	chr3	196519401	196519600	15_EnhAF	38807
chr3	196481023	196481024	rs843530	chr3	196519401	196519600	15_EnhAF	38378
chr3	196481770	196481771	rs843531	chr3	196519401	196519600	15_EnhAF	37631
chr3	196482807	196482808	rs843533	chr3	196519401	196519600	15_EnhAF	36594
chr3	196482907	196482908	rs2669633	chr3	196519401	196519600	15_EnhAF	36494
chr3	196483279	196483280	rs9877495	chr3	196519401	196519600	15_EnhAF	36122
chr3	196483621	196483622	rs6793247	chr3	196519401	196519600	15_EnhAF	35780
chr3	196483793	196483794	rs2686599	chr3	196519401	196519600	15_EnhAF	35608
chr3	196484966	196484967	rs1357287	chr3	196519401	196519600	15_EnhAF	34435
chr3	196485073	196485074	rs1403101	chr3	196519401	196519600	15_EnhAF	34328
chr3	196485513	196485514	rs1684464	chr3	196519401	196519600	15_EnhAF	33888
chr3	196485589	196485590	rs1486358	chr3	196519401	196519600	15_EnhAF	33812
chr3	196485850	196485851	rs1798619	chr3	196519401	196519600	15_EnhAF	33551
chr3	196487718	196487719	rs2686598	chr3	196519401	196519600	15_EnhAF	31683
chr3	196488949	196488950	rs374267441	chr3	196519401	196519600	15_EnhAF	30452
chr3	196489013	196489014	rs138238008	chr3	196519401	196519600	15_EnhAF	30388
chr3	196489142	196489143	rs7643878	chr3	196519401	196519600	15_EnhAF	30259
chr3	196489619	196489620	rs1684431	chr3	196519401	196519600	15_EnhAF	29782
chr3	196489665	196489666	rs63606860	chr3	196519401	196519600	15_EnhAF	29736
chr3	196490161	196490162	rs7612937	chr3	196519401	196519600	15_EnhAF	29240
chr3	196490220	196490221	rs7613010	chr3	196519401	196519600	15_EnhAF	29181
chr3	196490305	196490306	rs7642801	chr3	196519401	196519600	15_EnhAF	29096
chr3	196490642	196490643	rs7633044	chr3	196519401	196519600	15_EnhAF	28759
chr3	196491501	196491502	rs75185655	chr3	196519401	196519600	15_EnhAF	27900
chr3	196491502	196491503	rs9879160	chr3	196519401	196519600	15_EnhAF	27899
chr3	196492438	196492439	rs2686590	chr3	196519401	196519600	15_EnhAF	26963
chr3	196492530	196492531	rs2948170	chr3	196519401	196519600	15_EnhAF	26871
chr3	196494701	196494702	rs9872035	chr3	196519401	196519600	15_EnhAF	24700
chr3	196495374	196495375	rs9837938	chr3	196519401	196519600	15_EnhAF	24027
chr3	196496303	196496304	rs2461514	chr3	196519401	196519600	15_EnhAF	23098
chr3	196496686	196496687	rs55952145	chr3	196519401	196519600	15_EnhAF	22715
chr3	196497555	196497556	rs2686588	chr3	196519401	196519600	15_EnhAF	21846
chr3	196497599	196497600	rs63340160	chr3	196519401	196519600	15_EnhAF	21802
chr4	85484713	85484714	rs7678268	chr4	85484201	85485600	17_EnhW2	0
chr4	85485630	85485631	rs4533768	chr4	85484201	85485600	17_EnhW2	31
chr4	85486940	85486941	rs7657036	chr4	85486601	85487200	15_EnhAF	0
chr4	85488577	85488578	rs12509774	chr4	85487201	85488000	17_EnhW2	578
chr4	85488787	85488788	rs11099651	chr4	85487201	85488000	17_EnhW2	788
chr4	85489631	85489632	rs11099652	chr4	85489601	85490400	17_EnhW2	0
chr4	85490496	85490497	rs11099653	chr4	85490401	85490600	15_EnhAF	0
chr4	85492513	85492514	rs35227341	chr4	85490601	85491200	17_EnhW2	1314
chr4	85497320	85497321	rs2868916	chr4	85500001	85501000	17_EnhW2	2681
chr4	85500200	85500201	rs2868917	chr4	85500001	85501000	17_EnhW2	0
chr4	85509203	85509204	rs11733870	chr4	85513001	85515000	17_EnhW2	3798
chr4	85511636	85511637	rs7677285	chr4	85513001	85515000	17_EnhW2	1365
chr4	85517882	85517883	rs11929910	chr4	85517801	85518200	17_EnhW2	0
chr4	85520642	85520643	rs2868919	chr4	85517801	85518200	17_EnhW2	2443
chr4	85525982	85525983	rs7678115	chr4	85517801	85518200	17_EnhW2	7783
chr4	85526455	85526456	rs7659340	chr4	85517801	85518200	17_EnhW2	8256
chr4	85531034	85531035	rs10446695	chr4	85517801	85518200	17_EnhW2	12835
chr4	85532914	85532915	rs2165786	chr4	85544401	85544600	17_EnhW2	11487
chr4	85532929	85532930	rs1020278	chr4	85544401	85544600	17_EnhW2	11472
chr4	85545354	85545355	rs4568237	chr4	85544401	85544600	17_EnhW2	755
chr4	85546020	85546021	rs35000359	chr4	85544401	85544600	17_EnhW2	1421
chr4	85555195	85555196	rs13102661	chr4	85560401	85560600	17_EnhW2	5206
chr4	85556174	85556175	rs3840106	chr4	85560401	85560600	17_EnhW2	4227
chr4	85557137	85557138	rs12108575	chr4	85560401	85560600	17_EnhW2	3264
chr4	85558701	85558702	rs12644583	chr4	85560401	85560600	17_EnhW2	1700
chr4	85558839	85558840	rs6829806	chr4	85560401	85560600	17_EnhW2	1562
chr4	85559693	85559694	rs1443074	chr4	85560401	85560600	17_EnhW2	708
chr4	85560270	85560271	rs9784491	chr4	85560401	85560600	17_EnhW2	131
chr4	85571338	85571339	rs1372971	chr4	85569201	85570600	17_EnhW2	739
chr4	85574832	85574833	rs11724113	chr4	85569201	85570600	17_EnhW2	4233
chr4	85575460	85575461	rs11735541	chr4	85569201	85570600	17_EnhW2	4861
chr4	85576509	85576510	rs12512391	chr4	85581601	85583000	17_EnhW2	5092
chr4	85579574	85579575	rs10019164	chr4	85581601	85583000	17_EnhW2	2027
chr4	85625700	85625701	rs1838039	chr4	85581601	85583000	17_EnhW2	42701
chr4	85827191	85827192	rs12501332	chr4	85829201	85829400	17_EnhW2	2010
chr4	85844789	85844790	rs1508669	chr4	85837001	85838400	17_EnhW2	6390
chr4	85854955	85854956	rs4272004	chr4	85837001	85838400	17_EnhW2	16556
chr4	85858328	85858329	rs6848127	chr4	85837001	85838400	17_EnhW2	19929
chr4	85873450	85873451	rs6531779	chr4	85888801	85889000	16_EnhW1	15351
chr4	96906563	96906564	rs263071	chr4	96873601	96873800	17_EnhW2	32764
chr4	96910215	96910216	rs263074	chr4	96873601	96873800	17_EnhW2	36416
chr4	97543098	97543099	rs10014469	chr4	97563601	97563800	17_EnhW2	20503
chr4	97545850	97545851	rs3890703	chr4	97563601	97563800	17_EnhW2	17751
chr4	97546248	97546249	rs9307181	chr4	97563601	97563800	17_EnhW2	17353
chr4	97546777	97546778	rs139680534	chr4	97563601	97563800	17_EnhW2	16824
chr4	97547502	97547503	rs6839075	chr4	97563601	97563800	17_EnhW2	16099
chr4	97549766	97549767	rs6830106	chr4	97563601	97563800	17_EnhW2	13835
chr4	97550137	97550138	rs10019842	chr4	97563601	97563800	17_EnhW2	13464
chr4	97550690	97550691	rs13150867	chr4	97563601	97563800	17_EnhW2	12911
chr4	97551089	97551090	rs4699528	chr4	97563601	97563800	17_EnhW2	12512
chr4	97552790	97552791	rs35036084	chr4	97563601	97563800	17_EnhW2	10811
chr4	97553705	97553706	rs28831236	chr4	97563601	97563800	17_EnhW2	9896
chr4	97553807	97553808	rs28542463	chr4	97563601	97563800	17_EnhW2	9794
chr4	97554147	97554148	rs10010351	chr4	97563601	97563800	17_EnhW2	9454
chr4	97554262	97554263	rs4699529	chr4	97563601	97563800	17_EnhW2	9339
chr4	97559670	97559671	rs10011978	chr4	97563601	97563800	17_EnhW2	3931
chr4	97560104	97560105	rs7679806	chr4	97563601	97563800	17_EnhW2	3497
chr4	97560756	97560757	rs7685841	chr4	97563601	97563800	17_EnhW2	2845
chr4	97562716	97562717	rs10021649	chr4	97563601	97563800	17_EnhW2	885
chr4	97564337	97564338	rs10004936	chr4	97563601	97563800	17_EnhW2	538
chr4	97567605	97567606	rs11736743	chr4	97563601	97563800	17_EnhW2	3806
chr4	97567817	97567818	rs4403121	chr4	97563601	97563800	17_EnhW2	4018
chr4	97567997	97567998	rs6855625	chr4	97563601	97563800	17_EnhW2	4198
chr4	97568241	97568242	rs6856278	chr4	97563601	97563800	17_EnhW2	4442
chr4	97568933	97568934	rs4699531	chr4	97563601	97563800	17_EnhW2	5134
chr4	97569020	97569021	rs4699532	chr4	97563601	97563800	17_EnhW2	5221
chr4	97569330	97569331	rs56303534	chr4	97563601	97563800	17_EnhW2	5531
chr4	97569622	97569623	rs28439210	chr4	97563601	97563800	17_EnhW2	5823
chr4	97570278	97570279	rs4296683	chr4	97563601	97563800	17_EnhW2	6479
chr4	97570606	97570607	rs11735922	chr4	97563601	97563800	17_EnhW2	6807
chr4	97571586	97571587	rs6834084	chr4	97563601	97563800	17_EnhW2	7787
chr4	97571788	97571789	rs6833987	chr4	97563601	97563800	17_EnhW2	7989
chr4	97571829	97571830	rs6834324	chr4	97563601	97563800	17_EnhW2	8030
chr4	97572620	97572621	rs11721797	chr4	97563601	97563800	17_EnhW2	8821
chr4	97574292	97574293	rs11727437	chr4	97563601	97563800	17_EnhW2	10493
chr4	97574702	97574703	rs4280736	chr4	97563601	97563800	17_EnhW2	10903
chr4	97574731	97574732	rs113130511	chr4	97563601	97563800	17_EnhW2	10932
chr4	97575629	97575630	rs28695189	chr4	97563601	97563800	17_EnhW2	11830
chr4	97575918	97575919	rs28544332	chr4	97563601	97563800	17_EnhW2	12119
chr4	97578892	97578893	rs4699294	chr4	97563601	97563800	17_EnhW2	15093
chr4	97579498	97579499	rs9996935	chr4	97563601	97563800	17_EnhW2	15699
chr4	97580005	97580006	rs11732038	chr4	97563601	97563800	17_EnhW2	16206
chr4	97580274	97580275	rs7695822	chr4	97563601	97563800	17_EnhW2	16475
chr4	97581817	97581818	rs4479786	chr4	97563601	97563800	17_EnhW2	18018
chr4	97582678	97582679	rs10006444	chr4	97563601	97563800	17_EnhW2	18879
chr4	97584251	97584252	rs4308433	chr4	97563601	97563800	17_EnhW2	20452
chr4	97586054	97586055	rs28728103	chr4	97563601	97563800	17_EnhW2	22255
chr4	97586838	97586839	rs4502759	chr4	97563601	97563800	17_EnhW2	23039
chr4	97587687	97587688	rs10017418	chr4	97563601	97563800	17_EnhW2	23888
chr4	97588496	97588497	rs34368269	chr4	97563601	97563800	17_EnhW2	24697
chr4	97592752	97592753	rs28445269	chr4	97563601	97563800	17_EnhW2	28953
chr4	97592956	97592957	rs4295339	chr4	97563601	97563800	17_EnhW2	29157
chr4	97594011	97594012	rs4232866	chr4	97624201	97625000	17_EnhW2	30190
chr4	97594493	97594494	rs4699534	chr4	97624201	97625000	17_EnhW2	29708
chr4	97595461	97595462	rs28714297	chr4	97624201	97625000	17_EnhW2	28740
chr4	97596857	97596858	rs13139172	chr4	97624201	97625000	17_EnhW2	27344
chr4	97596899	97596900	rs28689525	chr4	97624201	97625000	17_EnhW2	27302
chr4	97597592	97597593	rs13118832	chr4	97624201	97625000	17_EnhW2	26609
chr4	97598740	97598741	rs35416307	chr4	97624201	97625000	17_EnhW2	25461
chr4	97601927	97601928	rs78099442	chr4	97624201	97625000	17_EnhW2	22274
chr4	97602892	97602893	rs2204920	chr4	97624201	97625000	17_EnhW2	21309
chr4	97609416	97609417	rs35638723	chr4	97624201	97625000	17_EnhW2	14785
chr4	97618463	97618464	rs9992810	chr4	97624201	97625000	17_EnhW2	5738
chr4	97621870	97621871	rs10024940	chr4	97624201	97625000	17_EnhW2	2331
chr4	97622706	97622707	rs1125505	chr4	97624201	97625000	17_EnhW2	1495
chr4	97627195	97627196	rs10002123	chr4	97624201	97625000	17_EnhW2	2196
chr4	97627738	97627739	rs10016694	chr4	97624201	97625000	17_EnhW2	2739
chr4	97630024	97630025	rs10011403	chr4	97624201	97625000	17_EnhW2	5025
chr4	97632121	97632122	rs6849246	chr4	97624201	97625000	17_EnhW2	7122
chr4	97641847	97641848	rs35220729	chr4	97656801	97658800	18_EnhAc	14954
chr4	97642776	97642777	rs9990757	chr4	97656801	97658800	18_EnhAc	14025
chr4	97644875	97644876	rs10009024	chr4	97656801	97658800	18_EnhAc	11926
chr4	97645342	97645343	rs28702967	chr4	97656801	97658800	18_EnhAc	11459
chr4	97646909	97646910	rs11736467	chr4	97656801	97658800	18_EnhAc	9892
chr4	97647903	97647904	rs2141950	chr4	97656801	97658800	18_EnhAc	8898
chr4	97650020	97650021	rs2141949	chr4	97656801	97658800	18_EnhAc	6781
chr4	97650185	97650186	rs9996450	chr4	97656801	97658800	18_EnhAc	6616
chr4	97651408	97651409	rs5860478	chr4	97656801	97658800	18_EnhAc	5393
chr4	97905276	97905277	rs35218511	chr4	97912001	97912200	17_EnhW2	6725
chr4	97908903	97908904	rs2525795	chr4	97912001	97912200	17_EnhW2	3098
chr4	97909945	97909946	rs2525796	chr4	97912001	97912200	17_EnhW2	2056
chr4	97910083	97910084	rs59679974	chr4	97912001	97912200	17_EnhW2	1918
chr4	97910783	97910784	rs2525800	chr4	97912001	97912200	17_EnhW2	1218
chr4	97911004	97911005	rs2525801	chr4	97912001	97912200	17_EnhW2	997
chr4	97911171	97911172	rs2712108	chr4	97912001	97912200	17_EnhW2	830
chr4	97911190	97911191	rs2525802	chr4	97912001	97912200	17_EnhW2	811
chr4	97917771	97917772	rs7673377	chr4	97913601	97916000	17_EnhW2	1772
chr4	97918158	97918159	rs13121156	chr4	97913601	97916000	17_EnhW2	2159
chr4	97921252	97921253	rs17246599	chr4	97913601	97916000	17_EnhW2	5253
chr4	97921558	97921559	rs5024083	chr4	97913601	97916000	17_EnhW2	5559
chr4	97921706	97921707	rs2158384	chr4	97913601	97916000	17_EnhW2	5707
chr4	97922548	97922549	rs7659379	chr4	97913601	97916000	17_EnhW2	6549
chr4	97922645	97922646	rs7659577	chr4	97913601	97916000	17_EnhW2	6646
chr4	97922648	97922649	rs7659421	chr4	97913601	97916000	17_EnhW2	6649
chr4	97923019	97923020	rs7660159	chr4	97929401	97929600	17_EnhW2	6382
chr4	97924012	97924013	rs10006108	chr4	97929401	97929600	17_EnhW2	5389
chr4	97924402	97924403	rs1013968	chr4	97929401	97929600	17_EnhW2	4999
chr4	97925156	97925157	rs1859325	chr4	97929401	97929600	17_EnhW2	4245
chr4	97926007	97926008	rs35976463	chr4	97929401	97929600	17_EnhW2	3394
chr4	97926537	97926538	rs7697251	chr4	97929401	97929600	17_EnhW2	2864
chr4	97931373	97931374	rs981544	chr4	97929401	97929600	17_EnhW2	1774
chr4	97932257	97932258	rs1018952	chr4	97929401	97929600	17_EnhW2	2658
chr4	97933428	97933429	rs11932741	chr4	97929401	97929600	17_EnhW2	3829
chr4	97934805	97934806	rs17247004	chr4	97929401	97929600	17_EnhW2	5206
chr4	97935616	97935617	rs4141303	chr4	97929401	97929600	17_EnhW2	6017
chr4	97935661	97935662	rs4141304	chr4	97929401	97929600	17_EnhW2	6062
chr4	97936877	97936878	rs6840385	chr4	97929401	97929600	17_EnhW2	7278
chr4	97936897	97936898	rs6840021	chr4	97929401	97929600	17_EnhW2	7298
chr4	97937365	97937366	rs2214553	chr4	97929401	97929600	17_EnhW2	7766
chr4	97938147	97938148	rs2865773	chr4	97929401	97929600	17_EnhW2	8548
chr4	97939224	97939225	rs2214554	chr4	97948201	97949000	17_EnhW2	8977
chr4	97939226	97939227	rs2214555	chr4	97948201	97949000	17_EnhW2	8975
chr4	97940556	97940557	rs35318942	chr4	97948201	97949000	17_EnhW2	7645
chr4	97940717	97940718	rs17187678	chr4	97948201	97949000	17_EnhW2	7484
chr4	97941728	97941729	rs7668613	chr4	97948201	97949000	17_EnhW2	6473
chr4	97942648	97942649	rs7699465	chr4	97948201	97949000	17_EnhW2	5553
chr4	97943057	97943058	rs70953042	chr4	97948201	97949000	17_EnhW2	5144
chr4	97943832	97943833	rs17247425	chr4	97948201	97949000	17_EnhW2	4369
chr4	97943855	97943856	rs2189574	chr4	97948201	97949000	17_EnhW2	4346
chr4	97943953	97943954	rs2189575	chr4	97948201	97949000	17_EnhW2	4248
chr4	97945324	97945325	rs17247509	chr4	97948201	97949000	17_EnhW2	2877
chr4	97945439	97945440	rs17187902	chr4	97948201	97949000	17_EnhW2	2762
chr4	97945920	97945921	rs11930522	chr4	97948201	97949000	17_EnhW2	2281
chr4	97947596	97947597	rs10031498	chr4	97948201	97949000	17_EnhW2	605
chr4	97947797	97947798	rs17247656	chr4	97948201	97949000	17_EnhW2	404
chr4	97948387	97948388	rs2189576	chr4	97948201	97949000	17_EnhW2	0
chr4	97950727	97950728	rs17247838	chr4	97948201	97949000	17_EnhW2	1728
chr4	97954146	97954147	rs11936118	chr4	97958601	97958800	17_EnhW2	4455
chr4	97959456	97959457	rs13116809	chr4	97958601	97958800	17_EnhW2	657
chr4	97959495	97959496	rs13140973	chr4	97958601	97958800	17_EnhW2	696
chr4	97961144	97961145	rs10011707	chr4	97958601	97958800	17_EnhW2	2345
chr4	97962848	97962849	rs4541511	chr4	97964001	97964200	17_EnhW2	1153
chr4	97962969	97962970	rs4627872	chr4	97964001	97964200	17_EnhW2	1032
chr4	97963734	97963735	rs3972362	chr4	97964001	97964200	17_EnhW2	267
chr4	97963925	97963926	rs2865775	chr4	97964001	97964200	17_EnhW2	76
chr4	97964358	97964359	rs7681058	chr4	97964001	97964200	17_EnhW2	159
chr4	97965626	97965627	rs35203848	chr4	97965801	97967000	17_EnhW2	175
chr4	97968544	97968545	rs34381577	chr4	97965801	97967000	17_EnhW2	1545
chr4	97974026	97974027	rs35286317	chr4	97965801	97967000	17_EnhW2	7027
chr4	97974284	97974285	rs17518940	chr4	97965801	97967000	17_EnhW2	7285
chr4	97974721	97974722	rs13109193	chr4	97965801	97967000	17_EnhW2	7722
chr4	97975447	97975448	rs6841600	chr4	97965801	97967000	17_EnhW2	8448
chr4	97975976	97975977	rs11943858	chr4	97965801	97967000	17_EnhW2	8977
chr4	97976137	97976138	rs11943930	chr4	97965801	97967000	17_EnhW2	9138
chr4	97977018	97977019	rs17459492	chr4	97965801	97967000	17_EnhW2	10019
chr4	97977186	97977187	rs12710898	chr4	97965801	97967000	17_EnhW2	10187
chr4	97978567	97978568	rs7657380	chr4	97965801	97967000	17_EnhW2	11568
chr4	97978613	97978614	rs12386430	chr4	97965801	97967000	17_EnhW2	11614
chr4	97978968	97978969	rs6814864	chr4	97965801	97967000	17_EnhW2	11969
chr4	97979221	97979222	rs11938698	chr4	97965801	97967000	17_EnhW2	12222
chr4	97979391	97979392	rs11939625	chr4	97965801	97967000	17_EnhW2	12392
chr4	97979436	97979437	rs56277860	chr4	97965801	97967000	17_EnhW2	12437
chr4	97979492	97979493	rs56353720	chr4	97965801	97967000	17_EnhW2	12493
chr4	97980560	97980561	rs34998454	chr4	97965801	97967000	17_EnhW2	13561
chr4	97980582	97980583	rs10007820	chr4	97965801	97967000	17_EnhW2	13583
chr4	97980672	97980673	rs10018399	chr4	97965801	97967000	17_EnhW2	13673
chr4	97980711	97980712	rs13114745	chr4	97965801	97967000	17_EnhW2	13712
chr4	97980779	97980780	rs13114796	chr4	97965801	97967000	17_EnhW2	13780
chr4	97980810	97980811	rs13114593	chr4	97965801	97967000	17_EnhW2	13811
chr4	97981979	97981980	rs13122217	chr4	97965801	97967000	17_EnhW2	14980
chr4	97983930	97983931	rs11936054	chr4	97997201	97997400	17_EnhW2	13271
chr4	97984407	97984408	rs11937059	chr4	97997201	97997400	17_EnhW2	12794
chr4	97985064	97985065	rs11942031	chr4	97997201	97997400	17_EnhW2	12137
chr4	97985399	97985400	rs71606958	chr4	97997201	97997400	17_EnhW2	11802
chr4	97986156	97986157	rs36007055	chr4	97997201	97997400	17_EnhW2	11045
chr4	97986403	97986404	rs13146009	chr4	97997201	97997400	17_EnhW2	10798
chr4	97988035	97988036	rs7682754	chr4	97997201	97997400	17_EnhW2	9166
chr4	97988133	97988134	rs2865765	chr4	97997201	97997400	17_EnhW2	9068
chr4	97988564	97988565	rs13109441	chr4	97997201	97997400	17_EnhW2	8637
chr4	97991959	97991960	rs4075859	chr4	97997201	97997400	17_EnhW2	5242
chr4	97993282	97993283	rs28506469	chr4	97997201	97997400	17_EnhW2	3919
chr4	97993436	97993437	rs76198938	chr4	97997201	97997400	17_EnhW2	3765
chr4	97994427	97994428	rs34180059	chr4	97997201	97997400	17_EnhW2	2774
chr4	97995428	97995429	rs28437020	chr4	97997201	97997400	17_EnhW2	1773
chr4	97996491	97996492	rs6816151	chr4	97997201	97997400	17_EnhW2	710
chr4	97996841	97996842	rs35461800	chr4	97997201	97997400	17_EnhW2	360
chr4	97998110	97998111	rs11945281	chr4	97997201	97997400	17_EnhW2	711
chr4	97998316	97998317	rs13143235	chr4	97997201	97997400	17_EnhW2	917
chr4	97998366	97998367	rs56091056	chr4	97997201	97997400	17_EnhW2	967
chr4	97998607	97998608	rs56149735	chr4	97997201	97997400	17_EnhW2	1208
chr4	97998667	97998668	rs35043991	chr4	97997201	97997400	17_EnhW2	1268
chr4	97999014	97999015	rs13435808	chr4	97997201	97997400	17_EnhW2	1615
chr4	97999187	97999188	rs13435391	chr4	97997201	97997400	17_EnhW2	1788
chr4	97999474	97999475	rs28488358	chr4	97997201	97997400	17_EnhW2	2075
chr4	97999989	97999990	rs7655448	chr4	97997201	97997400	17_EnhW2	2590
chr4	97999998	97999999	rs7680292	chr4	97997201	97997400	17_EnhW2	2599
chr4	98000210	98000211	rs11942994	chr4	97997201	97997400	17_EnhW2	2811
chr4	98000414	98000415	rs13131275	chr4	97997201	97997400	17_EnhW2	3015
chr4	98001709	98001710	rs34009118	chr4	97997201	97997400	17_EnhW2	4310
chr4	98001895	98001896	rs11936369	chr4	97997201	97997400	17_EnhW2	4496
chr4	98002269	98002270	rs71606960	chr4	97997201	97997400	17_EnhW2	4870
chr4	98003579	98003580	rs35081540	chr4	97997201	97997400	17_EnhW2	6180
chr4	98003645	98003646	rs35029103	chr4	97997201	97997400	17_EnhW2	6246
chr4	98003754	98003755	rs11934690	chr4	97997201	97997400	17_EnhW2	6355
chr4	98004007	98004008	rs11938953	chr4	97997201	97997400	17_EnhW2	6608
chr4	98004009	98004010	rs78597651	chr4	97997201	97997400	17_EnhW2	6610
chr4	98004148	98004149	rs71606961	chr4	97997201	97997400	17_EnhW2	6749
chr4	98004273	98004274	rs71606962	chr4	97997201	97997400	17_EnhW2	6874
chr4	98004671	98004672	rs13136288	chr4	97997201	97997400	17_EnhW2	7272
chr4	98005141	98005142	rs9994281	chr4	97997201	97997400	17_EnhW2	7742
chr4	98005471	98005472	rs34701376	chr4	97997201	97997400	17_EnhW2	8072
chr4	98005554	98005555	rs28461669	chr4	97997201	97997400	17_EnhW2	8155
chr4	98006360	98006361	rs7679384	chr4	97997201	97997400	17_EnhW2	8961
chr4	98006581	98006582	rs34027236	chr4	97997201	97997400	17_EnhW2	9182
chr4	98007178	98007179	rs7680982	chr4	97997201	97997400	17_EnhW2	9779
chr4	98008576	98008577	rs17519927	chr4	98018401	98019200	17_EnhW2	9825
chr4	98008634	98008635	rs10710452	chr4	98018401	98019200	17_EnhW2	9767
chr4	98009069	98009070	rs17026388	chr4	98018401	98019200	17_EnhW2	9332
chr4	98009181	98009182	rs6852401	chr4	98018401	98019200	17_EnhW2	9220
chr4	98009444	98009445	rs6857840	chr4	98018401	98019200	17_EnhW2	8957
chr4	98010428	98010429	rs17520039	chr4	98018401	98019200	17_EnhW2	7973
chr4	98012407	98012408	rs17520088	chr4	98018401	98019200	17_EnhW2	5994
chr4	98013560	98013561	rs2865766	chr4	98018401	98019200	17_EnhW2	4841
chr4	168482631	168482632	rs12504858	chr4	168394601	168394800	17_EnhW2	87832
chr4	168485750	168485751	rs992771	chr4	168394601	168394800	17_EnhW2	90951
chr4	168487943	168487944	rs62332396	chr4	168394601	168394800	17_EnhW2	93144
chr4	168489714	168489715	rs1026699	chr4	168394601	168394800	17_EnhW2	94915
chr4	168490954	168490955	rs1914621	chr4	168394601	168394800	17_EnhW2	96155
chr4	168492487	168492488	rs13144736	chr4	168394601	168394800	17_EnhW2	97688
chr4	168495062	168495063	rs7655794	chr4	168394601	168394800	17_EnhW2	100263
chr4	168495382	168495383	rs4386629	chr4	168394601	168394800	17_EnhW2	100583
chr4	168510278	168510279	rs1518190	chr4	168394601	168394800	17_EnhW2	115479
chr4	168511716	168511717	rs34379261	chr4	168394601	168394800	17_EnhW2	116917
chr4	168515217	168515218	rs1401015	chr4	168394601	168394800	17_EnhW2	120418
chr4	168522091	168522092	rs1401017	chr4	168394601	168394800	17_EnhW2	127292
chr4	168522750	168522751	rs6813517	chr4	168394601	168394800	17_EnhW2	127951
chr4	168538124	168538125	rs146758100	chr4	168394601	168394800	17_EnhW2	143325
chr5	3052291	3052292	rs60132896	chr5	3059001	3059200	17_EnhW2	6710
chr5	3054784	3054785	rs10067104	chr5	3059001	3059200	17_EnhW2	4217
chr5	3054847	3054848	rs10041266	chr5	3059001	3059200	17_EnhW2	4154
chr5	3054877	3054878	rs35334843	chr5	3059001	3059200	17_EnhW2	4124
chr5	3055472	3055473	rs16870976	chr5	3059001	3059200	17_EnhW2	3529
chr5	3055495	3055496	rs16870979	chr5	3059001	3059200	17_EnhW2	3506
chr5	3055652	3055653	rs113089275	chr5	3059001	3059200	17_EnhW2	3349
chr5	3055886	3055887	rs6890167	chr5	3059001	3059200	17_EnhW2	3115
chr5	3056047	3056048	rs4866713	chr5	3059001	3059200	17_EnhW2	2954
chr5	3056290	3056291	rs6872896	chr5	3059001	3059200	17_EnhW2	2711
chr5	3057013	3057014	rs7714375	chr5	3059001	3059200	17_EnhW2	1988
chr5	3057839	3057840	rs5865462	chr5	3059001	3059200	17_EnhW2	1162
chr5	3057850	3057851	rs16870983	chr5	3059001	3059200	17_EnhW2	1151
chr5	3058228	3058229	rs6555170	chr5	3059001	3059200	17_EnhW2	773
chr5	3059259	3059260	rs1551925	chr5	3059001	3059200	17_EnhW2	60
chr5	15681070	15681071	rs4702099	chr5	15680601	15680800	17_EnhW2	271
chr5	15683332	15683333	rs16867540	chr5	15683001	15683600	17_EnhW2	0
chr5	15685125	15685126	rs12655356	chr5	15686001	15687800	17_EnhW2	876
chr5	15686343	15686344	rs4701637	chr5	15686001	15687800	17_EnhW2	0
chr5	15690529	15690530	rs6554893	chr5	15690801	15692000	17_EnhW2	272
chr5	15690812	15690813	rs6554894	chr5	15690801	15692000	17_EnhW2	0
chr5	15695158	15695159	rs6554895	chr5	15694001	15695800	17_EnhW2	0
chr5	15700540	15700541	rs11133822	chr5	15702401	15702600	15_EnhAF	1861
chr5	15700654	15700655	rs11133823	chr5	15702401	15702600	15_EnhAF	1747
chr5	15705901	15705902	rs4391163	chr5	15703001	15704800	17_EnhW2	1102
chr5	15705907	15705908	rs4391164	chr5	15703001	15704800	17_EnhW2	1108
chr5	15706970	15706971	rs4505949	chr5	15703001	15704800	17_EnhW2	2171
chr5	15708608	15708609	rs4407633	chr5	15703001	15704800	17_EnhW2	3809
chr5	15709261	15709262	rs7724782	chr5	15703001	15704800	17_EnhW2	4462
chr5	15709728	15709729	rs35394278	chr5	15703001	15704800	17_EnhW2	4929
chr5	15710297	15710298	rs4374756	chr5	15703001	15704800	17_EnhW2	5498
chr5	15711764	15711765	rs6875955	chr5	15716001	15720400	17_EnhW2	4237
chr5	15712829	15712830	rs13173953	chr5	15716001	15720400	17_EnhW2	3172
chr5	15713071	15713072	rs7704277	chr5	15716001	15720400	17_EnhW2	2930
chr5	15713391	15713392	rs6554898	chr5	15716001	15720400	17_EnhW2	2610
chr5	15716768	15716769	rs17602392	chr5	15716001	15720400	17_EnhW2	0
chr5	15719221	15719222	rs4435862	chr5	15716001	15720400	17_EnhW2	0
chr5	15721359	15721360	rs4571472	chr5	15721201	15721800	17_EnhW2	0
chr5	15723345	15723346	rs11748700	chr5	15721201	15721800	17_EnhW2	1546
chr5	15724907	15724908	rs6891925	chr5	15721201	15721800	17_EnhW2	3108
chr5	15725283	15725284	rs13170407	chr5	15721201	15721800	17_EnhW2	3484
chr5	15726075	15726076	rs56130171	chr5	15721201	15721800	17_EnhW2	4276
chr5	15726216	15726217	rs6898184	chr5	15721201	15721800	17_EnhW2	4417
chr5	15728228	15728229	rs4133004	chr5	15721201	15721800	17_EnhW2	6429
chr5	15729618	15729619	rs4320259	chr5	15721201	15721800	17_EnhW2	7819
chr5	15732412	15732413	rs4273603	chr5	15721201	15721800	17_EnhW2	10613
chr5	15733910	15733911	rs7733271	chr5	15721201	15721800	17_EnhW2	12111
chr5	15734139	15734140	rs7713555	chr5	15721201	15721800	17_EnhW2	12340
chr5	15734172	15734173	rs7713553	chr5	15721201	15721800	17_EnhW2	12373
chr5	15735013	15735014	rs4289558	chr5	15721201	15721800	17_EnhW2	13214
chr5	15735029	15735030	rs4582274	chr5	15721201	15721800	17_EnhW2	13230
chr5	15735171	15735172	rs4330464	chr5	15721201	15721800	17_EnhW2	13372
chr5	15737307	15737308	rs17602470	chr5	15751601	15752200	17_EnhW2	14294
chr5	15738016	15738017	rs4235556	chr5	15751601	15752200	17_EnhW2	13585
chr5	15739050	15739051	rs4590179	chr5	15751601	15752200	17_EnhW2	12551
chr5	15740950	15740951	rs11958262	chr5	15751601	15752200	17_EnhW2	10651
chr5	15742874	15742875	rs4395631	chr5	15751601	15752200	17_EnhW2	8727
chr5	15745130	15745131	rs6865314	chr5	15751601	15752200	17_EnhW2	6471
chr5	15745335	15745336	rs79066979	chr5	15751601	15752200	17_EnhW2	6266
chr5	15747865	15747866	rs924455	chr5	15751601	15752200	17_EnhW2	3736
chr5	15756954	15756955	rs1909722	chr5	15753001	15753200	17_EnhW2	3755
chr5	15757553	15757554	rs2937071	chr5	15753001	15753200	17_EnhW2	4354
chr5	15757554	15757555	rs2964266	chr5	15753001	15753200	17_EnhW2	4355
chr5	15759028	15759029	rs34539853	chr5	15753001	15753200	17_EnhW2	5829
chr5	15762477	15762478	rs62350584	chr5	15753001	15753200	17_EnhW2	9278
chr5	15763180	15763181	rs1875215	chr5	15753001	15753200	17_EnhW2	9981
chr5	15763515	15763516	rs2964267	chr5	15753001	15753200	17_EnhW2	10316
chr5	15770552	15770553	rs2937072	chr5	15753001	15753200	17_EnhW2	17353
chr5	15772775	15772776	rs2964269	chr5	15753001	15753200	17_EnhW2	19576
chr5	15776497	15776498	rs1505037	chr5	15794001	15795400	17_EnhW2	17504
chr5	50529174	50529175	rs13360092	chr5	50523801	50524400	17_EnhW2	4775
chr5	66024968	66024969	rs7717703	chr5	66016601	66017400	17_EnhW2	7569
chr5	66029388	66029389	rs3111622	chr5	66016601	66017400	17_EnhW2	11989
chr5	66029392	66029393	rs3111623	chr5	66016601	66017400	17_EnhW2	11993
chr5	66029593	66029594	rs11297769	chr5	66016601	66017400	17_EnhW2	12194
chr5	66029731	66029732	rs3096192	chr5	66016601	66017400	17_EnhW2	12332
chr5	66034904	66034905	rs3111626	chr5	66016601	66017400	17_EnhW2	17505
chr5	66044461	66044462	rs9291875	chr5	66066401	66066600	17_EnhW2	21940
chr5	66066853	66066854	rs17279179	chr5	66066401	66066600	17_EnhW2	254
chr5	66067583	66067584	rs201095408	chr5	66066401	66066600	17_EnhW2	984
chr5	66069818	66069819	rs10447107	chr5	66066401	66066600	17_EnhW2	3219
chr5	66070096	66070097	rs10447108	chr5	66066401	66066600	17_EnhW2	3497
chr5	66070112	66070113	rs10447109	chr5	66066401	66066600	17_EnhW2	3513
chr5	66071483	66071484	rs137882962	chr5	66066401	66066600	17_EnhW2	4884
chr5	66074578	66074579	rs17213476	chr5	66066401	66066600	17_EnhW2	7979
chr5	66075078	66075079	rs17279423	chr5	66066401	66066600	17_EnhW2	8479
chr5	66076269	66076270	rs57819946	chr5	66085201	66085800	17_EnhW2	8932
chr5	66082739	66082740	rs72761248	chr5	66085201	66085800	17_EnhW2	2462
chr5	66085053	66085054	rs5868463	chr5	66085201	66085800	17_EnhW2	148
chr5	66085206	66085207	rs1982327	chr5	66085201	66085800	17_EnhW2	0
chr5	66085338	66085339	rs1982328	chr5	66085201	66085800	17_EnhW2	0
chr5	66085488	66085489	rs1982329	chr5	66085201	66085800	17_EnhW2	0
chr5	66086943	66086944	rs57066416	chr5	66085201	66085800	17_EnhW2	1144
chr5	66087031	66087032	rs61570328	chr5	66085201	66085800	17_EnhW2	1232
chr5	66089534	66089535	rs6887024	chr5	66085201	66085800	17_EnhW2	3735
chr5	66090683	66090684	rs1374040	chr5	66085201	66085800	17_EnhW2	4884
chr5	66091517	66091518	rs147629510	chr5	66085201	66085800	17_EnhW2	5718
chr5	66097673	66097674	rs72761251	chr5	66107001	66107200	17_EnhW2	9328
chr5	66098910	66098911	rs2010386	chr5	66107001	66107200	17_EnhW2	8091
chr5	66100539	66100540	rs1423642	chr5	66107001	66107200	17_EnhW2	6462
chr5	66104104	66104105	rs17214309	chr5	66107001	66107200	17_EnhW2	2897
chr5	66105948	66105949	rs60232922	chr5	66107001	66107200	17_EnhW2	1053
chr5	66106139	66106140	rs56328685	chr5	66107001	66107200	17_EnhW2	862
chr5	66106909	66106910	rs72761255	chr5	66107001	66107200	17_EnhW2	92
chr5	66107660	66107661	rs376179453	chr5	66107001	66107200	17_EnhW2	461
chr5	66112714	66112715	rs57246240	chr5	66109801	66111000	17_EnhW2	1715
chr5	66113063	66113064	rs55929615	chr5	66109801	66111000	17_EnhW2	2064
chr5	66115538	66115539	rs56403004	chr5	66109801	66111000	17_EnhW2	4539
chr5	66118104	66118105	rs17214697	chr5	66122201	66122600	17_EnhW2	4097
chr5	66119610	66119611	rs12153382	chr5	66122201	66122600	17_EnhW2	2591
chr5	66121390	66121391	rs144283292	chr5	66122201	66122600	17_EnhW2	811
chr5	66122656	66122657	rs17214805	chr5	66122601	66122800	15_EnhAF	0
chr5	66122852	66122853	rs17280749	chr5	66122801	66124000	17_EnhW2	0
chr5	66124345	66124346	rs56125086	chr5	66124001	66124200	16_EnhW1	146
chr5	66128476	66128477	rs72761261	chr5	66125601	66126600	17_EnhW2	1877
chr5	66129447	66129448	rs72761262	chr5	66125601	66126600	17_EnhW2	2848
chr5	66129765	66129766	rs9918222	chr5	66125601	66126600	17_EnhW2	3166
chr5	66129814	66129815	rs9918275	chr5	66125601	66126600	17_EnhW2	3215
chr5	66131630	66131631	rs9918109	chr5	66125601	66126600	17_EnhW2	5031
chr5	66131911	66131912	rs9918110	chr5	66137001	66138400	17_EnhW2	5090
chr5	66137957	66137958	rs56202840	chr5	66137001	66138400	17_EnhW2	0
chr5	66138228	66138229	rs55939740	chr5	66137001	66138400	17_EnhW2	0
chr5	66138516	66138517	rs57644749	chr5	66138401	66138600	16_EnhW1	0
chr5	66141198	66141199	rs12186367	chr5	66139401	66140000	17_EnhW2	1199
chr5	66142372	66142373	rs12109247	chr5	66139401	66140000	17_EnhW2	2373
chr5	66144112	66144113	rs12110247	chr5	66139401	66140000	17_EnhW2	4113
chr5	66144812	66144813	rs874547	chr5	66139401	66140000	17_EnhW2	4813
chr5	66145318	66145319	rs1529509	chr5	66139401	66140000	17_EnhW2	5319
chr5	66145562	66145563	rs72761265	chr5	66139401	66140000	17_EnhW2	5563
chr5	66150565	66150566	rs72761267	chr5	66156201	66156400	17_EnhW2	5636
chr5	66153523	66153524	rs72761269	chr5	66156201	66156400	17_EnhW2	2678
chr5	66155019	66155020	rs72761270	chr5	66156201	66156400	17_EnhW2	1182
chr5	66159254	66159255	rs35069554	chr5	66158601	66159400	17_EnhW2	0
chr5	66179048	66179049	rs72761291	chr5	66187001	66188600	17_EnhW2	7953
chr5	81859748	81859749	rs34241918	chr5	81847201	81848000	17_EnhW2	11749
chr5	81860790	81860791	rs4703898	chr5	81847201	81848000	17_EnhW2	12791
chr5	81864188	81864189	rs4703899	chr5	81847201	81848000	17_EnhW2	16189
chr5	81864443	81864444	rs4703900	chr5	81847201	81848000	17_EnhW2	16444
chr5	81872498	81872499	rs34172160	chr5	81882001	81883000	17_EnhW2	9503
chr5	81875407	81875408	rs2385883	chr5	81882001	81883000	17_EnhW2	6594
chr5	81875466	81875467	rs2385884	chr5	81882001	81883000	17_EnhW2	6535
chr5	81875956	81875957	rs2385885	chr5	81882001	81883000	17_EnhW2	6045
chr5	81877770	81877771	rs2385887	chr5	81882001	81883000	17_EnhW2	4231
chr5	81882181	81882182	rs905219	chr5	81882001	81883000	17_EnhW2	0
chr5	81882386	81882387	rs2385888	chr5	81882001	81883000	17_EnhW2	0
chr5	81883161	81883162	rs1847053	chr5	81882001	81883000	17_EnhW2	162
chr5	81888492	81888493	rs6452466	chr5	81887401	81888000	15_EnhAF	493
chr5	81894565	81894566	rs10060790	chr5	81893201	81893400	17_EnhW2	1166
chr5	81895199	81895200	rs34047780	chr5	81893201	81893400	17_EnhW2	1800
chr5	81896955	81896956	rs1847035	chr5	81893201	81893400	17_EnhW2	3556
chr5	81900819	81900820	rs1847037	chr5	81893201	81893400	17_EnhW2	7420
chr5	82266049	82266050	rs32881	chr5	82267201	82267400	17_EnhW2	1152
chr5	82273378	82273379	rs10035349	chr5	82267201	82267400	17_EnhW2	5979
chr5	82280497	82280498	rs4703941	chr5	82279801	82281000	17_EnhW2	0
chr5	82281042	82281043	rs1366566	chr5	82281001	82281600	16_EnhW1	0
chr5	82282674	82282675	rs6863505	chr5	82281601	82282400	17_EnhW2	275
chr5	82282682	82282683	rs6882635	chr5	82281601	82282400	17_EnhW2	283
chr5	82284309	82284310	rs905852	chr5	82281601	82282400	17_EnhW2	1910
chr5	82285801	82285802	rs5869148	chr5	82287001	82287200	17_EnhW2	1200
chr5	82286334	82286335	rs4320239	chr5	82287001	82287200	17_EnhW2	667
chr5	82286964	82286965	rs2042976	chr5	82287001	82287200	17_EnhW2	37
chr5	82287035	82287036	rs2042975	chr5	82287001	82287200	17_EnhW2	0
chr5	82287303	82287304	rs11959656	chr5	82287001	82287200	17_EnhW2	104
chr5	82289206	82289207	rs10570259	chr5	82287001	82287200	17_EnhW2	2007
chr5	82289347	82289348	rs6891678	chr5	82287001	82287200	17_EnhW2	2148
chr5	82332860	82332861	rs34892506	chr5	82330001	82333200	17_EnhW2	0
chr5	82333241	82333242	rs111479627	chr5	82330001	82333200	17_EnhW2	42
chr5	82336761	82336762	rs27363	chr5	82330001	82333200	17_EnhW2	3562
chr5	82340283	82340284	rs26263	chr5	82330001	82333200	17_EnhW2	7084
chr5	82347955	82347956	rs27364	chr5	82330001	82333200	17_EnhW2	14756
chr5	82348221	82348222	rs1583	chr5	82330001	82333200	17_EnhW2	15022
chr5	82348546	82348547	rs10630673	chr5	82330001	82333200	17_EnhW2	15347
chr5	82349376	82349377	rs7891	chr5	82330001	82333200	17_EnhW2	16177
chr5	82350809	82350810	rs255561	chr5	82330001	82333200	17_EnhW2	17610
chr5	82351608	82351609	rs74312018	chr5	82330001	82333200	17_EnhW2	18409
chr5	82353082	82353083	rs7724935	chr5	82330001	82333200	17_EnhW2	19883
chr5	82353086	82353087	rs7707143	chr5	82330001	82333200	17_EnhW2	19887
chr5	82353318	82353319	rs10473863	chr5	82330001	82333200	17_EnhW2	20119
chr5	82354553	82354554	rs10462394	chr5	82374401	82374600	16_EnhW1	19848
chr5	82355385	82355386	rs1871203	chr5	82374401	82374600	16_EnhW1	19016
chr5	82356041	82356042	rs7722924	chr5	82374401	82374600	16_EnhW1	18360
chr5	82356098	82356099	rs10051445	chr5	82374401	82374600	16_EnhW1	18303
chr5	82357151	82357152	rs6867727	chr5	82374401	82374600	16_EnhW1	17250
chr5	82357320	82357321	rs72765386	chr5	82374401	82374600	16_EnhW1	17081
chr5	82358428	82358429	rs7723639	chr5	82374401	82374600	16_EnhW1	15973
chr5	82359044	82359045	rs10061690	chr5	82374401	82374600	16_EnhW1	15357
chr5	82359729	82359730	rs67216017	chr5	82374401	82374600	16_EnhW1	14672
chr5	82360782	82360783	rs2306336	chr5	82374401	82374600	16_EnhW1	13619
chr5	82361224	82361225	rs113665237	chr5	82374401	82374600	16_EnhW1	13177
chr5	82361373	82361374	rs6882386	chr5	82374401	82374600	16_EnhW1	13028
chr5	82361405	82361406	rs6860752	chr5	82374401	82374600	16_EnhW1	12996
chr5	82362673	82362674	rs9293328	chr5	82374401	82374600	16_EnhW1	11728
chr5	82363067	82363068	rs144860721	chr5	82374401	82374600	16_EnhW1	11334
chr5	82363484	82363485	rs11746747	chr5	82374401	82374600	16_EnhW1	10917
chr5	82363518	82363519	rs11740150	chr5	82374401	82374600	16_EnhW1	10883
chr5	82363680	82363681	rs3899556	chr5	82374401	82374600	16_EnhW1	10721
chr5	82363798	82363799	rs141648097	chr5	82374401	82374600	16_EnhW1	10603
chr5	82363941	82363942	rs138167815	chr5	82374401	82374600	16_EnhW1	10460
chr5	82364071	82364072	rs4331874	chr5	82374401	82374600	16_EnhW1	10330
chr5	82364143	82364144	rs17284134	chr5	82374401	82374600	16_EnhW1	10258
chr5	82364499	82364500	rs6452501	chr5	82374401	82374600	16_EnhW1	9902
chr5	82365797	82365798	rs10514246	chr5	82374401	82374600	16_EnhW1	8604
chr5	82366968	82366969	rs10037377	chr5	82374401	82374600	16_EnhW1	7433
chr5	82367424	82367425	rs6895174	chr5	82374401	82374600	16_EnhW1	6977
chr5	82370396	82370397	rs6452502	chr5	82374401	82374600	16_EnhW1	4005
chr5	82370414	82370415	rs6452503	chr5	82374401	82374600	16_EnhW1	3987
chr5	82370443	82370444	rs6452504	chr5	82374401	82374600	16_EnhW1	3958
chr5	82370590	82370591	rs28592576	chr5	82374401	82374600	16_EnhW1	3811
chr5	82370592	82370593	rs58381163	chr5	82374401	82374600	16_EnhW1	3809
chr5	82371662	82371663	rs6452506	chr5	82374401	82374600	16_EnhW1	2739
chr5	82371694	82371695	rs7727691	chr5	82374401	82374600	16_EnhW1	2707
chr5	82372279	82372280	rs1993948	chr5	82374401	82374600	16_EnhW1	2122
chr5	82372664	82372665	rs2075685	chr5	82374401	82374600	16_EnhW1	1737
chr5	82374118	82374119	rs10474080	chr5	82374401	82374600	16_EnhW1	283
chr5	82376690	82376691	rs4266384	chr5	82374601	82374800	17_EnhW2	1891
chr5	82376718	82376719	rs1478487	chr5	82374601	82374800	17_EnhW2	1919
chr5	82376925	82376926	rs7720588	chr5	82374601	82374800	17_EnhW2	2126
chr5	82377003	82377004	rs1478486	chr5	82374601	82374800	17_EnhW2	2204
chr5	82377565	82377566	rs1479569	chr5	82374601	82374800	17_EnhW2	2766
chr5	82377961	82377962	rs1564379	chr5	82374601	82374800	17_EnhW2	3162
chr5	82378219	82378220	rs7736289	chr5	82374601	82374800	17_EnhW2	3420
chr5	82378239	82378240	rs7736296	chr5	82374601	82374800	17_EnhW2	3440
chr5	82378306	82378307	rs7718284	chr5	82374601	82374800	17_EnhW2	3507
chr5	82378421	82378422	rs7718472	chr5	82374601	82374800	17_EnhW2	3622
chr5	82378564	82378565	rs10079680	chr5	82374601	82374800	17_EnhW2	3765
chr5	82378801	82378802	rs11750799	chr5	82374601	82374800	17_EnhW2	4002
chr5	82379018	82379019	rs10942321	chr5	82374601	82374800	17_EnhW2	4219
chr5	82380138	82380139	rs6868416	chr5	82374601	82374800	17_EnhW2	5339
chr5	82380526	82380527	rs1478485	chr5	82374601	82374800	17_EnhW2	5727
chr5	82380873	82380874	rs1478484	chr5	82374601	82374800	17_EnhW2	6074
chr5	82381296	82381297	rs11387713	chr5	82374601	82374800	17_EnhW2	6497
chr5	82381399	82381400	rs11746977	chr5	82374601	82374800	17_EnhW2	6600
chr5	82381568	82381569	rs7714710	chr5	82374601	82374800	17_EnhW2	6769
chr5	82382054	82382055	rs1017794	chr5	82374601	82374800	17_EnhW2	7255
chr5	82382727	82382728	rs6880566	chr5	82374601	82374800	17_EnhW2	7928
chr5	82383157	82383158	rs6884981	chr5	82374601	82374800	17_EnhW2	8358
chr5	82384359	82384360	rs3069513	chr5	82391601	82391800	17_EnhW2	7242
chr5	82385060	82385061	rs10040244	chr5	82391601	82391800	17_EnhW2	6541
chr5	82385065	82385066	rs6896548	chr5	82391601	82391800	17_EnhW2	6536
chr5	82385102	82385103	rs6896953	chr5	82391601	82391800	17_EnhW2	6499
chr5	82386453	82386454	rs62372713	chr5	82391601	82391800	17_EnhW2	5148
chr5	82387172	82387173	rs1600362	chr5	82391601	82391800	17_EnhW2	4429
chr5	82387485	82387486	rs1580311	chr5	82391601	82391800	17_EnhW2	4116
chr5	82387610	82387611	rs1580310	chr5	82391601	82391800	17_EnhW2	3991
chr5	82387766	82387767	rs1580309	chr5	82391601	82391800	17_EnhW2	3835
chr5	82388314	82388315	rs79297136	chr5	82391601	82391800	17_EnhW2	3287
chr5	82390730	82390731	rs10473864	chr5	82391601	82391800	17_EnhW2	871
chr5	82390882	82390883	rs10474081	chr5	82391601	82391800	17_EnhW2	719
chr5	82391236	82391237	rs1382376	chr5	82391601	82391800	17_EnhW2	365
chr5	82391267	82391268	rs62372714	chr5	82391601	82391800	17_EnhW2	334
chr5	82391765	82391766	rs12109517	chr5	82391601	82391800	17_EnhW2	0
chr5	82391783	82391784	rs12109514	chr5	82391601	82391800	17_EnhW2	0
chr5	82392353	82392354	rs10041617	chr5	82391601	82391800	17_EnhW2	554
chr5	82393249	82393250	rs1011979	chr5	82394601	82395800	17_EnhW2	1352
chr5	82393367	82393368	rs5869161	chr5	82394601	82395800	17_EnhW2	1234
chr5	82393687	82393688	rs1011981	chr5	82394601	82395800	17_EnhW2	914
chr5	82393834	82393835	rs5869162	chr5	82394601	82395800	17_EnhW2	767
chr5	82394297	82394298	rs17205699	chr5	82394601	82395800	17_EnhW2	304
chr5	82394382	82394383	rs10057303	chr5	82394601	82395800	17_EnhW2	219
chr5	82394524	82394525	rs17284211	chr5	82394601	82395800	17_EnhW2	77
chr5	82394650	82394651	rs150376002	chr5	82394601	82395800	17_EnhW2	0
chr5	82395348	82395349	rs17284218	chr5	82394601	82395800	17_EnhW2	0
chr5	82396606	82396607	rs33976367	chr5	82394601	82395800	17_EnhW2	807
chr5	82396828	82396829	rs1382374	chr5	82394601	82395800	17_EnhW2	1029
chr5	82397270	82397271	rs2386235	chr5	82394601	82395800	17_EnhW2	1471
chr5	82397670	82397671	rs2386237	chr5	82394601	82395800	17_EnhW2	1871
chr5	82398117	82398118	rs9293330	chr5	82394601	82395800	17_EnhW2	2318
chr5	82399025	82399026	rs10071617	chr5	82394601	82395800	17_EnhW2	3226
chr5	82399282	82399283	rs28383133	chr5	82394601	82395800	17_EnhW2	3483
chr5	82401516	82401517	rs10076059	chr5	82394601	82395800	17_EnhW2	5717
chr5	82402406	82402407	rs10078084	chr5	82394601	82395800	17_EnhW2	6607
chr5	82403186	82403187	rs11750836	chr5	82394601	82395800	17_EnhW2	7387
chr5	82403310	82403311	rs11951257	chr5	82394601	82395800	17_EnhW2	7511
chr5	82403935	82403936	rs767771	chr5	82394601	82395800	17_EnhW2	8136
chr5	82406337	82406338	rs3901654	chr5	82394601	82395800	17_EnhW2	10538
chr5	82407097	82407098	rs1478482	chr5	82394601	82395800	17_EnhW2	11298
chr5	82407104	82407105	rs1478481	chr5	82394601	82395800	17_EnhW2	11305
chr5	82407935	82407936	rs1478480	chr5	82394601	82395800	17_EnhW2	12136
chr5	82408595	82408596	rs28745304	chr5	82394601	82395800	17_EnhW2	12796
chr5	82408811	82408812	rs10069603	chr5	82394601	82395800	17_EnhW2	13012
chr5	82408850	82408851	rs12188344	chr5	82394601	82395800	17_EnhW2	13051
chr5	82408970	82408971	rs10071013	chr5	82394601	82395800	17_EnhW2	13171
chr5	82409506	82409507	rs10045744	chr5	82394601	82395800	17_EnhW2	13707
chr5	82409981	82409982	rs150915525	chr5	82394601	82395800	17_EnhW2	14182
chr5	82410652	82410653	rs10073508	chr5	82394601	82395800	17_EnhW2	14853
chr5	82411851	82411852	rs1542539	chr5	82394601	82395800	17_EnhW2	16052
chr5	82411862	82411863	rs1543847	chr5	82394601	82395800	17_EnhW2	16063
chr5	82412361	82412362	rs10045104	chr5	82394601	82395800	17_EnhW2	16562
chr5	82412460	82412461	rs10077601	chr5	82394601	82395800	17_EnhW2	16661
chr5	82412832	82412833	rs1564211	chr5	82394601	82395800	17_EnhW2	17033
chr5	82412931	82412932	rs10079372	chr5	82394601	82395800	17_EnhW2	17132
chr5	82414052	82414053	rs7703318	chr5	82394601	82395800	17_EnhW2	18253
chr5	82415410	82415411	rs35470697	chr5	82394601	82395800	17_EnhW2	19611
chr5	82417719	82417720	rs61101381	chr5	82394601	82395800	17_EnhW2	21920
chr5	82417917	82417918	rs28745307	chr5	82394601	82395800	17_EnhW2	22118
chr5	82418777	82418778	rs6897075	chr5	82394601	82395800	17_EnhW2	22978
chr5	82418848	82418849	rs28745311	chr5	82394601	82395800	17_EnhW2	23049
chr5	82418849	82418850	rs113692860	chr5	82394601	82395800	17_EnhW2	23050
chr5	82418999	82419000	rs10065973	chr5	82394601	82395800	17_EnhW2	23200
chr5	82419368	82419369	rs28745318	chr5	82394601	82395800	17_EnhW2	23569
chr5	82419768	82419769	rs12186460	chr5	82394601	82395800	17_EnhW2	23969
chr5	82420915	82420916	rs12153440	chr5	82394601	82395800	17_EnhW2	25116
chr5	82420927	82420928	rs12153179	chr5	82394601	82395800	17_EnhW2	25128
chr5	82420928	82420929	rs12152892	chr5	82394601	82395800	17_EnhW2	25129
chr5	82420999	82421000	rs12153441	chr5	82394601	82395800	17_EnhW2	25200
chr5	82421035	82421036	rs12152891	chr5	82394601	82395800	17_EnhW2	25236
chr5	82421355	82421356	rs6452507	chr5	82394601	82395800	17_EnhW2	25556
chr5	82421364	82421365	rs6452508	chr5	82394601	82395800	17_EnhW2	25565
chr5	82421382	82421383	rs6452509	chr5	82394601	82395800	17_EnhW2	25583
chr5	82421561	82421562	rs111724351	chr5	82394601	82395800	17_EnhW2	25762
chr5	82421632	82421633	rs1842020	chr5	82394601	82395800	17_EnhW2	25833
chr5	82422086	82422087	rs12188673	chr5	82394601	82395800	17_EnhW2	26287
chr5	82422141	82422142	rs7717964	chr5	82394601	82395800	17_EnhW2	26342
chr5	82422183	82422184	rs72767146	chr5	82394601	82395800	17_EnhW2	26384
chr5	82422418	82422419	rs7718278	chr5	82394601	82395800	17_EnhW2	26619
chr5	82422642	82422643	rs1120476	chr5	82394601	82395800	17_EnhW2	26843
chr5	82422880	82422881	rs1120477	chr5	82394601	82395800	17_EnhW2	27081
chr5	82422890	82422891	rs1120478	chr5	82394601	82395800	17_EnhW2	27091
chr5	82423219	82423220	rs6452510	chr5	82394601	82395800	17_EnhW2	27420
chr5	82423221	82423222	rs6452511	chr5	82394601	82395800	17_EnhW2	27422
chr5	82423341	82423342	rs6452512	chr5	82394601	82395800	17_EnhW2	27542
chr5	82423445	82423446	rs6452514	chr5	82394601	82395800	17_EnhW2	27646
chr5	82423698	82423699	rs201418183	chr5	82394601	82395800	17_EnhW2	27899
chr5	82423757	82423758	rs6884543	chr5	82394601	82395800	17_EnhW2	27958
chr5	82423915	82423916	rs62372749	chr5	82394601	82395800	17_EnhW2	28116
chr5	82424311	82424312	rs6452515	chr5	82394601	82395800	17_EnhW2	28512
chr5	82424719	82424720	rs201907213	chr5	82394601	82395800	17_EnhW2	28920
chr5	82424891	82424892	rs188411461	chr5	82394601	82395800	17_EnhW2	29092
chr5	82424985	82424986	rs368031913	chr5	82394601	82395800	17_EnhW2	29186
chr5	82424989	82424990	rs201105853	chr5	82394601	82395800	17_EnhW2	29190
chr5	82425065	82425066	rs376546105	chr5	82394601	82395800	17_EnhW2	29266
chr5	82425075	82425076	rs113197469	chr5	82394601	82395800	17_EnhW2	29276
chr5	82425225	82425226	rs79934351	chr5	82394601	82395800	17_EnhW2	29426
chr5	82425226	82425227	rs77446729	chr5	82394601	82395800	17_EnhW2	29427
chr5	82425341	82425342	rs76509669	chr5	82394601	82395800	17_EnhW2	29542
chr5	82425430	82425431	rs139961745	chr5	82394601	82395800	17_EnhW2	29631
chr5	82425507	82425508	rs149400898	chr5	82394601	82395800	17_EnhW2	29708
chr5	82425524	82425525	rs143403791	chr5	82394601	82395800	17_EnhW2	29725
chr5	82425731	82425732	rs151200738	chr5	82394601	82395800	17_EnhW2	29932
chr5	82426020	82426021	rs199718284	chr5	82394601	82395800	17_EnhW2	30221
chr5	82426145	82426146	rs7446506	chr5	82394601	82395800	17_EnhW2	30346
chr5	82426255	82426256	rs7442931	chr5	82394601	82395800	17_EnhW2	30456
chr5	82426292	82426293	rs4463162	chr5	82394601	82395800	17_EnhW2	30493
chr5	82426520	82426521	rs10040951	chr5	82394601	82395800	17_EnhW2	30721
chr5	82426531	82426532	rs4410625	chr5	82394601	82395800	17_EnhW2	30732
chr5	82426869	82426870	rs10474085	chr5	82394601	82395800	17_EnhW2	31070
chr5	82426907	82426908	rs10075752	chr5	82394601	82395800	17_EnhW2	31108
chr5	82427765	82427766	rs7707975	chr5	82394601	82395800	17_EnhW2	31966
chr5	82427792	82427793	rs7707967	chr5	82394601	82395800	17_EnhW2	31993
chr5	82427833	82427834	rs144910135	chr5	82394601	82395800	17_EnhW2	32034
chr5	82427853	82427854	rs7708124	chr5	82394601	82395800	17_EnhW2	32054
chr5	82427946	82427947	rs7703711	chr5	82394601	82395800	17_EnhW2	32147
chr5	82427968	82427969	rs7721784	chr5	82394601	82395800	17_EnhW2	32169
chr5	82428114	82428115	rs7721584	chr5	82394601	82395800	17_EnhW2	32315
chr5	82428638	82428639	rs10043905	chr5	82394601	82395800	17_EnhW2	32839
chr5	82428661	82428662	rs10038402	chr5	82394601	82395800	17_EnhW2	32862
chr5	82428747	82428748	rs11958314	chr5	82394601	82395800	17_EnhW2	32948
chr5	82428859	82428860	rs6452517	chr5	82394601	82395800	17_EnhW2	33060
chr5	82428861	82428862	rs6452518	chr5	82394601	82395800	17_EnhW2	33062
chr5	82429247	82429248	rs6452519	chr5	82394601	82395800	17_EnhW2	33448
chr5	82429270	82429271	rs6452520	chr5	82394601	82395800	17_EnhW2	33471
chr5	82429271	82429272	rs6452521	chr5	82394601	82395800	17_EnhW2	33472
chr5	82429289	82429290	rs6452522	chr5	82394601	82395800	17_EnhW2	33490
chr5	82429594	82429595	rs10069402	chr5	82394601	82395800	17_EnhW2	33795
chr5	82429620	82429621	rs150144847	chr5	82394601	82395800	17_EnhW2	33821
chr5	82429693	82429694	rs10076271	chr5	82394601	82395800	17_EnhW2	33894
chr5	82429726	82429727	rs10076274	chr5	82394601	82395800	17_EnhW2	33927
chr5	82429754	82429755	rs10061521	chr5	82394601	82395800	17_EnhW2	33955
chr5	82430057	82430058	rs62372752	chr5	82394601	82395800	17_EnhW2	34258
chr5	82430100	82430101	rs62372753	chr5	82394601	82395800	17_EnhW2	34301
chr5	82430348	82430349	rs7732880	chr5	82394601	82395800	17_EnhW2	34549
chr5	82430473	82430474	rs7733151	chr5	82394601	82395800	17_EnhW2	34674
chr5	82430592	82430593	rs7733330	chr5	82394601	82395800	17_EnhW2	34793
chr5	82430677	82430678	rs7733354	chr5	82394601	82395800	17_EnhW2	34878
chr5	82430781	82430782	rs4634330	chr5	82394601	82395800	17_EnhW2	34982
chr5	82431084	82431085	rs2386238	chr5	82394601	82395800	17_EnhW2	35285
chr5	82431157	82431158	rs2386239	chr5	82394601	82395800	17_EnhW2	35358
chr5	82431209	82431210	rs35742750	chr5	82394601	82395800	17_EnhW2	35410
chr5	82431288	82431289	rs7738033	chr5	82394601	82395800	17_EnhW2	35489
chr5	82431328	82431329	rs7700253	chr5	82394601	82395800	17_EnhW2	35529
chr5	82431840	82431841	rs6860239	chr5	82394601	82395800	17_EnhW2	36041
chr5	82432092	82432093	rs10067439	chr5	82394601	82395800	17_EnhW2	36293
chr5	82433019	82433020	rs7710900	chr5	82394601	82395800	17_EnhW2	37220
chr5	82433207	82433208	rs62374373	chr5	82394601	82395800	17_EnhW2	37408
chr5	82433780	82433781	rs6452524	chr5	82394601	82395800	17_EnhW2	37981
chr5	82434316	82434317	rs10043018	chr5	82394601	82395800	17_EnhW2	38517
chr5	82434406	82434407	rs33922097	chr5	82394601	82395800	17_EnhW2	38607
chr5	82434540	82434541	rs10037501	chr5	82394601	82395800	17_EnhW2	38741
chr5	82434570	82434571	rs6452525	chr5	82394601	82395800	17_EnhW2	38771
chr5	82434674	82434675	rs7716931	chr5	82394601	82395800	17_EnhW2	38875
chr5	82434731	82434732	rs7716962	chr5	82394601	82395800	17_EnhW2	38932
chr5	82434992	82434993	rs7721416	chr5	82394601	82395800	17_EnhW2	39193
chr5	82435400	82435401	rs6882179	chr5	82394601	82395800	17_EnhW2	39601
chr5	82435447	82435448	rs6863300	chr5	82394601	82395800	17_EnhW2	39648
chr5	82435533	82435534	rs6882220	chr5	82394601	82395800	17_EnhW2	39734
chr5	82436360	82436361	rs6887846	chr5	82394601	82395800	17_EnhW2	40561
chr5	82436810	82436811	rs6452526	chr5	82394601	82395800	17_EnhW2	41011
chr5	82436839	82436840	rs6452527	chr5	82394601	82395800	17_EnhW2	41040
chr5	82436928	82436929	rs7732092	chr5	82394601	82395800	17_EnhW2	41129
chr5	82437094	82437095	rs10055844	chr5	82394601	82395800	17_EnhW2	41295
chr5	82437140	82437141	rs10077862	chr5	82394601	82395800	17_EnhW2	41341
chr5	82437364	82437365	rs9293332	chr5	82394601	82395800	17_EnhW2	41565
chr5	82437430	82437431	rs10474093	chr5	82394601	82395800	17_EnhW2	41631
chr5	82437431	82437432	rs10473867	chr5	82394601	82395800	17_EnhW2	41632
chr5	82437446	82437447	rs10473868	chr5	82394601	82395800	17_EnhW2	41647
chr5	82437457	82437458	rs28360069	chr5	82394601	82395800	17_EnhW2	41658
chr5	82437679	82437680	rs6894425	chr5	82394601	82395800	17_EnhW2	41880
chr5	82438105	82438106	rs6868817	chr5	82394601	82395800	17_EnhW2	42306
chr5	82438110	82438111	rs28360071	chr5	82394601	82395800	17_EnhW2	42311
chr5	82438308	82438309	rs10042018	chr5	82394601	82395800	17_EnhW2	42509
chr5	82438311	82438312	rs10036418	chr5	82394601	82395800	17_EnhW2	42512
chr5	82439255	82439256	rs10055948	chr5	82394601	82395800	17_EnhW2	43456
chr5	82439694	82439695	rs10042854	chr5	82394601	82395800	17_EnhW2	43895
chr5	82439919	82439920	rs10037872	chr5	82394601	82395800	17_EnhW2	44120
chr5	82440339	82440340	rs143945470	chr5	82394601	82395800	17_EnhW2	44540
chr5	82440656	82440657	rs62374374	chr5	82394601	82395800	17_EnhW2	44857
chr5	82440984	82440985	rs10075125	chr5	82394601	82395800	17_EnhW2	45185
chr5	82441055	82441056	rs1382372	chr5	82394601	82395800	17_EnhW2	45256
chr5	82441118	82441119	rs1382371	chr5	82394601	82395800	17_EnhW2	45319
chr5	82441428	82441429	rs1382369	chr5	82394601	82395800	17_EnhW2	45629
chr5	82441439	82441440	rs4590162	chr5	82394601	82395800	17_EnhW2	45640
chr5	82442314	82442315	rs2126988	chr5	82394601	82395800	17_EnhW2	46515
chr5	82443010	82443011	rs2386240	chr5	82394601	82395800	17_EnhW2	47211
chr5	82443722	82443723	rs1031901	chr5	82394601	82395800	17_EnhW2	47923
chr5	82444855	82444856	rs9986131	chr5	82394601	82395800	17_EnhW2	49056
chr5	82445295	82445296	rs10558735	chr5	82394601	82395800	17_EnhW2	49496
chr5	82445690	82445691	rs2386241	chr5	82394601	82395800	17_EnhW2	49891
chr5	82446385	82446386	rs11740478	chr5	82394601	82395800	17_EnhW2	50586
chr5	82447801	82447802	rs4591730	chr5	82394601	82395800	17_EnhW2	52002
chr5	82448126	82448127	rs1031902	chr5	82394601	82395800	17_EnhW2	52327
chr5	82448450	82448451	rs59213558	chr5	82394601	82395800	17_EnhW2	52651
chr5	82449032	82449033	rs36084579	chr5	82394601	82395800	17_EnhW2	53233
chr5	82450496	82450497	rs10474094	chr5	82394601	82395800	17_EnhW2	54697
chr5	82450705	82450706	rs10474095	chr5	82394601	82395800	17_EnhW2	54906
chr5	82451074	82451075	rs1382368	chr5	82394601	82395800	17_EnhW2	55275
chr5	82451837	82451838	rs11354518	chr5	82507201	82507400	17_EnhW2	55364
chr5	82452101	82452102	rs35796754	chr5	82507201	82507400	17_EnhW2	55100
chr5	82452170	82452171	rs1382366	chr5	82507201	82507400	17_EnhW2	55031
chr5	82452494	82452495	rs1382365	chr5	82507201	82507400	17_EnhW2	54707
chr5	82452495	82452496	rs1382364	chr5	82507201	82507400	17_EnhW2	54706
chr5	82452571	82452572	rs1382363	chr5	82507201	82507400	17_EnhW2	54630
chr5	82452802	82452803	rs9293334	chr5	82507201	82507400	17_EnhW2	54399
chr5	82453064	82453065	rs11741897	chr5	82507201	82507400	17_EnhW2	54137
chr5	82456055	82456056	rs13358361	chr5	82507201	82507400	17_EnhW2	51146
chr5	82456669	82456670	rs10051155	chr5	82507201	82507400	17_EnhW2	50532
chr5	82456920	82456921	rs72767160	chr5	82507201	82507400	17_EnhW2	50281
chr5	82456929	82456930	rs5869165	chr5	82507201	82507400	17_EnhW2	50272
chr5	82457169	82457170	rs2126990	chr5	82507201	82507400	17_EnhW2	50032
chr5	82457191	82457192	rs10068099	chr5	82507201	82507400	17_EnhW2	50010
chr5	82457447	82457448	rs10076000	chr5	82507201	82507400	17_EnhW2	49754
chr5	82457520	82457521	rs10076056	chr5	82507201	82507400	17_EnhW2	49681
chr5	82457842	82457843	rs6867084	chr5	82507201	82507400	17_EnhW2	49359
chr5	82457908	82457909	rs6881585	chr5	82507201	82507400	17_EnhW2	49293
chr5	82458378	82458379	rs6452528	chr5	82507201	82507400	17_EnhW2	48823
chr5	82459022	82459023	rs55932316	chr5	82507201	82507400	17_EnhW2	48179
chr5	82460066	82460067	rs5000997	chr5	82507201	82507400	17_EnhW2	47135
chr5	82461450	82461451	rs7349753	chr5	82507201	82507400	17_EnhW2	45751
chr5	82461780	82461781	rs6881258	chr5	82507201	82507400	17_EnhW2	45421
chr5	82462239	82462240	rs6864479	chr5	82507201	82507400	17_EnhW2	44962
chr5	82462278	82462279	rs200217928	chr5	82507201	82507400	17_EnhW2	44923
chr5	82462872	82462873	rs6452529	chr5	82507201	82507400	17_EnhW2	44329
chr5	82463048	82463049	rs10714065	chr5	82507201	82507400	17_EnhW2	44153
chr5	82463702	82463703	rs67683443	chr5	82507201	82507400	17_EnhW2	43499
chr5	82464766	82464767	rs13436667	chr5	82507201	82507400	17_EnhW2	42435
chr5	82464918	82464919	rs10043698	chr5	82507201	82507400	17_EnhW2	42283
chr5	82466092	82466093	rs7726564	chr5	82507201	82507400	17_EnhW2	41109
chr5	82466173	82466174	rs6452531	chr5	82507201	82507400	17_EnhW2	41028
chr5	82466655	82466656	rs6887915	chr5	82507201	82507400	17_EnhW2	40546
chr5	82470713	82470714	rs35055168	chr5	82507201	82507400	17_EnhW2	36488
chr5	82470731	82470732	rs11741420	chr5	82507201	82507400	17_EnhW2	36470
chr5	82471085	82471086	rs4401555	chr5	82507201	82507400	17_EnhW2	36116
chr5	82471089	82471090	rs4616871	chr5	82507201	82507400	17_EnhW2	36112
chr5	82471210	82471211	rs4571449	chr5	82507201	82507400	17_EnhW2	35991
chr5	82471869	82471870	rs62374399	chr5	82507201	82507400	17_EnhW2	35332
chr5	82472446	82472447	rs112213729	chr5	82507201	82507400	17_EnhW2	34755
chr5	82472871	82472872	rs62374400	chr5	82507201	82507400	17_EnhW2	34330
chr5	82472977	82472978	rs62374401	chr5	82507201	82507400	17_EnhW2	34224
chr5	82473258	82473259	rs5869167	chr5	82507201	82507400	17_EnhW2	33943
chr5	82473644	82473645	rs10040363	chr5	82507201	82507400	17_EnhW2	33557
chr5	82474086	82474087	rs10051542	chr5	82507201	82507400	17_EnhW2	33115
chr5	82474125	82474126	rs10051557	chr5	82507201	82507400	17_EnhW2	33076
chr5	82475577	82475578	rs11949474	chr5	82507201	82507400	17_EnhW2	31624
chr5	82477143	82477144	rs4541638	chr5	82507201	82507400	17_EnhW2	30058
chr5	82477291	82477292	rs139194982	chr5	82507201	82507400	17_EnhW2	29910
chr5	82477343	82477344	rs28360104	chr5	82507201	82507400	17_EnhW2	29858
chr5	82477954	82477955	rs10078661	chr5	82507201	82507400	17_EnhW2	29247
chr5	82477995	82477996	rs4290995	chr5	82507201	82507400	17_EnhW2	29206
chr5	82480413	82480414	rs2974443	chr5	82507201	82507400	17_EnhW2	26788
chr5	82480992	82480993	rs2974444	chr5	82507201	82507400	17_EnhW2	26209
chr5	82481183	82481184	rs147693052	chr5	82507201	82507400	17_EnhW2	26018
chr5	82481379	82481380	rs2974445	chr5	82507201	82507400	17_EnhW2	25822
chr5	82481552	82481553	rs2940542	chr5	82507201	82507400	17_EnhW2	25649
chr5	82482583	82482584	rs965674	chr5	82507201	82507400	17_EnhW2	24618
chr5	82483115	82483116	rs2940543	chr5	82507201	82507400	17_EnhW2	24086
chr5	82483141	82483142	rs2974450	chr5	82507201	82507400	17_EnhW2	24060
chr5	82483283	82483284	rs2974449	chr5	82507201	82507400	17_EnhW2	23918
chr5	82484592	82484593	rs2662241	chr5	82507201	82507400	17_EnhW2	22609
chr5	82484884	82484885	rs2662242	chr5	82507201	82507400	17_EnhW2	22317
chr5	82485603	82485604	rs2940544	chr5	82507201	82507400	17_EnhW2	21598
chr5	82486388	82486389	rs2731865	chr5	82507201	82507400	17_EnhW2	20813
chr5	82486755	82486756	rs2974448	chr5	82507201	82507400	17_EnhW2	20446
chr5	82487198	82487199	rs2386242	chr5	82507201	82507400	17_EnhW2	20003
chr5	82488137	82488138	rs3069585	chr5	82507201	82507400	17_EnhW2	19064
chr5	82488344	82488345	rs2731843	chr5	82507201	82507400	17_EnhW2	18857
chr5	82488445	82488446	rs2731844	chr5	82507201	82507400	17_EnhW2	18756
chr5	82488448	82488449	rs2662243	chr5	82507201	82507400	17_EnhW2	18753
chr5	82488822	82488823	rs2940540	chr5	82507201	82507400	17_EnhW2	18379
chr5	82489148	82489149	rs2974441	chr5	82507201	82507400	17_EnhW2	18053
chr5	82489599	82489600	rs2731846	chr5	82507201	82507400	17_EnhW2	17602
chr5	82492954	82492955	rs2174976	chr5	82507201	82507400	17_EnhW2	14247
chr5	82495586	82495587	rs10473870	chr5	82507201	82507400	17_EnhW2	11615
chr5	82495599	82495600	rs35907617	chr5	82507201	82507400	17_EnhW2	11602
chr5	82497633	82497634	rs2974447	chr5	82507201	82507400	17_EnhW2	9568
chr5	82498804	82498805	rs1015440	chr5	82507201	82507400	17_EnhW2	8397
chr5	82499306	82499307	rs2662238	chr5	82507201	82507400	17_EnhW2	7895
chr5	82500040	82500041	rs1039786	chr5	82507201	82507400	17_EnhW2	7161
chr5	82501421	82501422	rs4343818	chr5	82507201	82507400	17_EnhW2	5780
chr5	82503158	82503159	rs33931457	chr5	82507201	82507400	17_EnhW2	4043
chr5	82503160	82503161	rs74331482	chr5	82507201	82507400	17_EnhW2	4041
chr5	82503161	82503162	rs62374402	chr5	82507201	82507400	17_EnhW2	4040
chr5	82504407	82504408	rs2048215	chr5	82507201	82507400	17_EnhW2	2794
chr5	82504486	82504487	rs13156510	chr5	82507201	82507400	17_EnhW2	2715
chr5	82504855	82504856	rs10514249	chr5	82507201	82507400	17_EnhW2	2346
chr5	82505152	82505153	rs11949301	chr5	82507201	82507400	17_EnhW2	2049
chr5	82505528	82505529	rs12514607	chr5	82507201	82507400	17_EnhW2	1673
chr5	82508409	82508410	rs2731852	chr5	82507201	82507400	17_EnhW2	1010
chr5	82508575	82508576	rs2731851	chr5	82507201	82507400	17_EnhW2	1176
chr5	82508842	82508843	rs2731850	chr5	82507201	82507400	17_EnhW2	1443
chr5	82509878	82509879	rs2731849	chr5	82507201	82507400	17_EnhW2	2479
chr5	82510228	82510229	rs2089565	chr5	82507201	82507400	17_EnhW2	2829
chr5	82510546	82510547	rs2731848	chr5	82513601	82513800	17_EnhW2	3055
chr5	82510667	82510668	rs200729676	chr5	82513601	82513800	17_EnhW2	2934
chr5	82510668	82510669	rs201890201	chr5	82513601	82513800	17_EnhW2	2933
chr5	82510670	82510671	rs2386244	chr5	82513601	82513800	17_EnhW2	2931
chr5	82510684	82510685	rs2386245	chr5	82513601	82513800	17_EnhW2	2917
chr5	82537318	82537319	rs1193693	chr5	82551801	82552000	17_EnhW2	14483
chr5	82543085	82543086	rs1193695	chr5	82551801	82552000	17_EnhW2	8716
chr5	82547601	82547602	rs35256	chr5	82551801	82552000	17_EnhW2	4200
chr5	82716118	82716119	rs13180395	chr5	82714001	82715000	17_EnhW2	1119
chr5	82717146	82717147	rs10055352	chr5	82714001	82715000	17_EnhW2	2147
chr5	82717884	82717885	rs2591453	chr5	82714001	82715000	17_EnhW2	2885
chr5	82724808	82724809	rs6883712	chr5	82726001	82727200	17_EnhW2	1193
chr5	82727858	82727859	rs10474100	chr5	82726001	82727200	17_EnhW2	659
chr5	82728925	82728926	rs33593	chr5	82726001	82727200	17_EnhW2	1726
chr5	82728980	82728981	rs9293338	chr5	82726001	82727200	17_EnhW2	1781
chr5	82729927	82729928	rs185356	chr5	82726001	82727200	17_EnhW2	2728
chr5	82730649	82730650	rs33590	chr5	82726001	82727200	17_EnhW2	3450
chr5	82731079	82731080	rs10045212	chr5	82726001	82727200	17_EnhW2	3880
chr5	82731175	82731176	rs10045242	chr5	82726001	82727200	17_EnhW2	3976
chr5	82731441	82731442	rs13166766	chr5	82726001	82727200	17_EnhW2	4242
chr5	82736334	82736335	rs9293339	chr5	82744401	82744800	17_EnhW2	8067
chr5	82737803	82737804	rs13161552	chr5	82744401	82744800	17_EnhW2	6598
chr5	82739802	82739803	rs10474101	chr5	82744401	82744800	17_EnhW2	4599
chr5	82740251	82740252	rs368093520	chr5	82744401	82744800	17_EnhW2	4150
chr5	82740473	82740474	rs2921509	chr5	82744401	82744800	17_EnhW2	3928
chr5	82741693	82741694	rs10058141	chr5	82744401	82744800	17_EnhW2	2708
chr5	82742117	82742118	rs12188947	chr5	82744401	82744800	17_EnhW2	2284
chr5	82742900	82742901	rs10076654	chr5	82744401	82744800	17_EnhW2	1501
chr5	82744471	82744472	rs924584	chr5	82744401	82744800	17_EnhW2	0
chr5	82744560	82744561	rs10064429	chr5	82744401	82744800	17_EnhW2	0
chr5	82746867	82746868	rs1501646	chr5	82746401	82747000	17_EnhW2	0
chr5	82747764	82747765	rs11746897	chr5	82746401	82747000	17_EnhW2	765
chr5	82748235	82748236	rs33596	chr5	82746401	82747000	17_EnhW2	1236
chr5	82750379	82750380	rs70973401	chr5	82746401	82747000	17_EnhW2	3380
chr5	82751306	82751307	rs12152797	chr5	82746401	82747000	17_EnhW2	4307
chr5	82751488	82751489	rs1096644	chr5	82746401	82747000	17_EnhW2	4489
chr5	82752133	82752134	rs7711739	chr5	82746401	82747000	17_EnhW2	5134
chr5	82752327	82752328	rs7731805	chr5	82746401	82747000	17_EnhW2	5328
chr5	82752393	82752394	rs7711932	chr5	82746401	82747000	17_EnhW2	5394
chr5	82752625	82752626	rs854515	chr5	82746401	82747000	17_EnhW2	5626
chr5	82753401	82753402	rs831928	chr5	82746401	82747000	17_EnhW2	6402
chr5	82754648	82754649	rs10044001	chr5	82760001	82760400	16_EnhW1	5353
chr5	82757577	82757578	rs150514579	chr5	82760001	82760400	16_EnhW1	2424
chr5	82758946	82758947	rs256461	chr5	82760001	82760400	16_EnhW1	1055
chr5	82759149	82759150	rs370928809	chr5	82760001	82760400	16_EnhW1	852
chr5	82759225	82759226	rs11958014	chr5	82760001	82760400	16_EnhW1	776
chr5	82759263	82759264	rs11958020	chr5	82760001	82760400	16_EnhW1	738
chr5	82759268	82759269	rs11957995	chr5	82760001	82760400	16_EnhW1	733
chr5	82759449	82759450	rs58105771	chr5	82760001	82760400	16_EnhW1	552
chr5	82759453	82759454	rs71578881	chr5	82760001	82760400	16_EnhW1	548
chr5	82759488	82759489	rs36170760	chr5	82760001	82760400	16_EnhW1	513
chr5	82759492	82759493	rs36152572	chr5	82760001	82760400	16_EnhW1	509
chr5	82759587	82759588	rs256460	chr5	82760001	82760400	16_EnhW1	414
chr5	82760016	82760017	rs28296	chr5	82760001	82760400	16_EnhW1	0
chr5	82762813	82762814	rs34656568	chr5	82760401	82766200	17_EnhW2	0
chr5	82764054	82764055	rs33610	chr5	82760401	82766200	17_EnhW2	0
chr5	82767200	82767201	rs33609	chr5	82766201	82766600	16_EnhW1	601
chr5	82768090	82768091	rs5869180	chr5	82766201	82766600	16_EnhW1	1491
chr5	82768213	82768214	rs962066	chr5	82766201	82766600	16_EnhW1	1614
chr5	82768987	82768988	rs13160511	chr5	82771001	82772600	13_EnhA1	2014
chr5	82770557	82770558	rs11746859	chr5	82771001	82772600	13_EnhA1	444
chr5	82770922	82770923	rs35194537	chr5	82771001	82772600	13_EnhA1	79
chr5	82771382	82771383	rs994004	chr5	82771001	82772600	13_EnhA1	0
chr5	82772503	82772504	rs33603	chr5	82771001	82772600	13_EnhA1	0
chr5	82772603	82772604	rs33602	chr5	82772601	82772800	15_EnhAF	0
chr5	82773174	82773175	rs33601	chr5	82772801	82773400	17_EnhW2	0
chr5	82774903	82774904	rs33599	chr5	82772801	82773400	17_EnhW2	1504
chr5	82776300	82776301	rs6867396	chr5	82772801	82773400	17_EnhW2	2901
chr5	82778211	82778212	rs34503709	chr5	82772801	82773400	17_EnhW2	4812
chr5	82778256	82778257	rs868195	chr5	82772801	82773400	17_EnhW2	4857
chr5	82778651	82778652	rs884570	chr5	82772801	82773400	17_EnhW2	5252
chr5	82779012	82779013	rs1867667	chr5	82772801	82773400	17_EnhW2	5613
chr5	82781222	82781223	rs141568442	chr5	82772801	82773400	17_EnhW2	7823
chr5	82781288	82781289	rs10942331	chr5	82772801	82773400	17_EnhW2	7889
chr5	82782033	82782034	rs10045126	chr5	82772801	82773400	17_EnhW2	8634
chr5	82782529	82782530	rs11749904	chr5	82772801	82773400	17_EnhW2	9130
chr5	82782999	82783000	rs13189086	chr5	82772801	82773400	17_EnhW2	9600
chr5	82783907	82783908	rs10043829	chr5	82772801	82773400	17_EnhW2	10508
chr5	82785740	82785741	rs4339334	chr5	82772801	82773400	17_EnhW2	12341
chr5	82786193	82786194	rs12332199	chr5	82772801	82773400	17_EnhW2	12794
chr5	82786548	82786549	rs4558964	chr5	82772801	82773400	17_EnhW2	13149
chr5	82787950	82787951	rs13167610	chr5	82772801	82773400	17_EnhW2	14551
chr5	82789646	82789647	rs4470745	chr5	82772801	82773400	17_EnhW2	16247
chr5	82790778	82790779	rs35447933	chr5	82772801	82773400	17_EnhW2	17379
chr5	82791813	82791814	rs7732125	chr5	82772801	82773400	17_EnhW2	18414
chr5	82792348	82792349	rs2292012	chr5	82772801	82773400	17_EnhW2	18949
chr5	82792624	82792625	rs2292013	chr5	82772801	82773400	17_EnhW2	19225
chr5	82794270	82794271	rs2652107	chr5	82772801	82773400	17_EnhW2	20871
chr5	82801724	82801725	rs35483733	chr5	82772801	82773400	17_EnhW2	28325
chr5	82802028	82802029	rs4703569	chr5	82772801	82773400	17_EnhW2	28629
chr5	82802344	82802345	rs144177564	chr5	82772801	82773400	17_EnhW2	28945
chr5	82806971	82806972	rs10473874	chr5	82772801	82773400	17_EnhW2	33572
chr5	82807258	82807259	rs6452541	chr5	82772801	82773400	17_EnhW2	33859
chr5	82807388	82807389	rs72771206	chr5	82772801	82773400	17_EnhW2	33989
chr5	82807391	82807392	rs73146700	chr5	82772801	82773400	17_EnhW2	33992
chr5	82810713	82810714	rs160380	chr5	82772801	82773400	17_EnhW2	37314
chr5	82811499	82811500	rs173686	chr5	82772801	82773400	17_EnhW2	38100
chr5	82811832	82811833	rs160183	chr5	82772801	82773400	17_EnhW2	38433
chr5	82812019	82812020	rs308360	chr5	82772801	82773400	17_EnhW2	38620
chr5	82812441	82812442	rs308359	chr5	82772801	82773400	17_EnhW2	39042
chr5	82819184	82819185	rs2541312	chr5	82772801	82773400	17_EnhW2	45785
chr5	82819224	82819225	rs5869183	chr5	82772801	82773400	17_EnhW2	45825
chr5	82821793	82821794	rs308361	chr5	82772801	82773400	17_EnhW2	48394
chr5	82822036	82822037	rs160184	chr5	82772801	82773400	17_EnhW2	48637
chr5	82826555	82826556	rs7732237	chr5	82772801	82773400	17_EnhW2	53156
chr5	82826632	82826633	rs13184707	chr5	82772801	82773400	17_EnhW2	53233
chr5	82829384	82829385	rs149529	chr5	82772801	82773400	17_EnhW2	55985
chr5	82830307	82830308	rs309561	chr5	82772801	82773400	17_EnhW2	56908
chr5	82831420	82831421	rs6452542	chr5	82772801	82773400	17_EnhW2	58021
chr5	82833390	82833391	rs16900528	chr5	82772801	82773400	17_EnhW2	59991
chr5	82834298	82834299	rs188703	chr5	82772801	82773400	17_EnhW2	60899
chr5	82837630	82837631	rs160277	chr5	82900001	82900400	17_EnhW2	62371
chr5	82840258	82840259	rs309556	chr5	82900001	82900400	17_EnhW2	59743
chr5	82840632	82840633	rs309555	chr5	82900001	82900400	17_EnhW2	59369
chr5	82841475	82841476	rs695103	chr5	82900001	82900400	17_EnhW2	58526
chr5	82843608	82843609	rs7728751	chr5	82900001	82900400	17_EnhW2	56393
chr5	82844727	82844728	rs309596	chr5	82900001	82900400	17_EnhW2	55274
chr5	82847245	82847246	rs177930	chr5	82900001	82900400	17_EnhW2	52756
chr5	82847714	82847715	rs141455341	chr5	82900001	82900400	17_EnhW2	52287
chr5	82848323	82848324	rs17205951	chr5	82900001	82900400	17_EnhW2	51678
chr5	82848580	82848581	rs309593	chr5	82900001	82900400	17_EnhW2	51421
chr5	82848629	82848630	rs309592	chr5	82900001	82900400	17_EnhW2	51372
chr5	82848640	82848641	rs78248083	chr5	82900001	82900400	17_EnhW2	51361
chr5	82848641	82848642	rs3797782	chr5	82900001	82900400	17_EnhW2	51360
chr5	82849560	82849561	rs3852187	chr5	82900001	82900400	17_EnhW2	50441
chr5	82849674	82849675	rs309591	chr5	82900001	82900400	17_EnhW2	50327
chr5	82849972	82849973	rs309589	chr5	82900001	82900400	17_EnhW2	50029
chr5	82850441	82850442	rs2290671	chr5	82900001	82900400	17_EnhW2	49560
chr5	82850630	82850631	rs2290673	chr5	82900001	82900400	17_EnhW2	49371
chr5	82852151	82852152	rs7709777	chr5	82900001	82900400	17_EnhW2	47850
chr5	82852513	82852514	rs61523168	chr5	82900001	82900400	17_EnhW2	47488
chr5	82852522	82852523	rs7710707	chr5	82900001	82900400	17_EnhW2	47479
chr5	82852577	82852578	rs309588	chr5	82900001	82900400	17_EnhW2	47424
chr5	82852907	82852908	rs12520543	chr5	82900001	82900400	17_EnhW2	47094
chr5	82853208	82853209	rs310528	chr5	82900001	82900400	17_EnhW2	46793
chr5	82854823	82854824	rs3911457	chr5	82900001	82900400	17_EnhW2	45178
chr5	82855249	82855250	rs76545139	chr5	82900001	82900400	17_EnhW2	44752
chr5	82856518	82856519	rs309587	chr5	82900001	82900400	17_EnhW2	43483
chr5	82856712	82856713	rs3931702	chr5	82900001	82900400	17_EnhW2	43289
chr5	82857499	82857500	rs78483393	chr5	82900001	82900400	17_EnhW2	42502
chr5	82857869	82857870	rs7733216	chr5	82900001	82900400	17_EnhW2	42132
chr5	82858013	82858014	rs3852188	chr5	82900001	82900400	17_EnhW2	41988
chr5	82858046	82858047	rs309586	chr5	82900001	82900400	17_EnhW2	41955
chr5	82858131	82858132	rs160285	chr5	82900001	82900400	17_EnhW2	41870
chr5	82858667	82858668	rs2308224	chr5	82900001	82900400	17_EnhW2	41334
chr5	82858827	82858828	rs12653308	chr5	82900001	82900400	17_EnhW2	41174
chr5	82859064	82859065	rs17205972	chr5	82900001	82900400	17_EnhW2	40937
chr5	82859484	82859485	rs160283	chr5	82900001	82900400	17_EnhW2	40517
chr5	82859720	82859721	rs160282	chr5	82900001	82900400	17_EnhW2	40281
chr5	82860024	82860025	rs10052710	chr5	82900001	82900400	17_EnhW2	39977
chr5	82860347	82860348	rs13176921	chr5	82900001	82900400	17_EnhW2	39654
chr5	82860379	82860380	rs17205986	chr5	82900001	82900400	17_EnhW2	39622
chr5	82860484	82860485	rs67827860	chr5	82900001	82900400	17_EnhW2	39517
chr5	82860498	82860499	rs66852704	chr5	82900001	82900400	17_EnhW2	39503
chr5	82861250	82861251	rs72284621	chr5	82900001	82900400	17_EnhW2	38751
chr5	82861290	82861291	rs115416593	chr5	82900001	82900400	17_EnhW2	38711
chr5	82861399	82861400	rs13164785	chr5	82900001	82900400	17_EnhW2	38602
chr5	82862327	82862328	rs35544841	chr5	82900001	82900400	17_EnhW2	37674
chr5	82862918	82862919	rs160280	chr5	82900001	82900400	17_EnhW2	37083
chr5	82863335	82863336	rs34953090	chr5	82900001	82900400	17_EnhW2	36666
chr5	82863942	82863943	rs2308227	chr5	82900001	82900400	17_EnhW2	36059
chr5	82866075	82866076	rs17284524	chr5	82900001	82900400	17_EnhW2	33926
chr5	82868611	82868612	rs17205993	chr5	82900001	82900400	17_EnhW2	31390
chr5	82868804	82868805	rs71638255	chr5	82900001	82900400	17_EnhW2	31197
chr5	82869257	82869258	rs309584	chr5	82900001	82900400	17_EnhW2	30744
chr5	82870210	82870211	rs13164259	chr5	82900001	82900400	17_EnhW2	29791
chr5	82871756	82871757	rs10514258	chr5	82900001	82900400	17_EnhW2	28245
chr5	82872045	82872046	rs13156831	chr5	82900001	82900400	17_EnhW2	27956
chr5	82875071	82875072	rs145032657	chr5	82900001	82900400	17_EnhW2	24930
chr5	82877853	82877854	rs1050948	chr5	82900001	82900400	17_EnhW2	22148
chr5	82878220	82878221	rs13178671	chr5	82900001	82900400	17_EnhW2	21781
chr5	82879313	82879314	rs60404475	chr5	82900001	82900400	17_EnhW2	20688
chr5	82880397	82880398	rs71638257	chr5	82900001	82900400	17_EnhW2	19604
chr5	82880700	82880701	rs7737921	chr5	82900001	82900400	17_EnhW2	19301
chr5	82884560	82884561	rs310521	chr5	82900001	82900400	17_EnhW2	15441
chr5	82885714	82885715	rs3864258	chr5	82900001	82900400	17_EnhW2	14287
chr5	82885780	82885781	rs77451124	chr5	82900001	82900400	17_EnhW2	14221
chr5	82886626	82886627	rs13166630	chr5	82900001	82900400	17_EnhW2	13375
chr5	82887420	82887421	rs35896134	chr5	82900001	82900400	17_EnhW2	12581
chr5	82887592	82887593	rs485075	chr5	82900001	82900400	17_EnhW2	12409
chr5	82887608	82887609	rs7719247	chr5	82900001	82900400	17_EnhW2	12393
chr5	82888455	82888456	rs34027924	chr5	82900001	82900400	17_EnhW2	11546
chr5	82889468	82889469	rs619310	chr5	82900001	82900400	17_EnhW2	10533
chr5	82889683	82889684	rs35382686	chr5	82900001	82900400	17_EnhW2	10318
chr5	82890291	82890292	rs35040911	chr5	82900001	82900400	17_EnhW2	9710
chr5	82891304	82891305	rs76738717	chr5	82900001	82900400	17_EnhW2	8697
chr5	82892658	82892659	rs34269673	chr5	82900001	82900400	17_EnhW2	7343
chr5	82893136	82893137	rs7702540	chr5	82900001	82900400	17_EnhW2	6865
chr5	82893293	82893294	rs7702453	chr5	82900001	82900400	17_EnhW2	6708
chr5	82893506	82893507	rs62362863	chr5	82900001	82900400	17_EnhW2	6495
chr5	82893979	82893980	rs6866960	chr5	82900001	82900400	17_EnhW2	6022
chr5	82894698	82894699	rs62362864	chr5	82900001	82900400	17_EnhW2	5303
chr5	82895160	82895161	rs11950131	chr5	82900001	82900400	17_EnhW2	4841
chr5	82895353	82895354	rs11950137	chr5	82900001	82900400	17_EnhW2	4648
chr5	82895750	82895751	rs13166573	chr5	82900001	82900400	17_EnhW2	4251
chr5	82896633	82896634	rs71605862	chr5	82900001	82900400	17_EnhW2	3368
chr5	82896643	82896644	rs541815165	chr5	82900001	82900400	17_EnhW2	3358
chr5	82896855	82896856	rs62362865	chr5	82900001	82900400	17_EnhW2	3146
chr5	82897007	82897008	rs10074448	chr5	82900001	82900400	17_EnhW2	2994
chr5	82897702	82897703	rs309567	chr5	82900001	82900400	17_EnhW2	2299
chr5	82897933	82897934	rs6858899	chr5	82900001	82900400	17_EnhW2	2068
chr5	82897938	82897939	rs6859350	chr5	82900001	82900400	17_EnhW2	2063
chr5	82898338	82898339	rs309571	chr5	82900001	82900400	17_EnhW2	1663
chr5	82899518	82899519	rs6866212	chr5	82900001	82900400	17_EnhW2	483
chr5	82899584	82899585	rs6866362	chr5	82900001	82900400	17_EnhW2	417
chr5	82899728	82899729	rs11952531	chr5	82900001	82900400	17_EnhW2	273
chr5	82900134	82900135	rs6871122	chr5	82900001	82900400	17_EnhW2	0
chr5	82900355	82900356	rs6892736	chr5	82900001	82900400	17_EnhW2	0
chr5	82900920	82900921	rs9283782	chr5	82900001	82900400	17_EnhW2	521
chr5	82902994	82902995	rs11952577	chr5	82900001	82900400	17_EnhW2	2595
chr5	82903216	82903217	rs6888088	chr5	82900001	82900400	17_EnhW2	2817
chr5	82904974	82904975	rs11960908	chr5	82900001	82900400	17_EnhW2	4575
chr5	82905482	82905483	rs13153755	chr5	82900001	82900400	17_EnhW2	5083
chr5	82906820	82906821	rs34059159	chr5	82900001	82900400	17_EnhW2	6421
chr5	82907180	82907181	rs4532345	chr5	82900001	82900400	17_EnhW2	6781
chr5	82907739	82907740	rs13164380	chr5	82900001	82900400	17_EnhW2	7340
chr5	82908839	82908840	rs9637813	chr5	82900001	82900400	17_EnhW2	8440
chr5	82910889	82910890	rs62362898	chr5	82900001	82900400	17_EnhW2	10490
chr5	82912487	82912488	rs1598725	chr5	82900001	82900400	17_EnhW2	12088
chr5	82913388	82913389	rs4266381	chr5	82925601	82925800	17_EnhW2	12213
chr5	82913460	82913461	rs10060847	chr5	82925601	82925800	17_EnhW2	12141
chr5	82913474	82913475	rs4492093	chr5	82925601	82925800	17_EnhW2	12127
chr5	82913485	82913486	rs7447467	chr5	82925601	82925800	17_EnhW2	12116
chr5	82913504	82913505	rs544697	chr5	82925601	82925800	17_EnhW2	12097
chr5	82913541	82913542	rs543939	chr5	82925601	82925800	17_EnhW2	12060
chr5	82913558	82913559	rs652148	chr5	82925601	82925800	17_EnhW2	12043
chr5	82913578	82913579	rs543855	chr5	82925601	82925800	17_EnhW2	12023
chr5	82914055	82914056	rs539434	chr5	82925601	82925800	17_EnhW2	11546
chr5	82914279	82914280	rs648882	chr5	82925601	82925800	17_EnhW2	11322
chr5	82914563	82914564	rs336945	chr5	82925601	82925800	17_EnhW2	11038
chr5	82914622	82914623	rs336944	chr5	82925601	82925800	17_EnhW2	10979
chr5	82914663	82914664	rs7732658	chr5	82925601	82925800	17_EnhW2	10938
chr5	82915890	82915891	rs62362900	chr5	82925601	82925800	17_EnhW2	9711
chr5	82916228	82916229	rs34116757	chr5	82925601	82925800	17_EnhW2	9373
chr5	82916625	82916626	rs35087492	chr5	82925601	82925800	17_EnhW2	8976
chr5	82919163	82919164	rs145903567	chr5	82925601	82925800	17_EnhW2	6438
chr5	82922159	82922160	rs35333770	chr5	82925601	82925800	17_EnhW2	3442
chr5	82922894	82922895	rs66474919	chr5	82925601	82925800	17_EnhW2	2707
chr5	82922900	82922901	rs201342663	chr5	82925601	82925800	17_EnhW2	2701
chr5	82923465	82923466	rs17284559	chr5	82925601	82925800	17_EnhW2	2136
chr5	82927640	82927641	rs35187269	chr5	82925601	82925800	17_EnhW2	1841
chr5	82929478	82929479	rs35430475	chr5	82925601	82925800	17_EnhW2	3679
chr5	82929575	82929576	rs17284573	chr5	82925601	82925800	17_EnhW2	3776
chr5	82931383	82931384	rs17206055	chr5	82925601	82925800	17_EnhW2	5584
chr5	82934244	82934245	rs1345419	chr5	82937601	82937800	17_EnhW2	3357
chr5	82935095	82935096	rs7731588	chr5	82937601	82937800	17_EnhW2	2506
chr5	82935600	82935601	rs17206075	chr5	82937601	82937800	17_EnhW2	2001
chr5	82936266	82936267	rs336969	chr5	82937601	82937800	17_EnhW2	1335
chr5	82939809	82939810	rs17284587	chr5	82937601	82937800	17_EnhW2	2010
chr5	82940505	82940506	rs41271133	chr5	82937601	82937800	17_EnhW2	2706
chr5	82945290	82945291	rs138395205	chr5	82949601	82949800	17_EnhW2	4311
chr5	82947826	82947827	rs336970	chr5	82949601	82949800	17_EnhW2	1775
chr5	82948215	82948216	rs2045380	chr5	82949601	82949800	17_EnhW2	1386
chr5	82954721	82954722	rs78095588	chr5	82952401	82952600	17_EnhW2	2122
chr5	82974670	82974671	rs17284622	chr5	82970001	82970800	17_EnhW2	3871
chr5	82991069	82991070	rs34456333	chr5	82992001	82992800	17_EnhW2	932
chr5	83006109	83006110	rs13156341	chr5	83010401	83012600	17_EnhW2	4292
chr5	89252601	89252602	rs10068046	chr5	89247401	89247600	17_EnhW2	5002
chr5	89255806	89255807	rs34938199	chr5	89247401	89247600	17_EnhW2	8207
chr5	89265957	89265958	rs13362216	chr5	89278801	89279600	17_EnhW2	12844
chr5	89273888	89273889	rs13163788	chr5	89278801	89279600	17_EnhW2	4913
chr5	89276485	89276486	rs10474312	chr5	89278801	89279600	17_EnhW2	2316
chr5	89279259	89279260	rs10044667	chr5	89278801	89279600	17_EnhW2	0
chr5	89283695	89283696	rs113724526	chr5	89283001	89285200	17_EnhW2	0
chr5	89287149	89287150	rs749896	chr5	89283001	89285200	17_EnhW2	1950
chr5	89290750	89290751	rs6862722	chr5	89294601	89295000	17_EnhW2	3851
chr5	89295285	89295286	rs4019723	chr5	89294601	89295000	17_EnhW2	286
chr5	89295287	89295288	rs4019724	chr5	89294601	89295000	17_EnhW2	288
chr5	89295289	89295290	rs151326760	chr5	89294601	89295000	17_EnhW2	290
chr5	89298420	89298421	rs34611734	chr5	89298001	89298200	17_EnhW2	221
chr5	89299646	89299647	rs4533921	chr5	89298001	89298200	17_EnhW2	1447
chr5	89300835	89300836	rs2113047	chr5	89298001	89298200	17_EnhW2	2636
chr5	89312955	89312956	rs889293	chr5	89311801	89313400	17_EnhW2	0
chr5	89318625	89318626	rs1645410	chr5	89311801	89313400	17_EnhW2	5226
chr5	89318896	89318897	rs11949266	chr5	89311801	89313400	17_EnhW2	5497
chr5	89318917	89318918	rs11958926	chr5	89311801	89313400	17_EnhW2	5518
chr5	89319026	89319027	rs11958908	chr5	89311801	89313400	17_EnhW2	5627
chr5	89319484	89319485	rs10942581	chr5	89311801	89313400	17_EnhW2	6085
chr5	89326852	89326853	rs157310	chr5	89311801	89313400	17_EnhW2	13453
chr5	89328387	89328388	rs157312	chr5	89311801	89313400	17_EnhW2	14988
chr5	89328936	89328937	rs154196	chr5	89311801	89313400	17_EnhW2	15537
chr5	89330110	89330111	rs157313	chr5	89311801	89313400	17_EnhW2	16711
chr5	89332639	89332640	rs157567	chr5	89351401	89351600	17_EnhW2	18762
chr5	89332723	89332724	rs157568	chr5	89351401	89351600	17_EnhW2	18678
chr5	89332939	89332940	rs157569	chr5	89351401	89351600	17_EnhW2	18462
chr5	89334358	89334359	rs157570	chr5	89351401	89351600	17_EnhW2	17043
chr5	89335472	89335473	rs256521	chr5	89351401	89351600	17_EnhW2	15929
chr5	89337359	89337360	rs157314	chr5	89351401	89351600	17_EnhW2	14042
chr5	89343357	89343358	rs42406	chr5	89351401	89351600	17_EnhW2	8044
chr5	89344941	89344942	rs30713	chr5	89351401	89351600	17_EnhW2	6460
chr5	89350812	89350813	rs157308	chr5	89351401	89351600	17_EnhW2	589
chr5	89351224	89351225	rs157307	chr5	89351401	89351600	17_EnhW2	177
chr5	89351874	89351875	rs157305	chr5	89351601	89352200	14_EnhA2	0
chr5	89356716	89356717	rs144742699	chr5	89353001	89353200	17_EnhW2	3517
chr5	89357158	89357159	rs818939	chr5	89353001	89353200	17_EnhW2	3959
chr5	89358453	89358454	rs204044	chr5	89353001	89353200	17_EnhW2	5254
chr5	89359263	89359264	rs280668	chr5	89353001	89353200	17_EnhW2	6064
chr5	89359494	89359495	rs169445	chr5	89353001	89353200	17_EnhW2	6295
chr5	89364318	89364319	rs818944	chr5	89353001	89353200	17_EnhW2	11119
chr5	89365794	89365795	rs2910772	chr5	89353001	89353200	17_EnhW2	12595
chr5	89366240	89366241	rs35070310	chr5	89353001	89353200	17_EnhW2	13041
chr5	89369492	89369493	rs818947	chr5	89353001	89353200	17_EnhW2	16293
chr5	89369668	89369669	rs818948	chr5	89353001	89353200	17_EnhW2	16469
chr5	89369932	89369933	rs818949	chr5	89353001	89353200	17_EnhW2	16733
chr5	89371952	89371953	rs1093717	chr5	89353001	89353200	17_EnhW2	18753
chr5	89373700	89373701	rs1093725	chr5	89353001	89353200	17_EnhW2	20501
chr5	89374897	89374898	rs70999467	chr5	89353001	89353200	17_EnhW2	21698
chr5	89375537	89375538	rs56526029	chr5	89353001	89353200	17_EnhW2	22338
chr5	89375802	89375803	rs60820360	chr5	89353001	89353200	17_EnhW2	22603
chr5	89375990	89375991	rs256517	chr5	89353001	89353200	17_EnhW2	22791
chr5	89376070	89376071	rs256518	chr5	89353001	89353200	17_EnhW2	22871
chr5	89379593	89379594	rs157565	chr5	89353001	89353200	17_EnhW2	26394
chr5	89381102	89381103	rs157564	chr5	89408001	89408600	17_EnhW2	26899
chr5	89381790	89381791	rs192283	chr5	89408001	89408600	17_EnhW2	26211
chr5	89382502	89382503	rs157563	chr5	89408001	89408600	17_EnhW2	25499
chr5	89383558	89383559	rs157562	chr5	89408001	89408600	17_EnhW2	24443
chr5	89384953	89384954	rs157561	chr5	89408001	89408600	17_EnhW2	23048
chr5	89385921	89385922	rs35216290	chr5	89408001	89408600	17_EnhW2	22080
chr5	89388050	89388051	rs157560	chr5	89408001	89408600	17_EnhW2	19951
chr5	89389258	89389259	rs157559	chr5	89408001	89408600	17_EnhW2	18743
chr5	89389285	89389286	rs157558	chr5	89408001	89408600	17_EnhW2	18716
chr5	89390757	89390758	rs34154101	chr5	89408001	89408600	17_EnhW2	17244
chr5	89391358	89391359	rs154193	chr5	89408001	89408600	17_EnhW2	16643
chr5	89392661	89392662	rs176107	chr5	89408001	89408600	17_EnhW2	15340
chr5	89393314	89393315	rs150133	chr5	89408001	89408600	17_EnhW2	14687
chr5	89393814	89393815	rs2652732	chr5	89408001	89408600	17_EnhW2	14187
chr5	89396953	89396954	rs256509	chr5	89408001	89408600	17_EnhW2	11048
chr5	89397135	89397136	rs187670	chr5	89408001	89408600	17_EnhW2	10866
chr5	89397591	89397592	rs1611867	chr5	89408001	89408600	17_EnhW2	10410
chr5	89397891	89397892	rs1645407	chr5	89408001	89408600	17_EnhW2	10110
chr5	89398644	89398645	rs1645406	chr5	89408001	89408600	17_EnhW2	9357
chr5	89399329	89399330	rs1698135	chr5	89408001	89408600	17_EnhW2	8672
chr5	89400052	89400053	rs2262969	chr5	89408001	89408600	17_EnhW2	7949
chr5	89400263	89400264	rs2366202	chr5	89408001	89408600	17_EnhW2	7738
chr5	89404331	89404332	rs1698137	chr5	89408001	89408600	17_EnhW2	3670
chr5	89404901	89404902	rs924628	chr5	89408001	89408600	17_EnhW2	3100
chr5	89405017	89405018	rs924627	chr5	89408001	89408600	17_EnhW2	2984
chr5	89405089	89405090	rs1698138	chr5	89408001	89408600	17_EnhW2	2912
chr5	89405979	89405980	rs1698139	chr5	89408001	89408600	17_EnhW2	2022
chr5	89406491	89406492	rs1596431	chr5	89408001	89408600	17_EnhW2	1510
chr5	89407916	89407917	rs1645412	chr5	89408001	89408600	17_EnhW2	85
chr5	116543529	116543530	rs1021515	chr5	116542601	116543600	17_EnhW2	0
chr5	116543899	116543900	rs2132049	chr5	116542601	116543600	17_EnhW2	300
chr5	116544171	116544172	rs1021516	chr5	116542601	116543600	17_EnhW2	572
chr5	116544884	116544885	rs2416462	chr5	116542601	116543600	17_EnhW2	1285
chr5	116545109	116545110	rs2172793	chr5	116542601	116543600	17_EnhW2	1510
chr5	116545375	116545376	rs35301381	chr5	116542601	116543600	17_EnhW2	1776
chr5	116545904	116545905	rs2132050	chr5	116542601	116543600	17_EnhW2	2305
chr5	116546045	116546046	rs1494818	chr5	116542601	116543600	17_EnhW2	2446
chr5	116546191	116546192	rs10478336	chr5	116542601	116543600	17_EnhW2	2592
chr5	116548029	116548030	rs10478337	chr5	116542601	116543600	17_EnhW2	4430
chr5	116548521	116548522	rs34421802	chr5	116553401	116553800	16_EnhW1	4880
chr5	116548709	116548710	rs34199913	chr5	116553401	116553800	16_EnhW1	4692
chr5	116548763	116548764	rs35665078	chr5	116553401	116553800	16_EnhW1	4638
chr5	116549309	116549310	rs6870246	chr5	116553401	116553800	16_EnhW1	4092
chr5	116549322	116549323	rs6891356	chr5	116553401	116553800	16_EnhW1	4079
chr5	116549627	116549628	rs7710974	chr5	116553401	116553800	16_EnhW1	3774
chr5	116549668	116549669	rs7710998	chr5	116553401	116553800	16_EnhW1	3733
chr5	116549780	116549781	rs6595018	chr5	116553401	116553800	16_EnhW1	3621
chr5	116550156	116550157	rs6875387	chr5	116553401	116553800	16_EnhW1	3245
chr5	116550377	116550378	rs72810595	chr5	116553401	116553800	16_EnhW1	3024
chr5	116550389	116550390	rs55813945	chr5	116553401	116553800	16_EnhW1	3012
chr5	116551076	116551077	rs7702997	chr5	116553401	116553800	16_EnhW1	2325
chr5	116551107	116551108	rs6595019	chr5	116553401	116553800	16_EnhW1	2294
chr5	116551116	116551117	rs7703141	chr5	116553401	116553800	16_EnhW1	2285
chr5	116551132	116551133	rs6595020	chr5	116553401	116553800	16_EnhW1	2269
chr5	116551298	116551299	rs6862441	chr5	116553401	116553800	16_EnhW1	2103
chr5	116551686	116551687	rs10080021	chr5	116553401	116553800	16_EnhW1	1715
chr5	116553559	116553560	rs7714476	chr5	116553401	116553800	16_EnhW1	0
chr5	116553844	116553845	rs7732638	chr5	116553401	116553800	16_EnhW1	45
chr5	116554419	116554420	rs11957082	chr5	116553401	116553800	16_EnhW1	620
chr5	116555321	116555322	rs7714567	chr5	116553401	116553800	16_EnhW1	1522
chr5	116555467	116555468	rs13182834	chr5	116553401	116553800	16_EnhW1	1668
chr5	116556735	116556736	rs6880750	chr5	116553401	116553800	16_EnhW1	2936
chr5	116556964	116556965	rs34222564	chr5	116553401	116553800	16_EnhW1	3165
chr5	116557385	116557386	rs60269947	chr5	116553401	116553800	16_EnhW1	3586
chr5	116557447	116557448	rs34498712	chr5	116553401	116553800	16_EnhW1	3648
chr5	116559026	116559027	rs6896717	chr5	116553401	116553800	16_EnhW1	5227
chr5	116559189	116559190	rs34073139	chr5	116553401	116553800	16_EnhW1	5390
chr5	116559473	116559474	rs13166367	chr5	116553401	116553800	16_EnhW1	5674
chr5	116559558	116559559	rs13166551	chr5	116553401	116553800	16_EnhW1	5759
chr5	116559857	116559858	rs10078831	chr5	116553401	116553800	16_EnhW1	6058
chr5	116560325	116560326	rs6862491	chr5	116553401	116553800	16_EnhW1	6526
chr5	116560570	116560571	rs6883907	chr5	116553401	116553800	16_EnhW1	6771
chr5	116561179	116561180	rs7708282	chr5	116553401	116553800	16_EnhW1	7380
chr5	116561309	116561310	rs7708469	chr5	116553401	116553800	16_EnhW1	7510
chr5	116561409	116561410	rs7708755	chr5	116553401	116553800	16_EnhW1	7610
chr5	116561652	116561653	rs6868327	chr5	116553401	116553800	16_EnhW1	7853
chr5	116562313	116562314	rs55811933	chr5	116553401	116553800	16_EnhW1	8514
chr5	116562481	116562482	rs2132052	chr5	116553401	116553800	16_EnhW1	8682
chr5	116562842	116562843	rs6595021	chr5	116553401	116553800	16_EnhW1	9043
chr5	116562897	116562898	rs6595022	chr5	116553401	116553800	16_EnhW1	9098
chr5	116563076	116563077	rs6595023	chr5	116553401	116553800	16_EnhW1	9277
chr5	116563342	116563343	rs7719454	chr5	116553401	116553800	16_EnhW1	9543
chr5	116563493	116563494	rs7719768	chr5	116553401	116553800	16_EnhW1	9694
chr5	116563710	116563711	rs7719701	chr5	116553401	116553800	16_EnhW1	9911
chr5	116563896	116563897	rs6880242	chr5	116553401	116553800	16_EnhW1	10097
chr5	116563915	116563916	rs6880390	chr5	116553401	116553800	16_EnhW1	10116
chr5	116564144	116564145	rs34579775	chr5	116553401	116553800	16_EnhW1	10345
chr5	116564163	116564164	rs6884472	chr5	116553401	116553800	16_EnhW1	10364
chr5	116564464	116564465	rs13155243	chr5	116553401	116553800	16_EnhW1	10665
chr5	116564473	116564474	rs13175206	chr5	116553401	116553800	16_EnhW1	10674
chr5	116565408	116565409	rs6860917	chr5	116553401	116553800	16_EnhW1	11609
chr5	116565504	116565505	rs35068519	chr5	116553401	116553800	16_EnhW1	11705
chr5	116565787	116565788	rs11285359	chr5	116553401	116553800	16_EnhW1	11988
chr5	116566122	116566123	rs60459961	chr5	116553401	116553800	16_EnhW1	12323
chr5	116566835	116566836	rs868720	chr5	116553401	116553800	16_EnhW1	13036
chr5	116567905	116567906	rs35007504	chr5	116553401	116553800	16_EnhW1	14106
chr5	116569180	116569181	rs1826693	chr5	116553401	116553800	16_EnhW1	15381
chr5	116569456	116569457	rs6864669	chr5	116553401	116553800	16_EnhW1	15657
chr5	116573603	116573604	rs7727066	chr5	116588601	116588800	17_EnhW2	14998
chr5	116574174	116574175	rs12719225	chr5	116588601	116588800	17_EnhW2	14427
chr5	116577730	116577731	rs10037418	chr5	116588601	116588800	17_EnhW2	10871
chr5	116577834	116577835	rs10040337	chr5	116588601	116588800	17_EnhW2	10767
chr5	116581840	116581841	rs10073120	chr5	116588601	116588800	17_EnhW2	6761
chr5	116581875	116581876	rs10073125	chr5	116588601	116588800	17_EnhW2	6726
chr5	116585560	116585561	rs4642406	chr5	116588601	116588800	17_EnhW2	3041
chr5	116585606	116585607	rs34711170	chr5	116588601	116588800	17_EnhW2	2995
chr5	116587078	116587079	rs7734609	chr5	116588601	116588800	17_EnhW2	1523
chr5	116587195	116587196	rs56020309	chr5	116588601	116588800	17_EnhW2	1406
chr5	116587679	116587680	rs7735582	chr5	116588601	116588800	17_EnhW2	922
chr5	116588232	116588233	rs1494820	chr5	116588601	116588800	17_EnhW2	369
chr5	116588473	116588474	rs13170803	chr5	116588601	116588800	17_EnhW2	128
chr5	116588729	116588730	rs13171356	chr5	116588601	116588800	17_EnhW2	0
chr5	116590607	116590608	rs1494821	chr5	116591401	116592000	17_EnhW2	794
chr5	116592512	116592513	rs10066055	chr5	116591401	116592000	17_EnhW2	513
chr5	116592756	116592757	rs5870746	chr5	116591401	116592000	17_EnhW2	757
chr5	116593230	116593231	rs7447805	chr5	116591401	116592000	17_EnhW2	1231
chr5	116593362	116593363	rs66726800	chr5	116591401	116592000	17_EnhW2	1363
chr5	116594458	116594459	rs5870747	chr5	116591401	116592000	17_EnhW2	2459
chr5	116594852	116594853	rs1389934	chr5	116591401	116592000	17_EnhW2	2853
chr5	116595135	116595136	rs1389935	chr5	116591401	116592000	17_EnhW2	3136
chr5	116596526	116596527	rs5870748	chr5	116591401	116592000	17_EnhW2	4527
chr5	116596674	116596675	rs1353285	chr5	116591401	116592000	17_EnhW2	4675
chr5	116597296	116597297	rs1494823	chr5	116591401	116592000	17_EnhW2	5297
chr5	116597613	116597614	rs10035146	chr5	116591401	116592000	17_EnhW2	5614
chr5	116597647	116597648	rs35793287	chr5	116591401	116592000	17_EnhW2	5648
chr5	116597707	116597708	rs1908408	chr5	116591401	116592000	17_EnhW2	5708
chr5	116597751	116597752	rs1908409	chr5	116591401	116592000	17_EnhW2	5752
chr5	116598468	116598469	rs11295745	chr5	116591401	116592000	17_EnhW2	6469
chr5	116599525	116599526	rs10042197	chr5	116591401	116592000	17_EnhW2	7526
chr5	116600306	116600307	rs12719227	chr5	116591401	116592000	17_EnhW2	8307
chr5	116600515	116600516	rs12719228	chr5	116591401	116592000	17_EnhW2	8516
chr5	116600968	116600969	rs2416464	chr5	116591401	116592000	17_EnhW2	8969
chr5	116601590	116601591	rs56042818	chr5	116591401	116592000	17_EnhW2	9591
chr5	116602766	116602767	rs7712172	chr5	116591401	116592000	17_EnhW2	10767
chr5	116604261	116604262	rs6595025	chr5	116591401	116592000	17_EnhW2	12262
chr5	116606088	116606089	rs28636868	chr5	116591401	116592000	17_EnhW2	14089
chr5	116606407	116606408	rs149070060	chr5	116591401	116592000	17_EnhW2	14408
chr5	116606687	116606688	rs10085046	chr5	116591401	116592000	17_EnhW2	14688
chr5	116607388	116607389	rs7729749	chr5	116591401	116592000	17_EnhW2	15389
chr5	116607859	116607860	rs7730432	chr5	116591401	116592000	17_EnhW2	15860
chr5	116607978	116607979	rs6595026	chr5	116591401	116592000	17_EnhW2	15979
chr5	116608073	116608074	rs111353435	chr5	116591401	116592000	17_EnhW2	16074
chr5	116608178	116608179	rs6874362	chr5	116591401	116592000	17_EnhW2	16179
chr5	116608840	116608841	rs13184380	chr5	116591401	116592000	17_EnhW2	16841
chr5	116609584	116609585	rs34469130	chr5	116591401	116592000	17_EnhW2	17585
chr5	116610206	116610207	rs10066698	chr5	116591401	116592000	17_EnhW2	18207
chr5	116610638	116610639	rs1908411	chr5	116591401	116592000	17_EnhW2	18639
chr5	116612769	116612770	rs6595027	chr5	116632601	116633600	17_EnhW2	19832
chr5	116613896	116613897	rs13173254	chr5	116632601	116633600	17_EnhW2	18705
chr5	116614199	116614200	rs10038676	chr5	116632601	116633600	17_EnhW2	18402
chr5	116615233	116615234	rs34646717	chr5	116632601	116633600	17_EnhW2	17368
chr5	116615391	116615392	rs6884373	chr5	116632601	116633600	17_EnhW2	17210
chr5	116615617	116615618	rs34032277	chr5	116632601	116633600	17_EnhW2	16984
chr5	116615790	116615791	rs955924	chr5	116632601	116633600	17_EnhW2	16811
chr5	116615994	116615995	rs1808077	chr5	116632601	116633600	17_EnhW2	16607
chr5	116616291	116616292	rs34549429	chr5	116632601	116633600	17_EnhW2	16310
chr5	116616458	116616459	rs11955668	chr5	116632601	116633600	17_EnhW2	16143
chr5	116617232	116617233	rs2416465	chr5	116632601	116633600	17_EnhW2	15369
chr5	116617480	116617481	rs10070521	chr5	116632601	116633600	17_EnhW2	15121
chr5	116618098	116618099	rs7721890	chr5	116632601	116633600	17_EnhW2	14503
chr5	116618124	116618125	rs1494831	chr5	116632601	116633600	17_EnhW2	14477
chr5	116618946	116618947	rs12719229	chr5	116632601	116633600	17_EnhW2	13655
chr5	116618950	116618951	rs10072763	chr5	116632601	116633600	17_EnhW2	13651
chr5	116619039	116619040	rs10059254	chr5	116632601	116633600	17_EnhW2	13562
chr5	116619727	116619728	rs17141409	chr5	116632601	116633600	17_EnhW2	12874
chr5	116619935	116619936	rs7708526	chr5	116632601	116633600	17_EnhW2	12666
chr5	116620161	116620162	rs61627066	chr5	116632601	116633600	17_EnhW2	12440
chr5	116620192	116620193	rs57445981	chr5	116632601	116633600	17_EnhW2	12409
chr5	116620283	116620284	rs113855281	chr5	116632601	116633600	17_EnhW2	12318
chr5	116621377	116621378	rs1845561	chr5	116632601	116633600	17_EnhW2	11224
chr5	116622057	116622058	rs7723109	chr5	116632601	116633600	17_EnhW2	10544
chr5	116623889	116623890	rs12652528	chr5	116632601	116633600	17_EnhW2	8712
chr5	116624644	116624645	rs1494815	chr5	116632601	116633600	17_EnhW2	7957
chr5	116624981	116624982	rs7710852	chr5	116632601	116633600	17_EnhW2	7620
chr5	116625080	116625081	rs1826692	chr5	116632601	116633600	17_EnhW2	7521
chr5	116625849	116625850	rs7712165	chr5	116632601	116633600	17_EnhW2	6752
chr5	116625863	116625864	rs7732328	chr5	116632601	116633600	17_EnhW2	6738
chr5	116626106	116626107	rs7736463	chr5	116632601	116633600	17_EnhW2	6495
chr5	116626210	116626211	rs7716765	chr5	116632601	116633600	17_EnhW2	6391
chr5	116626387	116626388	rs10463690	chr5	116632601	116633600	17_EnhW2	6214
chr5	116627540	116627541	rs10463458	chr5	116632601	116633600	17_EnhW2	5061
chr5	116627714	116627715	rs6882906	chr5	116632601	116633600	17_EnhW2	4887
chr5	116628070	116628071	rs1353284	chr5	116632601	116633600	17_EnhW2	4531
chr5	116629640	116629641	rs1989034	chr5	116632601	116633600	17_EnhW2	2961
chr5	116630973	116630974	rs7701246	chr5	116632601	116633600	17_EnhW2	1628
chr5	116632097	116632098	rs10478339	chr5	116632601	116633600	17_EnhW2	504
chr5	116632206	116632207	rs2220858	chr5	116632601	116633600	17_EnhW2	395
chr5	116633606	116633607	rs2036024	chr5	116632601	116633600	17_EnhW2	7
chr5	116634020	116634021	rs1908407	chr5	116632601	116633600	17_EnhW2	421
chr5	116635240	116635241	rs1565890	chr5	116632601	116633600	17_EnhW2	1641
chr5	116635243	116635244	rs1565889	chr5	116632601	116633600	17_EnhW2	1644
chr5	116635483	116635484	rs1976282	chr5	116632601	116633600	17_EnhW2	1884
chr5	116635692	116635693	rs6595028	chr5	116632601	116633600	17_EnhW2	2093
chr5	116635789	116635790	rs7737236	chr5	116632601	116633600	17_EnhW2	2190
chr5	116635952	116635953	rs2416466	chr5	116632601	116633600	17_EnhW2	2353
chr5	116636818	116636819	rs2220859	chr5	116638601	116639200	17_EnhW2	1783
chr5	116637049	116637050	rs7708893	chr5	116638601	116639200	17_EnhW2	1552
chr5	116637137	116637138	rs11279114	chr5	116638601	116639200	17_EnhW2	1464
chr5	116637259	116637260	rs1494827	chr5	116638601	116639200	17_EnhW2	1342
chr5	116637362	116637363	rs1845562	chr5	116638601	116639200	17_EnhW2	1239
chr5	116637387	116637388	rs1494828	chr5	116638601	116639200	17_EnhW2	1214
chr5	116637430	116637431	rs5870751	chr5	116638601	116639200	17_EnhW2	1171
chr5	116637901	116637902	rs10478340	chr5	116638601	116639200	17_EnhW2	700
chr5	116637988	116637989	rs10478341	chr5	116638601	116639200	17_EnhW2	613
chr5	116638122	116638123	rs4331937	chr5	116638601	116639200	17_EnhW2	479
chr5	116638242	116638243	rs4435900	chr5	116638601	116639200	17_EnhW2	359
chr5	116638374	116638375	rs4580811	chr5	116638601	116639200	17_EnhW2	227
chr5	116638528	116638529	rs2900101	chr5	116638601	116639200	17_EnhW2	73
chr5	116639186	116639187	rs10079309	chr5	116638601	116639200	17_EnhW2	0
chr5	116639458	116639459	rs10478342	chr5	116638601	116639200	17_EnhW2	259
chr5	116639680	116639681	rs10477560	chr5	116638601	116639200	17_EnhW2	481
chr5	116640434	116640435	rs13156114	chr5	116638601	116639200	17_EnhW2	1235
chr5	116640528	116640529	rs72393033	chr5	116638601	116639200	17_EnhW2	1329
chr5	116640621	116640622	rs10074665	chr5	116638601	116639200	17_EnhW2	1422
chr5	116641122	116641123	rs10068673	chr5	116638601	116639200	17_EnhW2	1923
chr5	116641915	116641916	rs10477561	chr5	116638601	116639200	17_EnhW2	2716
chr5	116642861	116642862	rs10071179	chr5	116638601	116639200	17_EnhW2	3662
chr5	116642862	116642863	rs10079046	chr5	116638601	116639200	17_EnhW2	3663
chr5	116643019	116643020	rs10050699	chr5	116638601	116639200	17_EnhW2	3820
chr5	116643197	116643198	rs10072892	chr5	116638601	116639200	17_EnhW2	3998
chr5	116643198	116643199	rs10057811	chr5	116638601	116639200	17_EnhW2	3999
chr5	116643700	116643701	rs10073314	chr5	116638601	116639200	17_EnhW2	4501
chr5	116646105	116646106	rs58905227	chr5	116638601	116639200	17_EnhW2	6906
chr5	116646217	116646218	rs60213718	chr5	116638601	116639200	17_EnhW2	7018
chr5	116647181	116647182	rs35105953	chr5	116638601	116639200	17_EnhW2	7982
chr5	116649071	116649072	rs10052213	chr5	116638601	116639200	17_EnhW2	9872
chr5	116649422	116649423	rs111435208	chr5	116638601	116639200	17_EnhW2	10223
chr5	116651074	116651075	rs1845563	chr5	116638601	116639200	17_EnhW2	11875
chr5	116651424	116651425	rs13186907	chr5	116638601	116639200	17_EnhW2	12225
chr5	116652780	116652781	rs1979732	chr5	116638601	116639200	17_EnhW2	13581
chr5	116653900	116653901	rs10068349	chr5	116638601	116639200	17_EnhW2	14701
chr5	116655348	116655349	rs6870722	chr5	116638601	116639200	17_EnhW2	16149
chr5	116655675	116655676	rs6595029	chr5	116638601	116639200	17_EnhW2	16476
chr5	116655740	116655741	rs13180184	chr5	116638601	116639200	17_EnhW2	16541
chr5	116656699	116656700	rs35302409	chr5	116638601	116639200	17_EnhW2	17500
chr5	116657758	116657759	rs10058376	chr5	116638601	116639200	17_EnhW2	18559
chr5	116657962	116657963	rs10050688	chr5	116638601	116639200	17_EnhW2	18763
chr5	116658658	116658659	rs7727800	chr5	116638601	116639200	17_EnhW2	19459
chr5	116658659	116658660	rs7727665	chr5	116638601	116639200	17_EnhW2	19460
chr5	116659143	116659144	rs13354977	chr5	116638601	116639200	17_EnhW2	19944
chr5	116659453	116659454	rs10062453	chr5	116638601	116639200	17_EnhW2	20254
chr5	116659570	116659571	rs10069618	chr5	116638601	116639200	17_EnhW2	20371
chr5	116659741	116659742	rs6875346	chr5	116638601	116639200	17_EnhW2	20542
chr5	116659791	116659792	rs6894404	chr5	116638601	116639200	17_EnhW2	20592
chr5	116659962	116659963	rs6895050	chr5	116638601	116639200	17_EnhW2	20763
chr5	116661762	116661763	rs1565892	chr5	116638601	116639200	17_EnhW2	22563
chr5	116662796	116662797	rs7711973	chr5	116638601	116639200	17_EnhW2	23597
chr5	116663319	116663320	rs6875948	chr5	116638601	116639200	17_EnhW2	24120
chr5	116664488	116664489	rs6882451	chr5	116638601	116639200	17_EnhW2	25289
chr5	116664674	116664675	rs2132048	chr5	116638601	116639200	17_EnhW2	25475
chr5	139663300	139663301	rs6859064	chr5	139641601	139641800	18_EnhAc	21501
chr5	139664819	139664820	rs12187444	chr5	139641601	139641800	18_EnhAc	23020
chr5	139665760	139665761	rs57294361	chr5	139641601	139641800	18_EnhAc	23961
chr5	139665853	139665854	rs61342141	chr5	139641601	139641800	18_EnhAc	24054
chr5	139681896	139681897	rs13185866	chr5	139691401	139691800	15_EnhAF	9505
chr5	139686432	139686433	rs13173872	chr5	139691401	139691800	15_EnhAF	4969
chr5	139689453	139689454	rs67432087	chr5	139691401	139691800	15_EnhAF	1948
chr5	139694386	139694387	rs6897346	chr5	139692001	139692200	17_EnhW2	2187
chr5	139696502	139696503	rs4913080	chr5	139692001	139692200	17_EnhW2	4303
chr5	139698364	139698365	rs72798854	chr5	139702601	139703000	15_EnhAF	4237
chr5	139701992	139701993	rs34886357	chr5	139702601	139703000	15_EnhAF	609
chr5	139703285	139703286	rs17118812	chr5	139703001	139704600	17_EnhW2	0
chr5	139704765	139704766	rs60601725	chr5	139703001	139704600	17_EnhW2	166
chr5	139705222	139705223	rs61226419	chr5	139703001	139704600	17_EnhW2	623
chr5	139706524	139706525	rs7719289	chr5	139707001	139707800	17_EnhW2	477
chr5	139706526	139706527	rs7719290	chr5	139707001	139707800	17_EnhW2	475
chr5	139707782	139707783	rs4913081	chr5	139707001	139707800	17_EnhW2	0
chr5	139708613	139708614	rs11415158	chr5	139707001	139707800	17_EnhW2	814
chr5	139711058	139711059	rs10875632	chr5	139707001	139707800	17_EnhW2	3259
chr5	139712877	139712878	rs13385	chr5	139707001	139707800	17_EnhW2	5078
chr5	139714750	139714751	rs4150236	chr5	139718001	139718600	17_EnhW2	3251
chr5	139714828	139714829	rs4150234	chr5	139718001	139718600	17_EnhW2	3173
chr5	139714861	139714862	rs4150232	chr5	139718001	139718600	17_EnhW2	3140
chr5	139715002	139715003	rs4150230	chr5	139718001	139718600	17_EnhW2	2999
chr5	139716987	139716988	rs2237078	chr5	139718001	139718600	17_EnhW2	1014
chr5	139719982	139719983	rs4150222	chr5	139718001	139718600	17_EnhW2	1383
chr5	139719990	139719991	rs4150221	chr5	139718001	139718600	17_EnhW2	1391
chr5	139720399	139720400	rs2237077	chr5	139718001	139718600	17_EnhW2	1800
chr5	139720830	139720831	rs2237076	chr5	139718001	139718600	17_EnhW2	2231
chr5	139721329	139721330	rs4150216	chr5	139718001	139718600	17_EnhW2	2730
chr5	139721350	139721351	rs2237075	chr5	139718001	139718600	17_EnhW2	2751
chr5	139721457	139721458	rs4150214	chr5	139718001	139718600	17_EnhW2	2858
chr5	139721700	139721701	rs4150212	chr5	139724401	139724600	16_EnhW1	2701
chr5	139721807	139721808	rs4150211	chr5	139724401	139724600	16_EnhW1	2594
chr5	139721912	139721913	rs4150210	chr5	139724401	139724600	16_EnhW1	2489
chr5	139722344	139722345	rs2074611	chr5	139724401	139724600	16_EnhW1	2057
chr5	139726291	139726292	rs4150197	chr5	139726801	139727000	16_EnhW1	510
chr5	139726640	139726641	rs4150196	chr5	139726801	139727000	16_EnhW1	161
chr5	139727259	139727260	rs3776089	chr5	139726801	139727000	16_EnhW1	260
chr5	139729151	139729152	rs6879095	chr5	139726801	139727000	16_EnhW1	2152
chr5	139730443	139730444	rs1862176	chr5	139726801	139727000	16_EnhW1	3444
chr5	139731231	139731232	rs6879217	chr5	139726801	139727000	16_EnhW1	4232
chr5	139740453	139740454	rs34507975	chr5	139742601	139743000	16_EnhW1	2148
chr5	139741369	139741370	rs717097	chr5	139742601	139743000	16_EnhW1	1232
chr5	139745153	139745154	rs6860077	chr5	139742601	139743000	16_EnhW1	2154
chr5	139747913	139747914	rs11168051	chr5	139752401	139753200	16_EnhW1	4488
chr5	139748617	139748618	rs12519148	chr5	139752401	139753200	16_EnhW1	3784
chr5	139748635	139748636	rs72798865	chr5	139752401	139753200	16_EnhW1	3766
chr5	139749027	139749028	rs17286676	chr5	139752401	139753200	16_EnhW1	3374
chr5	139749113	139749114	rs111899902	chr5	139752401	139753200	16_EnhW1	3288
chr5	139753381	139753382	rs11749712	chr5	139752401	139753200	16_EnhW1	182
chr5	139753961	139753962	rs13184340	chr5	139752401	139753200	16_EnhW1	762
chr5	139760461	139760462	rs111584901	chr5	139752401	139753200	16_EnhW1	7262
chr5	139766995	139766996	rs143322232	chr5	139778001	139778600	17_EnhW2	11006
chr5	139767959	139767960	rs56139827	chr5	139778001	139778600	17_EnhW2	10042
chr5	139767962	139767963	rs116578164	chr5	139778001	139778600	17_EnhW2	10039
chr5	139768758	139768759	rs543948889	chr5	139778001	139778600	17_EnhW2	9243
chr5	139769907	139769908	rs57655194	chr5	139778001	139778600	17_EnhW2	8094
chr5	139775838	139775839	rs6872579	chr5	139778001	139778600	17_EnhW2	2163
chr5	139776274	139776275	rs10063049	chr5	139778001	139778600	17_EnhW2	1727
chr5	139777592	139777593	rs11318206	chr5	139778001	139778600	17_EnhW2	409
chr5	139779257	139779258	rs6893225	chr5	139778001	139778600	17_EnhW2	658
chr5	139781094	139781095	rs17286683	chr5	139778001	139778600	17_EnhW2	2495
chr5	139784050	139784051	rs12055196	chr5	139778001	139778600	17_EnhW2	5451
chr5	139784551	139784552	rs149708665	chr5	139778001	139778600	17_EnhW2	5952
chr5	139790363	139790364	rs975243	chr5	139778001	139778600	17_EnhW2	11764
chr5	139791505	139791506	rs12657867	chr5	139778001	139778600	17_EnhW2	12906
chr5	139791645	139791646	rs2337208	chr5	139778001	139778600	17_EnhW2	13046
chr5	139793007	139793008	rs72798867	chr5	139778001	139778600	17_EnhW2	14408
chr5	139795725	139795726	rs4913082	chr5	139778001	139778600	17_EnhW2	17126
chr5	139797740	139797741	rs111777929	chr5	139778001	139778600	17_EnhW2	19141
chr5	139798006	139798007	rs111998037	chr5	139778001	139778600	17_EnhW2	19407
chr5	139798893	139798894	rs70988760	chr5	139778001	139778600	17_EnhW2	20294
chr5	139799048	139799049	rs113604929	chr5	139778001	139778600	17_EnhW2	20449
chr5	139800065	139800066	rs6894953	chr5	139778001	139778600	17_EnhW2	21466
chr5	139800727	139800728	rs1432959	chr5	139778001	139778600	17_EnhW2	22128
chr5	139801821	139801822	rs59551824	chr5	139778001	139778600	17_EnhW2	23222
chr5	139802169	139802170	rs72798870	chr5	139778001	139778600	17_EnhW2	23570
chr5	139802400	139802401	rs144213332	chr5	139778001	139778600	17_EnhW2	23801
chr5	139803876	139803877	rs12717986	chr5	139778001	139778600	17_EnhW2	25277
chr5	139805610	139805611	rs10042299	chr5	139778001	139778600	17_EnhW2	27011
chr5	139806179	139806180	rs1985628	chr5	139778001	139778600	17_EnhW2	27580
chr5	139806949	139806950	rs375724749	chr5	139778001	139778600	17_EnhW2	28350
chr5	139807639	139807640	rs10053981	chr5	139778001	139778600	17_EnhW2	29040
chr5	139807891	139807892	rs11742149	chr5	139778001	139778600	17_EnhW2	29292
chr5	139809260	139809261	rs12717988	chr5	139778001	139778600	17_EnhW2	30661
chr5	139811085	139811086	rs7715360	chr5	139778001	139778600	17_EnhW2	32486
chr5	139811903	139811904	rs7701365	chr5	139778001	139778600	17_EnhW2	33304
chr5	139812304	139812305	rs72798873	chr5	139778001	139778600	17_EnhW2	33705
chr5	139812346	139812347	rs72798874	chr5	139778001	139778600	17_EnhW2	33747
chr5	139812648	139812649	rs10073519	chr5	139778001	139778600	17_EnhW2	34049
chr5	139819108	139819109	rs10463284	chr5	139778001	139778600	17_EnhW2	40509
chr5	139820930	139820931	rs10476907	chr5	139778001	139778600	17_EnhW2	42331
chr5	139825136	139825137	rs5871735	chr5	139778001	139778600	17_EnhW2	46537
chr5	139831138	139831139	rs919755	chr5	139778001	139778600	17_EnhW2	52539
chr5	139834569	139834570	rs143581589	chr5	139778001	139778600	17_EnhW2	55970
chr5	139836847	139836848	rs78971223	chr5	139778001	139778600	17_EnhW2	58248
chr5	139836924	139836925	rs149553994	chr5	139778001	139778600	17_EnhW2	58325
chr5	139837384	139837385	rs10074378	chr5	139778001	139778600	17_EnhW2	58785
chr5	139844952	139844953	rs1019933	chr5	139778001	139778600	17_EnhW2	66353
chr5	139845742	139845743	rs7449225	chr5	139778001	139778600	17_EnhW2	67143
chr5	139845792	139845793	rs5011956	chr5	139778001	139778600	17_EnhW2	67193
chr5	139847867	139847868	rs35346561	chr5	139778001	139778600	17_EnhW2	69268
chr5	139859316	139859317	rs34099095	chr5	139926201	139926600	17_EnhW2	66885
chr5	139862773	139862774	rs10041762	chr5	139926201	139926600	17_EnhW2	63428
chr5	139865022	139865023	rs147578041	chr5	139926201	139926600	17_EnhW2	61179
chr5	139865598	139865599	rs147701836	chr5	139926201	139926600	17_EnhW2	60603
chr5	139867968	139867969	rs10067969	chr5	139926201	139926600	17_EnhW2	58233
chr5	139873597	139873598	rs9687753	chr5	139926201	139926600	17_EnhW2	52604
chr5	139875219	139875220	rs12109242	chr5	139926201	139926600	17_EnhW2	50982
chr5	139877461	139877462	rs36224738	chr5	139926201	139926600	17_EnhW2	48740
chr5	139881332	139881333	rs146816266	chr5	139926201	139926600	17_EnhW2	44869
chr5	139883214	139883215	rs28493133	chr5	139926201	139926600	17_EnhW2	42987
chr5	139886838	139886839	rs6871703	chr5	139926201	139926600	17_EnhW2	39363
chr5	139888589	139888590	rs7712617	chr5	139926201	139926600	17_EnhW2	37612
chr5	139888812	139888813	rs10463292	chr5	139926201	139926600	17_EnhW2	37389
chr5	139891088	139891089	rs11167489	chr5	139926201	139926600	17_EnhW2	35113
chr5	139894135	139894136	rs6579768	chr5	139926201	139926600	17_EnhW2	32066
chr5	139894413	139894414	rs12189422	chr5	139926201	139926600	17_EnhW2	31788
chr5	139894562	139894563	rs11377029	chr5	139926201	139926600	17_EnhW2	31639
chr5	139896056	139896057	rs149619647	chr5	139926201	139926600	17_EnhW2	30145
chr5	139898071	139898072	rs138807177	chr5	139926201	139926600	17_EnhW2	28130
chr5	139898362	139898363	rs146016038	chr5	139926201	139926600	17_EnhW2	27839
chr5	139898731	139898732	rs183324600	chr5	139926201	139926600	17_EnhW2	27470
chr5	139899058	139899059	rs9688094	chr5	139926201	139926600	17_EnhW2	27143
chr5	139899203	139899204	rs11743782	chr5	139926201	139926600	17_EnhW2	26998
chr5	139906280	139906281	rs10636296	chr5	139926201	139926600	17_EnhW2	19921
chr5	139912223	139912224	rs62384164	chr5	139926201	139926600	17_EnhW2	13978
chr5	139914757	139914758	rs3733681	chr5	139926201	139926600	17_EnhW2	11444
chr5	139915564	139915565	rs72798885	chr5	139926201	139926600	17_EnhW2	10637
chr5	139915662	139915663	rs10476933	chr5	139926201	139926600	17_EnhW2	10539
chr5	139920310	139920311	rs1835959	chr5	139926201	139926600	17_EnhW2	5891
chr5	139921960	139921961	rs9324644	chr5	139926201	139926600	17_EnhW2	4241
chr5	139922277	139922278	rs5871739	chr5	139926201	139926600	17_EnhW2	3924
chr5	139923503	139923504	rs2108446	chr5	139926201	139926600	17_EnhW2	2698
chr5	139924714	139924715	rs250432	chr5	139926201	139926600	17_EnhW2	1487
chr5	139925015	139925016	rs75743464	chr5	139926201	139926600	17_EnhW2	1186
chr5	139925931	139925932	rs801465	chr5	139926201	139926600	17_EnhW2	270
chr5	139927671	139927672	rs250424	chr5	139926801	139928200	13_EnhA1	0
chr5	139928127	139928128	rs250425	chr5	139926801	139928200	13_EnhA1	0
chr5	139931627	139931628	rs3085220	chr5	139928401	139928600	17_EnhW2	3028
chr5	139931628	139931629	rs5871740	chr5	139928401	139928600	17_EnhW2	3029
chr5	139931775	139931776	rs60236323	chr5	139928401	139928600	17_EnhW2	3176
chr5	139931778	139931779	rs10589076	chr5	139928401	139928600	17_EnhW2	3179
chr5	139931929	139931930	rs801460	chr5	139928401	139928600	17_EnhW2	3330
chr5	139932416	139932417	rs73267612	chr5	139928401	139928600	17_EnhW2	3817
chr5	139933622	139933623	rs801459	chr5	139937601	139937800	14_EnhA2	3979
chr5	139936979	139936980	rs250427	chr5	139937601	139937800	14_EnhA2	622
chr5	139937145	139937146	rs2249213	chr5	139937601	139937800	14_EnhA2	456
chr5	139940232	139940233	rs250431	chr5	139937801	139938000	17_EnhW2	2233
chr5	139941227	139941228	rs250430	chr5	139943001	139943200	17_EnhW2	1774
chr5	139941317	139941318	rs171632	chr5	139943001	139943200	17_EnhW2	1684
chr5	139944825	139944826	rs250429	chr5	139943201	139943400	16_EnhW1	1426
chr5	139945306	139945307	rs250428	chr5	139943201	139943400	16_EnhW1	1907
chr5	139948615	139948616	rs6550	chr5	139943201	139943400	16_EnhW1	5216
chr5	139948801	139948802	rs2253378	chr5	139943201	139943400	16_EnhW1	5402
chr5	139949408	139949409	rs55720104	chr5	139943201	139943400	16_EnhW1	6009
chr5	139950137	139950138	rs917302	chr5	139956001	139956400	16_EnhW1	5864
chr5	139950857	139950858	rs17118938	chr5	139956001	139956400	16_EnhW1	5144
chr5	139951789	139951790	rs4912715	chr5	139956001	139956400	16_EnhW1	4212
chr5	139953188	139953189	rs801458	chr5	139956001	139956400	16_EnhW1	2813
chr5	139955370	139955371	rs6883156	chr5	139956001	139956400	16_EnhW1	631
chr5	139957806	139957807	rs801457	chr5	139956001	139956400	16_EnhW1	1407
chr5	139959603	139959604	rs141172141	chr5	139956001	139956400	16_EnhW1	3204
chr5	139959828	139959829	rs801455	chr5	139956001	139956400	16_EnhW1	3429
chr5	139962166	139962167	rs2563253	chr5	139956001	139956400	16_EnhW1	5767
chr5	139969997	139969998	rs35571516	chr5	139956001	139956400	16_EnhW1	13598
chr5	139971187	139971188	rs4279384	chr5	139956001	139956400	16_EnhW1	14788
chr5	139971516	139971517	rs2878916	chr5	139956001	139956400	16_EnhW1	15117
chr5	139972092	139972093	rs801463	chr5	139956001	139956400	16_EnhW1	15693
chr5	139972106	139972107	rs3085247	chr5	139956001	139956400	16_EnhW1	15707
chr5	139973339	139973340	rs113235162	chr5	139956001	139956400	16_EnhW1	16940
chr5	139973780	139973781	rs73269505	chr5	139956001	139956400	16_EnhW1	17381
chr5	139975052	139975053	rs2569162	chr5	139956001	139956400	16_EnhW1	18653
chr5	139975066	139975067	rs2563320	chr5	139956001	139956400	16_EnhW1	18667
chr5	139975625	139975626	rs2569164	chr5	139956001	139956400	16_EnhW1	19226
chr5	139975635	139975636	rs2569165	chr5	139956001	139956400	16_EnhW1	19236
chr5	139975671	139975672	rs2569166	chr5	139956001	139956400	16_EnhW1	19272
chr5	139975886	139975887	rs2569167	chr5	139956001	139956400	16_EnhW1	19487
chr5	139976240	139976241	rs2563321	chr5	139956001	139956400	16_EnhW1	19841
chr5	139976955	139976956	rs2569168	chr5	139956001	139956400	16_EnhW1	20556
chr5	139977350	139977351	rs2569169	chr5	139956001	139956400	16_EnhW1	20951
chr5	139977817	139977818	rs2563322	chr5	139956001	139956400	16_EnhW1	21418
chr5	139977954	139977955	rs2563323	chr5	139956001	139956400	16_EnhW1	21555
chr5	139978747	139978748	rs2569170	chr5	139956001	139956400	16_EnhW1	22348
chr5	139979447	139979448	rs2563324	chr5	139956001	139956400	16_EnhW1	23048
chr5	139979524	139979525	rs60322544	chr5	139956001	139956400	16_EnhW1	23125
chr5	139980774	139980775	rs1835148	chr5	139956001	139956400	16_EnhW1	24375
chr5	139981122	139981123	rs2569171	chr5	139956001	139956400	16_EnhW1	24723
chr5	139981335	139981336	rs2337225	chr5	139956001	139956400	16_EnhW1	24936
chr5	139985716	139985717	rs144844453	chr5	139956001	139956400	16_EnhW1	29317
chr5	139992161	139992162	rs2569177	chr5	140018401	140018600	16_EnhW1	26240
chr5	139992170	139992171	rs2569178	chr5	140018401	140018600	16_EnhW1	26231
chr5	139992999	139993000	rs2569179	chr5	140018401	140018600	16_EnhW1	25402
chr5	139994097	139994098	rs150352720	chr5	140018401	140018600	16_EnhW1	24304
chr5	139995785	139995786	rs34949712	chr5	140018401	140018600	16_EnhW1	22616
chr5	140000427	140000428	rs778601	chr5	140018401	140018600	16_EnhW1	17974
chr5	140001608	140001609	rs778600	chr5	140018401	140018600	16_EnhW1	16793
chr5	140001760	140001761	rs778599	chr5	140018401	140018600	16_EnhW1	16641
chr5	140003394	140003395	rs1991801	chr5	140018401	140018600	16_EnhW1	15007
chr5	140003957	140003958	rs143189023	chr5	140018401	140018600	16_EnhW1	14444
chr5	140004032	140004033	rs2569185	chr5	140018401	140018600	16_EnhW1	14369
chr5	140004815	140004816	rs778582	chr5	140018401	140018600	16_EnhW1	13586
chr5	140005109	140005110	rs778583	chr5	140018401	140018600	16_EnhW1	13292
chr5	140005376	140005377	rs778585	chr5	140018401	140018600	16_EnhW1	13025
chr5	140005917	140005918	rs778586	chr5	140018401	140018600	16_EnhW1	12484
chr5	140005926	140005927	rs57501596	chr5	140018401	140018600	16_EnhW1	12475
chr5	140006429	140006430	rs778587	chr5	140018401	140018600	16_EnhW1	11972
chr5	140006717	140006718	rs76148587	chr5	140018401	140018600	16_EnhW1	11684
chr5	140006787	140006788	rs61511130	chr5	140018401	140018600	16_EnhW1	11614
chr5	140007595	140007596	rs143010088	chr5	140018401	140018600	16_EnhW1	10806
chr5	140007637	140007638	rs778589	chr5	140018401	140018600	16_EnhW1	10764
chr5	140007717	140007718	rs2563317	chr5	140018401	140018600	16_EnhW1	10684
chr5	140007810	140007811	rs2563316	chr5	140018401	140018600	16_EnhW1	10591
chr5	140008504	140008505	rs2563315	chr5	140018401	140018600	16_EnhW1	9897
chr5	140009517	140009518	rs151016223	chr5	140018401	140018600	16_EnhW1	8884
chr5	140009900	140009901	rs138378443	chr5	140018401	140018600	16_EnhW1	8501
chr5	140011314	140011315	rs2563298	chr5	140018401	140018600	16_EnhW1	7087
chr5	140011467	140011468	rs4914	chr5	140018401	140018600	16_EnhW1	6934
chr5	140015207	140015208	rs2569192	chr5	140018401	140018600	16_EnhW1	3194
chr5	140015494	140015495	rs2569193	chr5	140018401	140018600	16_EnhW1	2907
chr5	140016064	140016065	rs61293070	chr5	140018401	140018600	16_EnhW1	2337
chr5	140017459	140017460	rs111503800	chr5	140018401	140018600	16_EnhW1	942
chr5	140018234	140018235	rs4912717	chr5	140018401	140018600	16_EnhW1	167
chr5	140019920	140019921	rs12517200	chr5	140018401	140018600	16_EnhW1	1321
chr5	140025751	140025752	rs2563331	chr5	140018401	140018600	16_EnhW1	7152
chr5	140025753	140025754	rs2563332	chr5	140018401	140018600	16_EnhW1	7154
chr5	140026526	140026527	rs778592	chr5	140018401	140018600	16_EnhW1	7927
chr5	140028325	140028326	rs56094200	chr5	140018401	140018600	16_EnhW1	9726
chr5	140035709	140035710	rs5871748	chr5	140018401	140018600	16_EnhW1	17110
chr5	140040920	140040921	rs778598	chr5	140018401	140018600	16_EnhW1	22321
chr5	140041959	140041960	rs4801	chr5	140018401	140018600	16_EnhW1	23360
chr5	140043349	140043350	rs34678418	chr5	140018401	140018600	16_EnhW1	24750
chr5	140045015	140045016	rs2530247	chr5	140018401	140018600	16_EnhW1	26416
chr5	140046434	140046435	rs2563311	chr5	140018401	140018600	16_EnhW1	27835
chr5	140047010	140047011	rs2530246	chr5	140018401	140018600	16_EnhW1	28411
chr5	140048706	140048707	rs35983033	chr5	140018401	140018600	16_EnhW1	30107
chr5	140057215	140057216	rs811382	chr5	140018401	140018600	16_EnhW1	38616
chr5	140066499	140066500	rs1089304	chr5	140018401	140018600	16_EnhW1	47900
chr5	140067218	140067219	rs801187	chr5	140018401	140018600	16_EnhW1	48619
chr5	140067777	140067778	rs801186	chr5	140018401	140018600	16_EnhW1	49178
chr5	140068107	140068108	rs702396	chr5	140018401	140018600	16_EnhW1	49508
chr5	140071734	140071735	rs2563305	chr5	140018401	140018600	16_EnhW1	53135
chr5	140072391	140072392	rs3776128	chr5	140018401	140018600	16_EnhW1	53792
chr5	140075473	140075474	rs17119056	chr5	140018401	140018600	16_EnhW1	56874
chr5	140081901	140081902	rs801166	chr5	140018401	140018600	16_EnhW1	63302
chr5	140087028	140087029	rs113642240	chr5	140018401	140018600	16_EnhW1	68429
chr5	140087154	140087155	rs11331626	chr5	140018401	140018600	16_EnhW1	68555
chr5	140090809	140090810	rs801184	chr5	140018401	140018600	16_EnhW1	72210
chr5	140094569	140094570	rs801178	chr5	140018401	140018600	16_EnhW1	75970
chr5	140095185	140095186	rs801177	chr5	140018401	140018600	16_EnhW1	76586
chr5	140098895	140098896	rs2563296	chr5	140018401	140018600	16_EnhW1	80296
chr5	140100227	140100228	rs2563295	chr5	140018401	140018600	16_EnhW1	81628
chr5	140100943	140100944	rs62384244	chr5	140018401	140018600	16_EnhW1	82344
chr5	140101056	140101057	rs2563248	chr5	140018401	140018600	16_EnhW1	82457
chr5	140101068	140101069	rs2563249	chr5	140018401	140018600	16_EnhW1	82469
chr5	140107451	140107452	rs2563337	chr5	140018401	140018600	16_EnhW1	88852
chr5	140110846	140110847	rs2563292	chr5	140018401	140018600	16_EnhW1	92247
chr5	140111240	140111241	rs2435142	chr5	140018401	140018600	16_EnhW1	92641
chr5	140112284	140112285	rs801175	chr5	140018401	140018600	16_EnhW1	93685
chr5	140115133	140115134	rs735554	chr5	140018401	140018600	16_EnhW1	96534
chr5	140115246	140115247	rs801172	chr5	140018401	140018600	16_EnhW1	96647
chr5	140116559	140116560	rs2531361	chr5	140018401	140018600	16_EnhW1	97960
chr5	140117067	140117068	rs2531359	chr5	140018401	140018600	16_EnhW1	98468
chr5	140117518	140117519	rs2531357	chr5	140018401	140018600	16_EnhW1	98919
chr5	140117557	140117558	rs2531356	chr5	140018401	140018600	16_EnhW1	98958
chr5	140117797	140117798	rs2531355	chr5	140018401	140018600	16_EnhW1	99198
chr5	140118537	140118538	rs2531354	chr5	140018401	140018600	16_EnhW1	99938
chr5	140118732	140118733	rs2531353	chr5	140018401	140018600	16_EnhW1	100133
chr5	140118936	140118937	rs144262710	chr5	140018401	140018600	16_EnhW1	100337
chr5	140120618	140120619	rs2531350	chr5	140018401	140018600	16_EnhW1	102019
chr5	140121427	140121428	rs2531348	chr5	140018401	140018600	16_EnhW1	102828
chr5	140123427	140123428	rs2262572	chr5	140018401	140018600	16_EnhW1	104828
chr5	140124543	140124544	rs79094127	chr5	140018401	140018600	16_EnhW1	105944
chr5	140125624	140125625	rs9800417	chr5	140018401	140018600	16_EnhW1	107025
chr5	140125873	140125874	rs6867236	chr5	140018401	140018600	16_EnhW1	107274
chr5	140125878	140125879	rs6868495	chr5	140018401	140018600	16_EnhW1	107279
chr5	140126183	140126184	rs2563284	chr5	140018401	140018600	16_EnhW1	107584
chr5	140131765	140131766	rs2563278	chr5	140018401	140018600	16_EnhW1	113166
chr5	140132629	140132630	rs2262575	chr5	140018401	140018600	16_EnhW1	114030
chr5	140133665	140133666	rs2337982	chr5	140018401	140018600	16_EnhW1	115066
chr5	140133752	140133753	rs35056944	chr5	140018401	140018600	16_EnhW1	115153
chr5	140133946	140133947	rs2563274	chr5	140018401	140018600	16_EnhW1	115347
chr5	140134268	140134269	rs2563273	chr5	140018401	140018600	16_EnhW1	115669
chr5	140134500	140134501	rs2563272	chr5	140018401	140018600	16_EnhW1	115901
chr5	140134854	140134855	rs2563270	chr5	140018401	140018600	16_EnhW1	116255
chr5	140142678	140142679	rs75436533	chr5	140018401	140018600	16_EnhW1	124079
chr5	140157416	140157417	rs77553091	chr5	140018401	140018600	16_EnhW1	138817
chr6	25514178	25514179	rs35789010	chr6	25500601	25500800	17_EnhW2	13379
chr6	25684605	25684606	rs13191296	chr6	25692601	25693000	17_EnhW2	7996
chr6	25685877	25685878	rs71544650	chr6	25692601	25693000	17_EnhW2	6724
chr6	25710570	25710571	rs68006638	chr6	25692601	25693000	17_EnhW2	17571
chr6	25714958	25714959	rs34493019	chr6	25692601	25693000	17_EnhW2	21959
chr6	25786225	25786226	rs13213957	chr6	25804201	25804600	17_EnhW2	17976
chr6	25790377	25790378	rs13200921	chr6	25804201	25804600	17_EnhW2	13824
chr6	25792767	25792768	rs9467600	chr6	25804201	25804600	17_EnhW2	11434
chr6	25803711	25803712	rs9467603	chr6	25804201	25804600	17_EnhW2	490
chr6	25808742	25808743	rs9461216	chr6	25804201	25804600	17_EnhW2	4143
chr6	25809217	25809218	rs9467606	chr6	25804201	25804600	17_EnhW2	4618
chr6	25809476	25809477	rs9467607	chr6	25804201	25804600	17_EnhW2	4877
chr6	25809750	25809751	rs9467609	chr6	25804201	25804600	17_EnhW2	5151
chr6	25812640	25812641	rs9467613	chr6	25815801	25817000	17_EnhW2	3161
chr6	25817795	25817796	rs36013569	chr6	25815801	25817000	17_EnhW2	796
chr6	25821223	25821224	rs6939997	chr6	25815801	25817000	17_EnhW2	4224
chr6	25821579	25821580	rs6940698	chr6	25815801	25817000	17_EnhW2	4580
chr6	25821991	25821992	rs66983783	chr6	25815801	25817000	17_EnhW2	4992
chr6	25822133	25822134	rs34770320	chr6	25815801	25817000	17_EnhW2	5134
chr6	25822660	25822661	rs13201341	chr6	25815801	25817000	17_EnhW2	5661
chr6	25828781	25828782	rs13199775	chr6	25815801	25817000	17_EnhW2	11782
chr6	25833009	25833010	rs34351439	chr6	25815801	25817000	17_EnhW2	16010
chr6	25836926	25836927	rs9461219	chr6	25850001	25850800	17_EnhW2	13075
chr6	25846371	25846372	rs145557701	chr6	25850001	25850800	17_EnhW2	3630
chr6	25846380	25846381	rs76070504	chr6	25850001	25850800	17_EnhW2	3621
chr6	25848024	25848025	rs6913795	chr6	25850001	25850800	17_EnhW2	1977
chr6	25851337	25851338	rs9467621	chr6	25850001	25850800	17_EnhW2	538
chr6	25854643	25854644	rs9467622	chr6	25850001	25850800	17_EnhW2	3844
chr6	25860579	25860580	rs9467623	chr6	25850001	25850800	17_EnhW2	9780
chr6	25863017	25863018	rs72324954	chr6	25850001	25850800	17_EnhW2	12218
chr6	25864817	25864818	rs13211947	chr6	25850001	25850800	17_EnhW2	14018
chr6	25866231	25866232	rs67554133	chr6	25850001	25850800	17_EnhW2	15432
chr6	25866242	25866243	rs68194335	chr6	25850001	25850800	17_EnhW2	15443
chr6	25866934	25866935	rs55912630	chr6	25850001	25850800	17_EnhW2	16135
chr6	25873745	25873746	rs9467626	chr6	25850001	25850800	17_EnhW2	22946
chr6	25874422	25874423	rs13198474	chr6	25850001	25850800	17_EnhW2	23623
chr6	25875083	25875084	rs34043431	chr6	25898601	25899000	17_EnhW2	23518
chr6	25875566	25875567	rs71674967	chr6	25898601	25899000	17_EnhW2	23035
chr6	25884518	25884519	rs36014129	chr6	25898601	25899000	17_EnhW2	14083
chr6	25918854	25918855	rs17526722	chr6	25900001	25900400	17_EnhW2	18455
chr6	25930087	25930088	rs3884025	chr6	25900001	25900400	17_EnhW2	29688
chr6	25935590	25935591	rs13202592	chr6	25962201	25963000	16_EnhW1	26611
chr6	25938766	25938767	rs115648484	chr6	25962201	25963000	16_EnhW1	23435
chr6	25941464	25941465	rs36053220	chr6	25962201	25963000	16_EnhW1	20737
chr6	25961351	25961352	rs67491322	chr6	25962201	25963000	16_EnhW1	850
chr6	25962303	25962304	rs17587226	chr6	25962201	25963000	16_EnhW1	0
chr6	25983009	25983010	rs13212534	chr6	25981401	25981600	17_EnhW2	1410
chr6	25983776	25983777	rs17528178	chr6	25981401	25981600	17_EnhW2	2177
chr6	25987036	25987037	rs71909458	chr6	25987601	25988600	17_EnhW2	565
chr6	25993468	25993469	rs13202688	chr6	25993801	25994400	16_EnhW1	333
chr6	26003069	26003070	rs71557312	chr6	26003601	26003800	17_EnhW2	532
chr6	26015488	26015489	rs13191445	chr6	26015601	26016200	17_EnhW2	113
chr6	26021871	26021872	rs41266779	chr6	26022401	26022800	13_EnhA1	530
chr6	26037600	26037601	rs13210041	chr6	26035801	26036400	17_EnhW2	1201
chr6	26044863	26044864	rs35506517	chr6	26043201	26043600	13_EnhA1	1264
chr6	26067359	26067360	rs35050608	chr6	26066401	26066600	16_EnhW1	760
chr6	26073374	26073375	rs34888489	chr6	26071601	26071800	16_EnhW1	1575
chr6	26083518	26083519	rs34197618	chr6	26088401	26089000	16_EnhW1	4883
chr6	26133069	26133070	rs36109883	chr6	26139401	26139600	17_EnhW2	6332
chr6	26175865	26175866	rs17598658	chr6	26171401	26171600	16_EnhW1	4266
chr6	27274833	27274834	rs56114371	chr6	27286801	27287000	17_EnhW2	11968
chr6	27300309	27300310	rs13212562	chr6	27286801	27287000	17_EnhW2	13310
chr6	27301511	27301512	rs56401801	chr6	27286801	27287000	17_EnhW2	14512
chr6	27309778	27309779	rs71537559	chr6	27286801	27287000	17_EnhW2	22779
chr6	27317015	27317016	rs139624725	chr6	27341601	27342000	16_EnhW1	24586
chr6	27326999	27327000	rs72839477	chr6	27341601	27342000	16_EnhW1	14602
chr6	27332890	27332891	rs28360634	chr6	27341601	27342000	16_EnhW1	8711
chr6	27352749	27352750	rs71559024	chr6	27347601	27347800	17_EnhW2	4950
chr6	27357413	27357414	rs34332556	chr6	27347601	27347800	17_EnhW2	9614
chr6	27357977	27357978	rs67859638	chr6	27347601	27347800	17_EnhW2	10178
chr6	27358165	27358166	rs35120058	chr6	27347601	27347800	17_EnhW2	10366
chr6	27369703	27369704	rs13207689	chr6	27347601	27347800	17_EnhW2	21904
chr6	27376161	27376162	rs34452876	chr6	27347601	27347800	17_EnhW2	28362
chr6	27377234	27377235	rs13218537	chr6	27347601	27347800	17_EnhW2	29435
chr6	27379118	27379119	rs13196692	chr6	27347601	27347800	17_EnhW2	31319
chr6	27381659	27381660	rs34953377	chr6	27347601	27347800	17_EnhW2	33860
chr6	27382385	27382386	rs66841633	chr6	27347601	27347800	17_EnhW2	34586
chr6	27388753	27388754	rs34150729	chr6	27347601	27347800	17_EnhW2	40954
chr6	27390114	27390115	rs13191227	chr6	27347601	27347800	17_EnhW2	42315
chr6	27391801	27391802	rs34071253	chr6	27347601	27347800	17_EnhW2	44002
chr6	27406606	27406607	rs35716472	chr6	27438801	27439000	17_EnhW2	32195
chr6	27410421	27410422	rs35984974	chr6	27438801	27439000	17_EnhW2	28380
chr6	27413344	27413345	rs13191474	chr6	27438801	27439000	17_EnhW2	25457
chr6	27413923	27413924	rs13195040	chr6	27438801	27439000	17_EnhW2	24878
chr6	27425348	27425349	rs41269265	chr6	27438801	27439000	17_EnhW2	13453
chr6	27425643	27425644	rs34196306	chr6	27438801	27439000	17_EnhW2	13158
chr6	27433028	27433029	rs34613987	chr6	27438801	27439000	17_EnhW2	5773
chr6	27441722	27441723	rs149866169	chr6	27438801	27439000	17_EnhW2	2723
chr6	27443201	27443202	rs67240003	chr6	27438801	27439000	17_EnhW2	4202
chr6	27446565	27446566	rs7749305	chr6	27438801	27439000	17_EnhW2	7566
chr6	27451418	27451419	rs6918792	chr6	27438801	27439000	17_EnhW2	12419
chr6	27456051	27456052	rs144022448	chr6	27438801	27439000	17_EnhW2	17052
chr6	27459922	27459923	rs34864796	chr6	27438801	27439000	17_EnhW2	20923
chr6	27474714	27474715	rs58616630	chr6	27486001	27486200	16_EnhW1	11287
chr6	27480525	27480526	rs34573979	chr6	27486001	27486200	16_EnhW1	5476
chr6	27491298	27491299	rs6904596	chr6	27486001	27486200	16_EnhW1	5099
chr6	27498216	27498217	rs13201411	chr6	27486001	27486200	16_EnhW1	12017
chr6	27498580	27498581	rs12208078	chr6	27486001	27486200	16_EnhW1	12381
chr6	27501344	27501345	rs10946935	chr6	27486001	27486200	16_EnhW1	15145
chr6	27502892	27502893	rs10946936	chr6	27486001	27486200	16_EnhW1	16693
chr6	27507493	27507494	rs12215012	chr6	27486001	27486200	16_EnhW1	21294
chr6	27509492	27509493	rs13195636	chr6	27486001	27486200	16_EnhW1	23293
chr6	27515518	27515519	rs6910838	chr6	27536001	27536400	16_EnhW1	20483
chr6	27515775	27515776	rs6915987	chr6	27536001	27536400	16_EnhW1	20226
chr6	27516832	27516833	rs4713112	chr6	27536001	27536400	16_EnhW1	19169
chr6	27520751	27520752	rs13209332	chr6	27536001	27536400	16_EnhW1	15250
chr6	27521095	27521096	rs35848276	chr6	27536001	27536400	16_EnhW1	14906
chr6	27521855	27521856	rs34965299	chr6	27536001	27536400	16_EnhW1	14146
chr6	27523297	27523298	rs66785117	chr6	27536001	27536400	16_EnhW1	12704
chr6	27523868	27523869	rs140365013	chr6	27536001	27536400	16_EnhW1	12133
chr6	27527226	27527227	rs35491132	chr6	27536001	27536400	16_EnhW1	8775
chr6	27528642	27528643	rs6915266	chr6	27536001	27536400	16_EnhW1	7359
chr6	27534527	27534528	rs10484399	chr6	27536001	27536400	16_EnhW1	1474
chr6	27542281	27542282	rs35337219	chr6	27536001	27536400	16_EnhW1	5882
chr6	27555055	27555056	rs113780580	chr6	27536001	27536400	16_EnhW1	18656
chr6	27556140	27556141	rs13201294	chr6	27536001	27536400	16_EnhW1	19741
chr6	27560586	27560587	rs10946940	chr6	27536001	27536400	16_EnhW1	24187
chr6	27560804	27560805	rs34105070	chr6	27536001	27536400	16_EnhW1	24405
chr6	27564546	27564547	rs62401383	chr6	27536001	27536400	16_EnhW1	28147
chr6	27564878	27564879	rs13202775	chr6	27536001	27536400	16_EnhW1	28479
chr6	27573462	27573463	rs10807029	chr6	27536001	27536400	16_EnhW1	37063
chr6	27573535	27573536	rs6456799	chr6	27536001	27536400	16_EnhW1	37136
chr6	27575267	27575268	rs72845046	chr6	27536001	27536400	16_EnhW1	38868
chr6	27582794	27582795	rs9357042	chr6	27536001	27536400	16_EnhW1	46395
chr6	27587026	27587027	rs9393830	chr6	27536001	27536400	16_EnhW1	50627
chr6	27587517	27587518	rs6921256	chr6	27536001	27536400	16_EnhW1	51118
chr6	27592002	27592003	rs35715914	chr6	27536001	27536400	16_EnhW1	55603
chr6	27606715	27606716	rs13212093	chr6	27536001	27536400	16_EnhW1	70316
chr6	27607110	27607111	rs59134830	chr6	27536001	27536400	16_EnhW1	70711
chr6	27607659	27607660	rs34038546	chr6	27536001	27536400	16_EnhW1	71260
chr6	27616842	27616843	rs144969912	chr6	27536001	27536400	16_EnhW1	80443
chr6	27616886	27616887	rs6899903	chr6	27536001	27536400	16_EnhW1	80487
chr6	27619690	27619691	rs142766897	chr6	27536001	27536400	16_EnhW1	83291
chr6	27622083	27622084	rs141342723	chr6	27536001	27536400	16_EnhW1	85684
chr6	27624639	27624640	rs34543938	chr6	27536001	27536400	16_EnhW1	88240
chr6	27625531	27625532	rs6456801	chr6	27536001	27536400	16_EnhW1	89132
chr6	27633017	27633018	rs9366697	chr6	27536001	27536400	16_EnhW1	96618
chr6	27640245	27640246	rs56405707	chr6	27536001	27536400	16_EnhW1	103846
chr6	27640988	27640989	rs71559038	chr6	27536001	27536400	16_EnhW1	104589
chr6	27646491	27646492	rs13210634	chr6	27536001	27536400	16_EnhW1	110092
chr6	27647508	27647509	rs13215275	chr6	27536001	27536400	16_EnhW1	111109
chr6	27653119	27653120	rs13217620	chr6	27761201	27761400	16_EnhW1	108082
chr6	27656089	27656090	rs9348772	chr6	27761201	27761400	16_EnhW1	105112
chr6	27660507	27660508	rs9380007	chr6	27761201	27761400	16_EnhW1	100694
chr6	27665919	27665920	rs2179096	chr6	27761201	27761400	16_EnhW1	95282
chr6	27667703	27667704	rs72544199	chr6	27761201	27761400	16_EnhW1	93498
chr6	27668299	27668300	rs72845070	chr6	27761201	27761400	16_EnhW1	92902
chr6	27669975	27669976	rs17749927	chr6	27761201	27761400	16_EnhW1	91226
chr6	27671824	27671825	rs13192965	chr6	27761201	27761400	16_EnhW1	89377
chr6	27674615	27674616	rs57206749	chr6	27761201	27761400	16_EnhW1	86586
chr6	27675289	27675290	rs1139226	chr6	27761201	27761400	16_EnhW1	85912
chr6	27675468	27675469	rs12179134	chr6	27761201	27761400	16_EnhW1	85733
chr6	27676308	27676309	rs9468195	chr6	27761201	27761400	16_EnhW1	84893
chr6	27676433	27676434	rs71699551	chr6	27761201	27761400	16_EnhW1	84768
chr6	27676443	27676444	rs113957352	chr6	27761201	27761400	16_EnhW1	84758
chr6	27676793	27676794	rs4713118	chr6	27761201	27761400	16_EnhW1	84408
chr6	27677727	27677728	rs13215072	chr6	27761201	27761400	16_EnhW1	83474
chr6	27678908	27678909	rs55956360	chr6	27761201	27761400	16_EnhW1	82293
chr6	27679444	27679445	rs9368527	chr6	27761201	27761400	16_EnhW1	81757
chr6	27679716	27679717	rs9393846	chr6	27761201	27761400	16_EnhW1	81485
chr6	27681214	27681215	rs9468199	chr6	27761201	27761400	16_EnhW1	79987
chr6	27682913	27682914	rs7772027	chr6	27761201	27761400	16_EnhW1	78288
chr6	27683062	27683063	rs9468200	chr6	27761201	27761400	16_EnhW1	78139
chr6	27683243	27683244	rs34752872	chr6	27761201	27761400	16_EnhW1	77958
chr6	27683571	27683572	rs9380010	chr6	27761201	27761400	16_EnhW1	77630
chr6	27683797	27683798	rs9368528	chr6	27761201	27761400	16_EnhW1	77404
chr6	27683923	27683924	rs9380011	chr6	27761201	27761400	16_EnhW1	77278
chr6	27684630	27684631	rs9368529	chr6	27761201	27761400	16_EnhW1	76571
chr6	27684653	27684654	rs9380012	chr6	27761201	27761400	16_EnhW1	76548
chr6	27685347	27685348	rs34409918	chr6	27761201	27761400	16_EnhW1	75854
chr6	27685824	27685825	rs34432857	chr6	27761201	27761400	16_EnhW1	75377
chr6	27686946	27686947	rs35559309	chr6	27761201	27761400	16_EnhW1	74255
chr6	27686990	27686991	rs2394000	chr6	27761201	27761400	16_EnhW1	74211
chr6	27687034	27687035	rs9468201	chr6	27761201	27761400	16_EnhW1	74167
chr6	27687972	27687973	rs9393847	chr6	27761201	27761400	16_EnhW1	73229
chr6	27688368	27688369	rs9393848	chr6	27761201	27761400	16_EnhW1	72833
chr6	27688624	27688625	rs34064842	chr6	27761201	27761400	16_EnhW1	72577
chr6	27688666	27688667	rs9468203	chr6	27761201	27761400	16_EnhW1	72535
chr6	27688808	27688809	rs9468204	chr6	27761201	27761400	16_EnhW1	72393
chr6	27688840	27688841	rs13212318	chr6	27761201	27761400	16_EnhW1	72361
chr6	27688926	27688927	rs9357045	chr6	27761201	27761400	16_EnhW1	72275
chr6	27688929	27688930	rs9348774	chr6	27761201	27761400	16_EnhW1	72272
chr6	27690173	27690174	rs2056924	chr6	27761201	27761400	16_EnhW1	71028
chr6	27690452	27690453	rs9468206	chr6	27761201	27761400	16_EnhW1	70749
chr6	27690904	27690905	rs2056925	chr6	27761201	27761400	16_EnhW1	70297
chr6	27693002	27693003	rs6922574	chr6	27761201	27761400	16_EnhW1	68199
chr6	27694038	27694039	rs67869107	chr6	27761201	27761400	16_EnhW1	67163
chr6	27694420	27694421	rs9468209	chr6	27761201	27761400	16_EnhW1	66781
chr6	27695328	27695329	rs9348775	chr6	27761201	27761400	16_EnhW1	65873
chr6	27696950	27696951	rs9366700	chr6	27761201	27761400	16_EnhW1	64251
chr6	27698354	27698355	rs6456802	chr6	27761201	27761400	16_EnhW1	62847
chr6	27698836	27698837	rs13202295	chr6	27761201	27761400	16_EnhW1	62365
chr6	27698856	27698857	rs13202291	chr6	27761201	27761400	16_EnhW1	62345
chr6	27699580	27699581	rs9393851	chr6	27761201	27761400	16_EnhW1	61621
chr6	27700558	27700559	rs9461400	chr6	27761201	27761400	16_EnhW1	60643
chr6	27700798	27700799	rs71919754	chr6	27761201	27761400	16_EnhW1	60403
chr6	27701121	27701122	rs17750424	chr6	27761201	27761400	16_EnhW1	60080
chr6	27701652	27701653	rs146547528	chr6	27761201	27761400	16_EnhW1	59549
chr6	27702424	27702425	rs13193542	chr6	27761201	27761400	16_EnhW1	58777
chr6	27702439	27702440	rs10214440	chr6	27761201	27761400	16_EnhW1	58762
chr6	27702560	27702561	rs13193480	chr6	27761201	27761400	16_EnhW1	58641
chr6	27702831	27702832	rs9295742	chr6	27761201	27761400	16_EnhW1	58370
chr6	27703290	27703291	rs9461401	chr6	27761201	27761400	16_EnhW1	57911
chr6	27706179	27706180	rs9468213	chr6	27761201	27761400	16_EnhW1	55022
chr6	27709440	27709441	rs6902689	chr6	27761201	27761400	16_EnhW1	51761
chr6	27710164	27710165	rs17693963	chr6	27761201	27761400	16_EnhW1	51037
chr6	27711529	27711530	rs6914924	chr6	27761201	27761400	16_EnhW1	49672
chr6	27712119	27712120	rs6930992	chr6	27761201	27761400	16_EnhW1	49082
chr6	27713298	27713299	rs9468214	chr6	27761201	27761400	16_EnhW1	47903
chr6	27714574	27714575	rs6901520	chr6	27761201	27761400	16_EnhW1	46627
chr6	27715101	27715102	rs9295743	chr6	27761201	27761400	16_EnhW1	46100
chr6	27715242	27715243	rs9283880	chr6	27761201	27761400	16_EnhW1	45959
chr6	27715254	27715255	rs9283881	chr6	27761201	27761400	16_EnhW1	45947
chr6	27715257	27715258	rs9283882	chr6	27761201	27761400	16_EnhW1	45944
chr6	27715469	27715470	rs9283883	chr6	27761201	27761400	16_EnhW1	45732
chr6	27718108	27718109	rs7760523	chr6	27761201	27761400	16_EnhW1	43093
chr6	27718271	27718272	rs35957409	chr6	27761201	27761400	16_EnhW1	42930
chr6	27718560	27718561	rs61304804	chr6	27761201	27761400	16_EnhW1	42641
chr6	27719374	27719375	rs9461405	chr6	27761201	27761400	16_EnhW1	41827
chr6	27719763	27719764	rs9461406	chr6	27761201	27761400	16_EnhW1	41438
chr6	27720248	27720249	rs57252182	chr6	27761201	27761400	16_EnhW1	40953
chr6	27720702	27720703	rs34034915	chr6	27761201	27761400	16_EnhW1	40499
chr6	27720711	27720712	rs36042294	chr6	27761201	27761400	16_EnhW1	40490
chr6	27721834	27721835	rs4713120	chr6	27761201	27761400	16_EnhW1	39367
chr6	27722063	27722064	rs4713121	chr6	27761201	27761400	16_EnhW1	39138
chr6	27726466	27726467	rs9468217	chr6	27761201	27761400	16_EnhW1	34735
chr6	27726730	27726731	rs7776351	chr6	27761201	27761400	16_EnhW1	34471
chr6	27727512	27727513	rs4711163	chr6	27761201	27761400	16_EnhW1	33689
chr6	27728826	27728827	rs7773070	chr6	27761201	27761400	16_EnhW1	32375
chr6	27729705	27729706	rs192804591	chr6	27761201	27761400	16_EnhW1	31496
chr6	27730063	27730064	rs9295746	chr6	27761201	27761400	16_EnhW1	31138
chr6	27730081	27730082	rs72847313	chr6	27761201	27761400	16_EnhW1	31120
chr6	27730333	27730334	rs17750747	chr6	27761201	27761400	16_EnhW1	30868
chr6	27730462	27730463	rs7759217	chr6	27761201	27761400	16_EnhW1	30739
chr6	27731754	27731755	rs9468219	chr6	27761201	27761400	16_EnhW1	29447
chr6	27731772	27731773	rs141397554	chr6	27761201	27761400	16_EnhW1	29429
chr6	27732975	27732976	rs9468220	chr6	27761201	27761400	16_EnhW1	28226
chr6	27734469	27734470	rs9366702	chr6	27761201	27761400	16_EnhW1	26732
chr6	27734953	27734954	rs7756968	chr6	27761201	27761400	16_EnhW1	26248
chr6	27736992	27736993	rs9295747	chr6	27761201	27761400	16_EnhW1	24209
chr6	27737604	27737605	rs9368530	chr6	27761201	27761400	16_EnhW1	23597
chr6	27738731	27738732	rs2893929	chr6	27761201	27761400	16_EnhW1	22470
chr6	27738800	27738801	rs4140646	chr6	27761201	27761400	16_EnhW1	22401
chr6	27738805	27738806	rs2893930	chr6	27761201	27761400	16_EnhW1	22396
chr6	27739253	27739254	rs742046	chr6	27761201	27761400	16_EnhW1	21948
chr6	27739379	27739380	rs742047	chr6	27761201	27761400	16_EnhW1	21822
chr6	27739565	27739566	rs35501037	chr6	27761201	27761400	16_EnhW1	21636
chr6	27740299	27740300	rs760587	chr6	27761201	27761400	16_EnhW1	20902
chr6	27740665	27740666	rs9468223	chr6	27761201	27761400	16_EnhW1	20536
chr6	27741824	27741825	rs2179094	chr6	27761201	27761400	16_EnhW1	19377
chr6	27742034	27742035	rs1985099	chr6	27761201	27761400	16_EnhW1	19167
chr6	27745718	27745719	rs9468225	chr6	27761201	27761400	16_EnhW1	15483
chr6	27745737	27745738	rs9461407	chr6	27761201	27761400	16_EnhW1	15464
chr6	27746589	27746590	rs10484401	chr6	27761201	27761400	16_EnhW1	14612
chr6	27746691	27746692	rs35069907	chr6	27761201	27761400	16_EnhW1	14510
chr6	27746906	27746907	rs61601593	chr6	27761201	27761400	16_EnhW1	14295
chr6	27748009	27748010	rs2893931	chr6	27761201	27761400	16_EnhW1	13192
chr6	27748014	27748015	rs2394002	chr6	27761201	27761400	16_EnhW1	13187
chr6	27749329	27749330	rs2092075	chr6	27761201	27761400	16_EnhW1	11872
chr6	27750078	27750079	rs13211701	chr6	27761201	27761400	16_EnhW1	11123
chr6	27750085	27750086	rs9468229	chr6	27761201	27761400	16_EnhW1	11116
chr6	27750857	27750858	rs2179095	chr6	27761201	27761400	16_EnhW1	10344
chr6	27752015	27752016	rs36033802	chr6	27761201	27761400	16_EnhW1	9186
chr6	27757653	27757654	rs200465	chr6	27761201	27761400	16_EnhW1	3548
chr6	27759114	27759115	rs35037868	chr6	27761201	27761400	16_EnhW1	2087
chr6	27767172	27767173	rs72164066	chr6	27764201	27764400	16_EnhW1	2773
chr6	27769704	27769705	rs200477	chr6	27774001	27774200	17_EnhW2	4297
chr6	27770669	27770670	rs35381673	chr6	27774001	27774200	17_EnhW2	3332
chr6	27771105	27771106	rs13195728	chr6	27774001	27774200	17_EnhW2	2896
chr6	27773663	27773664	rs200480	chr6	27774001	27774200	17_EnhW2	338
chr6	27773831	27773832	rs200481	chr6	27774001	27774200	17_EnhW2	170
chr6	27773903	27773904	rs200482	chr6	27774001	27774200	17_EnhW2	98
chr6	27774436	27774437	rs36123694	chr6	27774201	27774400	16_EnhW1	37
chr6	27774823	27774824	rs200483	chr6	27774201	27774400	16_EnhW1	424
chr6	27775027	27775028	rs17751184	chr6	27774201	27774400	16_EnhW1	628
chr6	27775673	27775674	rs200484	chr6	27774201	27774400	16_EnhW1	1274
chr6	27775696	27775697	rs200485	chr6	27774201	27774400	16_EnhW1	1297
chr6	27781871	27781872	rs9368531	chr6	27781401	27782000	13_EnhA1	0
chr6	27782030	27782031	rs370155	chr6	27781401	27782000	13_EnhA1	31
chr6	27782527	27782528	rs401763	chr6	27781401	27782000	13_EnhA1	528
chr6	27782534	27782535	rs390764	chr6	27781401	27782000	13_EnhA1	535
chr6	27782537	27782538	rs401754	chr6	27781401	27782000	13_EnhA1	538
chr6	27783358	27783359	rs2747054	chr6	27783401	27784200	13_EnhA1	43
chr6	27783940	27783941	rs34718920	chr6	27783401	27784200	13_EnhA1	0
chr6	27785881	27785882	rs200503	chr6	27784601	27785200	18_EnhAc	682
chr6	27788061	27788062	rs200502	chr6	27788001	27788400	18_EnhAc	0
chr6	27788941	27788942	rs200501	chr6	27788001	27788400	18_EnhAc	542
chr6	27792603	27792604	rs59074088	chr6	27793201	27793400	13_EnhA1	598
chr6	27792639	27792640	rs200497	chr6	27793201	27793400	13_EnhA1	562
chr6	27793991	27793992	rs35706352	chr6	27793801	27794000	15_EnhAF	0
chr6	27795236	27795237	rs200494	chr6	27793801	27794000	15_EnhAF	1237
chr6	27795417	27795418	rs200493	chr6	27793801	27794000	15_EnhAF	1418
chr6	27796934	27796935	rs200490	chr6	27797401	27797600	18_EnhAc	467
chr6	27797254	27797255	rs140845989	chr6	27797401	27797600	18_EnhAc	147
chr6	27798256	27798257	rs200489	chr6	27797801	27798000	13_EnhA1	257
chr6	27798886	27798887	rs67101035	chr6	27799401	27799800	13_EnhA1	515
chr6	27799469	27799470	rs71559051	chr6	27799401	27799800	13_EnhA1	0
chr6	27799513	27799514	rs35202262	chr6	27799401	27799800	13_EnhA1	0
chr6	27805254	27805255	rs34706883	chr6	27802801	27803200	17_EnhW2	2055
chr6	27806984	27806985	rs13212651	chr6	27802801	27803200	17_EnhW2	3785
chr6	27808191	27808192	rs201002	chr6	27802801	27803200	17_EnhW2	4992
chr6	27810568	27810569	rs35819751	chr6	27802801	27803200	17_EnhW2	7369
chr6	27810625	27810626	rs175597	chr6	27802801	27803200	17_EnhW2	7426
chr6	27810698	27810699	rs200999	chr6	27802801	27803200	17_EnhW2	7499
chr6	27810843	27810844	rs35672256	chr6	27802801	27803200	17_EnhW2	7644
chr6	27811814	27811815	rs200997	chr6	27818801	27819400	17_EnhW2	6987
chr6	27811827	27811828	rs200996	chr6	27818801	27819400	17_EnhW2	6974
chr6	27813693	27813694	rs200995	chr6	27818801	27819400	17_EnhW2	5108
chr6	27813812	27813813	rs200994	chr6	27818801	27819400	17_EnhW2	4989
chr6	27814676	27814677	rs200992	chr6	27818801	27819400	17_EnhW2	4125
chr6	27815493	27815494	rs200991	chr6	27818801	27819400	17_EnhW2	3308
chr6	27815638	27815639	rs13194781	chr6	27818801	27819400	17_EnhW2	3163
chr6	27815822	27815823	rs200990	chr6	27818801	27819400	17_EnhW2	2979
chr6	27816441	27816442	rs200989	chr6	27818801	27819400	17_EnhW2	2360
chr6	27818481	27818482	rs36116761	chr6	27818801	27819400	17_EnhW2	320
chr6	27818534	27818535	rs34194357	chr6	27818801	27819400	17_EnhW2	267
chr6	27819352	27819353	rs200988	chr6	27818801	27819400	17_EnhW2	0
chr6	27824765	27824766	rs200986	chr6	27818801	27819400	17_EnhW2	5366
chr6	27828150	27828151	rs34295134	chr6	27830601	27831400	17_EnhW2	2451
chr6	27830325	27830326	rs200983	chr6	27830601	27831400	17_EnhW2	276
chr6	27833173	27833174	rs200981	chr6	27830601	27831400	17_EnhW2	1774
chr6	27834084	27834085	rs13199772	chr6	27836001	27836400	15_EnhAF	1917
chr6	27834138	27834139	rs13199906	chr6	27836001	27836400	15_EnhAF	1863
chr6	27835217	27835218	rs17763089	chr6	27836001	27836400	15_EnhAF	784
chr6	27835271	27835272	rs200948	chr6	27836001	27836400	15_EnhAF	730
chr6	27835434	27835435	rs200949	chr6	27836001	27836400	15_EnhAF	567
chr6	27835771	27835772	rs200950	chr6	27836001	27836400	15_EnhAF	230
chr6	27835929	27835930	rs200951	chr6	27836001	27836400	15_EnhAF	72
chr6	27836975	27836976	rs200952	chr6	27836401	27836600	18_EnhAc	376
chr6	27837182	27837183	rs17695758	chr6	27836401	27836600	18_EnhAc	583
chr6	27837266	27837267	rs200953	chr6	27836401	27836600	18_EnhAc	667
chr6	27838517	27838518	rs35366602	chr6	27838201	27838600	15_EnhAF	0
chr6	27838763	27838764	rs200954	chr6	27838601	27838800	18_EnhAc	0
chr6	27840925	27840926	rs45509595	chr6	27841801	27842400	13_EnhA1	876
chr6	27843741	27843742	rs9468248	chr6	27842401	27842600	17_EnhW2	1142
chr6	27845128	27845129	rs557042	chr6	27842401	27842600	17_EnhW2	2529
chr6	27846743	27846744	rs483143	chr6	27850201	27850600	18_EnhAc	3458
chr6	27847516	27847517	rs510987	chr6	27850201	27850600	18_EnhAc	2685
chr6	27849675	27849676	rs573179	chr6	27850201	27850600	18_EnhAc	526
chr6	27850713	27850714	rs493161	chr6	27850601	27851000	15_EnhAF	0
chr6	27850872	27850873	rs494887	chr6	27850601	27851000	15_EnhAF	0
chr6	27852010	27852011	rs200980	chr6	27851001	27851200	18_EnhAc	811
chr6	27852356	27852357	rs200979	chr6	27851001	27851200	18_EnhAc	1157
chr6	27853167	27853168	rs200978	chr6	27851001	27851200	18_EnhAc	1968
chr6	27854300	27854301	rs200977	chr6	27855601	27856800	15_EnhAF	1301
chr6	27854759	27854760	rs169287	chr6	27855601	27856800	15_EnhAF	842
chr6	27854962	27854963	rs200976	chr6	27855601	27856800	15_EnhAF	639
chr6	27855624	27855625	rs200975	chr6	27855601	27856800	15_EnhAF	0
chr6	27855844	27855845	rs200974	chr6	27855601	27856800	15_EnhAF	0
chr6	27858420	27858421	rs200973	chr6	27856801	27858000	13_EnhA1	421
chr6	27858836	27858837	rs200972	chr6	27856801	27858000	13_EnhA1	837
chr6	27858903	27858904	rs200971	chr6	27856801	27858000	13_EnhA1	904
chr6	27859452	27859453	rs200969	chr6	27856801	27858000	13_EnhA1	1453
chr6	27859567	27859568	rs200968	chr6	27856801	27858000	13_EnhA1	1568
chr6	27862126	27862127	rs200967	chr6	27863801	27864200	16_EnhW1	1675
chr6	27862151	27862152	rs200966	chr6	27863801	27864200	16_EnhW1	1650
chr6	27865901	27865902	rs66868086	chr6	27863801	27864200	16_EnhW1	1702
chr6	27866383	27866384	rs200965	chr6	27863801	27864200	16_EnhW1	2184
chr6	27866942	27866943	rs200964	chr6	27863801	27864200	16_EnhW1	2743
chr6	27868791	27868792	rs13199649	chr6	27863801	27864200	16_EnhW1	4592
chr6	27877445	27877446	rs188015	chr6	27863801	27864200	16_EnhW1	13246
chr6	27877984	27877985	rs149855	chr6	27863801	27864200	16_EnhW1	13785
chr6	27878737	27878738	rs149878	chr6	27863801	27864200	16_EnhW1	14538
chr6	27879199	27879200	rs34788973	chr6	27863801	27864200	16_EnhW1	15000
chr6	27879981	27879982	rs61742093	chr6	27863801	27864200	16_EnhW1	15782
chr6	27884011	27884012	rs13218875	chr6	27863801	27864200	16_EnhW1	19812
chr6	27895212	27895213	rs156737	chr6	27863801	27864200	16_EnhW1	31013
chr6	27896798	27896799	rs71559054	chr6	27926801	27927200	17_EnhW2	30003
chr6	27905508	27905509	rs67040724	chr6	27926801	27927200	17_EnhW2	21293
chr6	27910707	27910708	rs276371	chr6	27926801	27927200	17_EnhW2	16094
chr6	27912436	27912437	rs149583087	chr6	27926801	27927200	17_EnhW2	14365
chr6	27914358	27914359	rs70983923	chr6	27926801	27927200	17_EnhW2	12443
chr6	27919242	27919243	rs276369	chr6	27926801	27927200	17_EnhW2	7559
chr6	27932300	27932301	rs67662114	chr6	27926801	27927200	17_EnhW2	5101
chr6	27938483	27938484	rs13216117	chr6	27926801	27927200	17_EnhW2	11284
chr6	27943368	27943369	rs36101351	chr6	27926801	27927200	17_EnhW2	16169
chr6	27945395	27945396	rs28360499	chr6	27926801	27927200	17_EnhW2	18196
chr6	27960434	27960435	rs156740	chr6	27969601	27969800	17_EnhW2	9167
chr6	27965502	27965503	rs149901	chr6	27969601	27969800	17_EnhW2	4099
chr6	27967088	27967089	rs156743	chr6	27969601	27969800	17_EnhW2	2513
chr6	27967273	27967274	rs156744	chr6	27969601	27969800	17_EnhW2	2328
chr6	27967590	27967591	rs464312	chr6	27969601	27969800	17_EnhW2	2011
chr6	27970030	27970031	rs149946	chr6	27969601	27969800	17_EnhW2	231
chr6	27970703	27970704	rs469228	chr6	27971201	27973200	17_EnhW2	498
chr6	27970704	27970705	rs469227	chr6	27971201	27973200	17_EnhW2	497
chr6	27970714	27970715	rs71537572	chr6	27971201	27973200	17_EnhW2	487
chr6	27971448	27971449	rs71546588	chr6	27971201	27973200	17_EnhW2	0
chr6	27972432	27972433	rs149947	chr6	27971201	27973200	17_EnhW2	0
chr6	27974816	27974817	rs149948	chr6	27974001	27974200	17_EnhW2	617
chr6	27977494	27977495	rs149968	chr6	27974001	27974200	17_EnhW2	3295
chr6	27977736	27977737	rs149969	chr6	27974001	27974200	17_EnhW2	3537
chr6	27980219	27980220	rs149970	chr6	27974001	27974200	17_EnhW2	6020
chr6	27982151	27982152	rs149971	chr6	27974001	27974200	17_EnhW2	7952
chr6	27983226	27983227	rs149972	chr6	27974001	27974200	17_EnhW2	9027
chr6	27983612	27983613	rs149973	chr6	27974001	27974200	17_EnhW2	9413
chr6	27985095	27985096	rs149974	chr6	27974001	27974200	17_EnhW2	10896
chr6	27986339	27986340	rs149975	chr6	27974001	27974200	17_EnhW2	12140
chr6	27987775	27987776	rs149976	chr6	27974001	27974200	17_EnhW2	13576
chr6	27989173	27989174	rs149977	chr6	27974001	27974200	17_EnhW2	14974
chr6	27989251	27989252	rs142965311	chr6	27974001	27974200	17_EnhW2	15052
chr6	27989369	27989370	rs149978	chr6	27974001	27974200	17_EnhW2	15170
chr6	27991006	27991007	rs149979	chr6	27974001	27974200	17_EnhW2	16807
chr6	27992100	27992101	rs149980	chr6	27974001	27974200	17_EnhW2	17901
chr6	27992882	27992883	rs149982	chr6	27974001	27974200	17_EnhW2	18683
chr6	27992897	27992898	rs138234416	chr6	27974001	27974200	17_EnhW2	18698
chr6	27993246	27993247	rs149983	chr6	27974001	27974200	17_EnhW2	19047
chr6	27993334	27993335	rs149984	chr6	27974001	27974200	17_EnhW2	19135
chr6	27994415	27994416	rs71559067	chr6	27974001	27974200	17_EnhW2	20216
chr6	27995617	27995618	rs34249029	chr6	27974001	27974200	17_EnhW2	21418
chr6	27997082	27997083	rs70983927	chr6	27974001	27974200	17_EnhW2	22883
chr6	27998183	27998184	rs149989	chr6	27974001	27974200	17_EnhW2	23984
chr6	27998257	27998258	rs149990	chr6	27974001	27974200	17_EnhW2	24058
chr6	28001032	28001033	rs149941	chr6	27974001	27974200	17_EnhW2	26833
chr6	28001609	28001610	rs149942	chr6	27974001	27974200	17_EnhW2	27410
chr6	28002387	28002388	rs149943	chr6	27974001	27974200	17_EnhW2	28188
chr6	28002817	28002818	rs149944	chr6	27974001	27974200	17_EnhW2	28618
chr6	28002852	28002853	rs149945	chr6	27974001	27974200	17_EnhW2	28653
chr6	28003227	28003228	rs13193295	chr6	27974001	27974200	17_EnhW2	29028
chr6	28004058	28004059	rs156736	chr6	27974001	27974200	17_EnhW2	29859
chr6	28004077	28004078	rs156735	chr6	27974001	27974200	17_EnhW2	29878
chr6	28006649	28006650	rs149897	chr6	27974001	27974200	17_EnhW2	32450
chr6	28007356	28007357	rs156734	chr6	27974001	27974200	17_EnhW2	33157
chr6	28007405	28007406	rs35011434	chr6	27974001	27974200	17_EnhW2	33206
chr6	28010077	28010078	rs169431	chr6	27974001	27974200	17_EnhW2	35878
chr6	28011515	28011516	rs149949	chr6	27974001	27974200	17_EnhW2	37316
chr6	28011550	28011551	rs202908	chr6	27974001	27974200	17_EnhW2	37351
chr6	28011584	28011585	rs175954	chr6	27974001	27974200	17_EnhW2	37385
chr6	28011651	28011652	rs202906	chr6	27974001	27974200	17_EnhW2	37452
chr6	28013409	28013410	rs156739	chr6	27974001	27974200	17_EnhW2	39210
chr6	28013853	28013854	rs149959	chr6	27974001	27974200	17_EnhW2	39654
chr6	28014024	28014025	rs156738	chr6	27974001	27974200	17_EnhW2	39825
chr6	28014596	28014597	rs149900	chr6	27974001	27974200	17_EnhW2	40397
chr6	28015568	28015569	rs149961	chr6	27974001	27974200	17_EnhW2	41369
chr6	28015917	28015918	rs149962	chr6	27974001	27974200	17_EnhW2	41718
chr6	28017102	28017103	rs34437313	chr6	27974001	27974200	17_EnhW2	42903
chr6	28017131	28017132	rs149963	chr6	27974001	27974200	17_EnhW2	42932
chr6	28017249	28017250	rs13200214	chr6	27974001	27974200	17_EnhW2	43050
chr6	28018468	28018469	rs149964	chr6	27974001	27974200	17_EnhW2	44269
chr6	28018688	28018689	rs149965	chr6	27974001	27974200	17_EnhW2	44489
chr6	28019978	28019979	rs149899	chr6	27974001	27974200	17_EnhW2	45779
chr6	28020813	28020814	rs172165	chr6	27974001	27974200	17_EnhW2	46614
chr6	28020819	28020820	rs172166	chr6	27974001	27974200	17_EnhW2	46620
chr6	28021588	28021589	rs203888	chr6	27974001	27974200	17_EnhW2	47389
chr6	28021774	28021775	rs203889	chr6	27974001	27974200	17_EnhW2	47575
chr6	28022247	28022248	rs203890	chr6	27974001	27974200	17_EnhW2	48048
chr6	28022416	28022417	rs67631681	chr6	27974001	27974200	17_EnhW2	48217
chr6	28022722	28022723	rs12173797	chr6	27974001	27974200	17_EnhW2	48523
chr6	28023007	28023008	rs66529373	chr6	27974001	27974200	17_EnhW2	48808
chr6	28023299	28023300	rs12174026	chr6	27974001	27974200	17_EnhW2	49100
chr6	28023750	28023751	rs9393881	chr6	27974001	27974200	17_EnhW2	49551
chr6	28024485	28024486	rs9357060	chr6	27974001	27974200	17_EnhW2	50286
chr6	28024569	28024570	rs9468271	chr6	27974001	27974200	17_EnhW2	50370
chr6	28025278	28025279	rs9380045	chr6	27974001	27974200	17_EnhW2	51079
chr6	28025485	28025486	rs9348789	chr6	27974001	27974200	17_EnhW2	51286
chr6	28025767	28025768	rs9468272	chr6	27974001	27974200	17_EnhW2	51568
chr6	28025925	28025926	rs35949109	chr6	27974001	27974200	17_EnhW2	51726
chr6	28026076	28026077	rs9468274	chr6	27974001	27974200	17_EnhW2	51877
chr6	28026135	28026136	rs9468275	chr6	27974001	27974200	17_EnhW2	51936
chr6	28027687	28027688	rs9468276	chr6	27974001	27974200	17_EnhW2	53488
chr6	28028066	28028067	rs9368547	chr6	27974001	27974200	17_EnhW2	53867
chr6	28028389	28028390	rs9468277	chr6	27974001	27974200	17_EnhW2	54190
chr6	28028481	28028482	rs9468278	chr6	27974001	27974200	17_EnhW2	54282
chr6	28029060	28029061	rs10718311	chr6	27974001	27974200	17_EnhW2	54861
chr6	28029836	28029837	rs13218430	chr6	27974001	27974200	17_EnhW2	55637
chr6	28030498	28030499	rs9380046	chr6	27974001	27974200	17_EnhW2	56299
chr6	28031837	28031838	rs183244	chr6	27974001	27974200	17_EnhW2	57638
chr6	28033038	28033039	rs149950	chr6	28091601	28091800	16_EnhW1	58563
chr6	28033086	28033087	rs149951	chr6	28091601	28091800	16_EnhW1	58515
chr6	28033173	28033174	rs9295755	chr6	28091601	28091800	16_EnhW1	58428
chr6	28033197	28033198	rs35007230	chr6	28091601	28091800	16_EnhW1	58404
chr6	28033395	28033396	rs9295756	chr6	28091601	28091800	16_EnhW1	58206
chr6	28033522	28033523	rs10484403	chr6	28091601	28091800	16_EnhW1	58079
chr6	28034034	28034035	rs4713132	chr6	28091601	28091800	16_EnhW1	57567
chr6	28034040	28034041	rs4713133	chr6	28091601	28091800	16_EnhW1	57561
chr6	28034120	28034121	rs4713134	chr6	28091601	28091800	16_EnhW1	57481
chr6	28034238	28034239	rs11393666	chr6	28091601	28091800	16_EnhW1	57363
chr6	28034736	28034737	rs9368548	chr6	28091601	28091800	16_EnhW1	56865
chr6	28034918	28034919	rs35993673	chr6	28091601	28091800	16_EnhW1	56683
chr6	28035245	28035246	rs149954	chr6	28091601	28091800	16_EnhW1	56356
chr6	28036224	28036225	rs149955	chr6	28091601	28091800	16_EnhW1	55377
chr6	28036250	28036251	rs149956	chr6	28091601	28091800	16_EnhW1	55351
chr6	28037031	28037032	rs61471148	chr6	28091601	28091800	16_EnhW1	54570
chr6	28037892	28037893	rs9380047	chr6	28091601	28091800	16_EnhW1	53709
chr6	28038928	28038929	rs71559070	chr6	28091601	28091800	16_EnhW1	52673
chr6	28039014	28039015	rs7755442	chr6	28091601	28091800	16_EnhW1	52587
chr6	28039585	28039586	rs4713135	chr6	28091601	28091800	16_EnhW1	52016
chr6	28040818	28040819	rs203869	chr6	28091601	28091800	16_EnhW1	50783
chr6	28041666	28041667	rs35106887	chr6	28091601	28091800	16_EnhW1	49935
chr6	28043827	28043828	rs34712084	chr6	28091601	28091800	16_EnhW1	47774
chr6	28044336	28044337	rs55747925	chr6	28091601	28091800	16_EnhW1	47265
chr6	28044481	28044482	rs56310871	chr6	28091601	28091800	16_EnhW1	47120
chr6	28046168	28046169	rs34716816	chr6	28091601	28091800	16_EnhW1	45433
chr6	28046672	28046673	rs203876	chr6	28091601	28091800	16_EnhW1	44929
chr6	28046788	28046789	rs9393884	chr6	28091601	28091800	16_EnhW1	44813
chr6	28048442	28048443	rs34390897	chr6	28091601	28091800	16_EnhW1	43159
chr6	28048534	28048535	rs9380049	chr6	28091601	28091800	16_EnhW1	43067
chr6	28048537	28048538	rs9380050	chr6	28091601	28091800	16_EnhW1	43064
chr6	28048623	28048624	rs203877	chr6	28091601	28091800	16_EnhW1	42978
chr6	28048995	28048996	rs203878	chr6	28091601	28091800	16_EnhW1	42606
chr6	28050008	28050009	rs9393885	chr6	28091601	28091800	16_EnhW1	41593
chr6	28050038	28050039	rs9393886	chr6	28091601	28091800	16_EnhW1	41563
chr6	28050046	28050047	rs9368549	chr6	28091601	28091800	16_EnhW1	41555
chr6	28050761	28050762	rs56364346	chr6	28091601	28091800	16_EnhW1	40840
chr6	28050773	28050774	rs59743198	chr6	28091601	28091800	16_EnhW1	40828
chr6	28051771	28051772	rs9357061	chr6	28091601	28091800	16_EnhW1	39830
chr6	28051802	28051803	rs9368550	chr6	28091601	28091800	16_EnhW1	39799
chr6	28052822	28052823	rs1321505	chr6	28091601	28091800	16_EnhW1	38779
chr6	28053096	28053097	rs2295594	chr6	28091601	28091800	16_EnhW1	38505
chr6	28054403	28054404	rs9357062	chr6	28091601	28091800	16_EnhW1	37198
chr6	28054706	28054707	rs16893666	chr6	28091601	28091800	16_EnhW1	36895
chr6	28055591	28055592	rs138278759	chr6	28091601	28091800	16_EnhW1	36010
chr6	28057593	28057594	rs2273564	chr6	28091601	28091800	16_EnhW1	34008
chr6	28058634	28058635	rs1853097	chr6	28091601	28091800	16_EnhW1	32967
chr6	28058948	28058949	rs35902873	chr6	28091601	28091800	16_EnhW1	32653
chr6	28059019	28059020	rs9393887	chr6	28091601	28091800	16_EnhW1	32582
chr6	28059216	28059217	rs9393888	chr6	28091601	28091800	16_EnhW1	32385
chr6	28059436	28059437	rs3734573	chr6	28091601	28091800	16_EnhW1	32165
chr6	28060004	28060005	rs9357063	chr6	28091601	28091800	16_EnhW1	31597
chr6	28060238	28060239	rs13197574	chr6	28091601	28091800	16_EnhW1	31363
chr6	28061743	28061744	rs3823180	chr6	28091601	28091800	16_EnhW1	29858
chr6	28061791	28061792	rs9368551	chr6	28091601	28091800	16_EnhW1	29810
chr6	28062065	28062066	rs203893	chr6	28091601	28091800	16_EnhW1	29536
chr6	28062441	28062442	rs34152964	chr6	28091601	28091800	16_EnhW1	29160
chr6	28062638	28062639	rs35015589	chr6	28091601	28091800	16_EnhW1	28963
chr6	28063854	28063855	rs9393890	chr6	28091601	28091800	16_EnhW1	27747
chr6	28064622	28064623	rs9380052	chr6	28091601	28091800	16_EnhW1	26979
chr6	28064632	28064633	rs9366715	chr6	28091601	28091800	16_EnhW1	26969
chr6	28065800	28065801	rs34166054	chr6	28091601	28091800	16_EnhW1	25801
chr6	28065887	28065888	rs476167	chr6	28091601	28091800	16_EnhW1	25714
chr6	28065992	28065993	rs34466819	chr6	28091601	28091800	16_EnhW1	25609
chr6	28067195	28067196	rs203892	chr6	28091601	28091800	16_EnhW1	24406
chr6	28067536	28067537	rs9380054	chr6	28091601	28091800	16_EnhW1	24065
chr6	28067950	28067951	rs2116981	chr6	28091601	28091800	16_EnhW1	23651
chr6	28068425	28068426	rs9368552	chr6	28091601	28091800	16_EnhW1	23176
chr6	28069620	28069621	rs145806375	chr6	28091601	28091800	16_EnhW1	21981
chr6	28070997	28070998	rs13437444	chr6	28091601	28091800	16_EnhW1	20604
chr6	28071392	28071393	rs188105	chr6	28091601	28091800	16_EnhW1	20209
chr6	28072056	28072057	rs35024957	chr6	28091601	28091800	16_EnhW1	19545
chr6	28072601	28072602	rs2281588	chr6	28091601	28091800	16_EnhW1	19000
chr6	28072876	28072877	rs71546598	chr6	28091601	28091800	16_EnhW1	18725
chr6	28073880	28073881	rs34662244	chr6	28091601	28091800	16_EnhW1	17721
chr6	28074518	28074519	rs150614878	chr6	28091601	28091800	16_EnhW1	17083
chr6	28074525	28074526	rs200257294	chr6	28091601	28091800	16_EnhW1	17076
chr6	28074900	28074901	rs35952432	chr6	28091601	28091800	16_EnhW1	16701
chr6	28074924	28074925	rs35576511	chr6	28091601	28091800	16_EnhW1	16677
chr6	28074999	28075000	rs34131763	chr6	28091601	28091800	16_EnhW1	16602
chr6	28075910	28075911	rs112615652	chr6	28091601	28091800	16_EnhW1	15691
chr6	28076269	28076270	rs35193936	chr6	28091601	28091800	16_EnhW1	15332
chr6	28077373	28077374	rs203884	chr6	28091601	28091800	16_EnhW1	14228
chr6	28077601	28077602	rs17711344	chr6	28091601	28091800	16_EnhW1	14000
chr6	28078031	28078032	rs36078605	chr6	28091601	28091800	16_EnhW1	13570
chr6	28078302	28078303	rs6932109	chr6	28091601	28091800	16_EnhW1	13299
chr6	28078355	28078356	rs203883	chr6	28091601	28091800	16_EnhW1	13246
chr6	28078410	28078411	rs6931858	chr6	28091601	28091800	16_EnhW1	13191
chr6	28078501	28078502	rs203882	chr6	28091601	28091800	16_EnhW1	13100
chr6	28079159	28079160	rs9393891	chr6	28091601	28091800	16_EnhW1	12442
chr6	28079427	28079428	rs9468286	chr6	28091601	28091800	16_EnhW1	12174
chr6	28079597	28079598	rs13203816	chr6	28091601	28091800	16_EnhW1	12004
chr6	28079740	28079741	rs9468287	chr6	28091601	28091800	16_EnhW1	11861
chr6	28079945	28079946	rs7739216	chr6	28091601	28091800	16_EnhW1	11656
chr6	28079952	28079953	rs35512245	chr6	28091601	28091800	16_EnhW1	11649
chr6	28080627	28080628	rs34588114	chr6	28091601	28091800	16_EnhW1	10974
chr6	28080776	28080777	rs68188794	chr6	28091601	28091800	16_EnhW1	10825
chr6	28081393	28081394	rs9393892	chr6	28091601	28091800	16_EnhW1	10208
chr6	28081628	28081629	rs9380055	chr6	28091601	28091800	16_EnhW1	9973
chr6	28081757	28081758	rs34371502	chr6	28091601	28091800	16_EnhW1	9844
chr6	28081986	28081987	rs71546599	chr6	28091601	28091800	16_EnhW1	9615
chr6	28082264	28082265	rs9368553	chr6	28091601	28091800	16_EnhW1	9337
chr6	28082710	28082711	rs9368554	chr6	28091601	28091800	16_EnhW1	8891
chr6	28083520	28083521	rs4713137	chr6	28091601	28091800	16_EnhW1	8081
chr6	28084188	28084189	rs9348793	chr6	28091601	28091800	16_EnhW1	7413
chr6	28084721	28084722	rs375370818	chr6	28091601	28091800	16_EnhW1	6880
chr6	28084730	28084731	rs201123382	chr6	28091601	28091800	16_EnhW1	6871
chr6	28084731	28084732	rs199556118	chr6	28091601	28091800	16_EnhW1	6870
chr6	28084732	28084733	rs200633730	chr6	28091601	28091800	16_EnhW1	6869
chr6	28086412	28086413	rs1770131	chr6	28091601	28091800	16_EnhW1	5189
chr6	28086477	28086478	rs6905516	chr6	28091601	28091800	16_EnhW1	5124
chr6	28086478	28086479	rs6905522	chr6	28091601	28091800	16_EnhW1	5123
chr6	28086882	28086883	rs9461432	chr6	28091601	28091800	16_EnhW1	4719
chr6	28087673	28087674	rs9468290	chr6	28091601	28091800	16_EnhW1	3928
chr6	28089480	28089481	rs71559072	chr6	28091601	28091800	16_EnhW1	2121
chr6	28089698	28089699	rs1631552	chr6	28091601	28091800	16_EnhW1	1903
chr6	28090930	28090931	rs6934769	chr6	28091601	28091800	16_EnhW1	671
chr6	28091579	28091580	rs35345226	chr6	28091601	28091800	16_EnhW1	22
chr6	28092306	28092307	rs17711801	chr6	28091601	28091800	16_EnhW1	507
chr6	28092602	28092603	rs536704	chr6	28091601	28091800	16_EnhW1	803
chr6	28092684	28092685	rs4713139	chr6	28091601	28091800	16_EnhW1	885
chr6	28094365	28094366	rs6922063	chr6	28091601	28091800	16_EnhW1	2566
chr6	28094730	28094731	rs2275508	chr6	28091601	28091800	16_EnhW1	2931
chr6	28095171	28095172	rs9461433	chr6	28091601	28091800	16_EnhW1	3372
chr6	28095354	28095355	rs9468292	chr6	28091601	28091800	16_EnhW1	3555
chr6	28096279	28096280	rs1654774	chr6	28091601	28091800	16_EnhW1	4480
chr6	28097192	28097193	rs4713140	chr6	28091601	28091800	16_EnhW1	5393
chr6	28099343	28099344	rs1947863	chr6	28105801	28106000	16_EnhW1	6458
chr6	28100639	28100640	rs1225710	chr6	28105801	28106000	16_EnhW1	5162
chr6	28101020	28101021	rs35841331	chr6	28105801	28106000	16_EnhW1	4781
chr6	28101067	28101068	rs11346352	chr6	28105801	28106000	16_EnhW1	4734
chr6	28101677	28101678	rs4713141	chr6	28105801	28106000	16_EnhW1	4124
chr6	28102377	28102378	rs34130214	chr6	28105801	28106000	16_EnhW1	3424
chr6	28102464	28102465	rs9461434	chr6	28105801	28106000	16_EnhW1	3337
chr6	28103690	28103691	rs1340004	chr6	28105801	28106000	16_EnhW1	2111
chr6	28104475	28104476	rs9380056	chr6	28105801	28106000	16_EnhW1	1326
chr6	28104633	28104634	rs9380057	chr6	28105801	28106000	16_EnhW1	1168
chr6	28105195	28105196	rs1947862	chr6	28105801	28106000	16_EnhW1	606
chr6	28106140	28106141	rs6941992	chr6	28105801	28106000	16_EnhW1	141
chr6	28106346	28106347	rs4713142	chr6	28105801	28106000	16_EnhW1	347
chr6	28106758	28106759	rs4713143	chr6	28105801	28106000	16_EnhW1	759
chr6	28106789	28106790	rs4713144	chr6	28105801	28106000	16_EnhW1	790
chr6	28106826	28106827	rs4713145	chr6	28105801	28106000	16_EnhW1	827
chr6	28107356	28107357	rs3757188	chr6	28105801	28106000	16_EnhW1	1357
chr6	28107653	28107654	rs3757187	chr6	28105801	28106000	16_EnhW1	1654
chr6	28107775	28107776	rs3757185	chr6	28105801	28106000	16_EnhW1	1776
chr6	28108084	28108085	rs1904841	chr6	28105801	28106000	16_EnhW1	2085
chr6	28108231	28108232	rs1904840	chr6	28105801	28106000	16_EnhW1	2232
chr6	28108787	28108788	rs2791332	chr6	28105801	28106000	16_EnhW1	2788
chr6	28108966	28108967	rs9368555	chr6	28105801	28106000	16_EnhW1	2967
chr6	28109261	28109262	rs9393893	chr6	28105801	28106000	16_EnhW1	3262
chr6	28110147	28110148	rs868987	chr6	28105801	28106000	16_EnhW1	4148
chr6	28111113	28111114	rs2791333	chr6	28105801	28106000	16_EnhW1	5114
chr6	28111535	28111536	rs4713146	chr6	28105801	28106000	16_EnhW1	5536
chr6	28112561	28112562	rs9393894	chr6	28105801	28106000	16_EnhW1	6562
chr6	28112712	28112713	rs9468295	chr6	28105801	28106000	16_EnhW1	6713
chr6	28113372	28113373	rs1225715	chr6	28105801	28106000	16_EnhW1	7373
chr6	28113729	28113730	rs9468296	chr6	28105801	28106000	16_EnhW1	7730
chr6	28113745	28113746	rs1225716	chr6	28105801	28106000	16_EnhW1	7746
chr6	28114817	28114818	rs35749575	chr6	28105801	28106000	16_EnhW1	8818
chr6	28115155	28115156	rs4711164	chr6	28105801	28106000	16_EnhW1	9156
chr6	28115183	28115184	rs4711165	chr6	28105801	28106000	16_EnhW1	9184
chr6	28115335	28115336	rs2622320	chr6	28105801	28106000	16_EnhW1	9336
chr6	28115920	28115921	rs4713148	chr6	28105801	28106000	16_EnhW1	9921
chr6	28117442	28117443	rs2622322	chr6	28105801	28106000	16_EnhW1	11443
chr6	28117756	28117757	rs9348794	chr6	28105801	28106000	16_EnhW1	11757
chr6	28117803	28117804	rs34205915	chr6	28105801	28106000	16_EnhW1	11804
chr6	28118873	28118874	rs9468297	chr6	28105801	28106000	16_EnhW1	12874
chr6	28119054	28119055	rs72846780	chr6	28105801	28106000	16_EnhW1	13055
chr6	28120346	28120347	rs59181828	chr6	28105801	28106000	16_EnhW1	14347
chr6	28120347	28120348	rs17712613	chr6	28105801	28106000	16_EnhW1	14348
chr6	28120400	28120401	rs2622319	chr6	28105801	28106000	16_EnhW1	14401
chr6	28120662	28120663	rs9295758	chr6	28105801	28106000	16_EnhW1	14663
chr6	28120897	28120898	rs17774663	chr6	28105801	28106000	16_EnhW1	14898
chr6	28122344	28122345	rs9468298	chr6	28105801	28106000	16_EnhW1	16345
chr6	28123927	28123928	rs1150666	chr6	28105801	28106000	16_EnhW1	17928
chr6	28124113	28124114	rs13205911	chr6	28105801	28106000	16_EnhW1	18114
chr6	28124468	28124469	rs9295759	chr6	28105801	28106000	16_EnhW1	18469
chr6	28126201	28126202	rs9348796	chr6	28105801	28106000	16_EnhW1	20202
chr6	28126833	28126834	rs11552219	chr6	28105801	28106000	16_EnhW1	20834
chr6	28126839	28126840	rs9468300	chr6	28105801	28106000	16_EnhW1	20840
chr6	28127443	28127444	rs9380058	chr6	28105801	28106000	16_EnhW1	21444
chr6	28127620	28127621	rs9393895	chr6	28105801	28106000	16_EnhW1	21621
chr6	28127702	28127703	rs9393896	chr6	28105801	28106000	16_EnhW1	21703
chr6	28127709	28127710	rs9393897	chr6	28105801	28106000	16_EnhW1	21710
chr6	28129230	28129231	rs13197175	chr6	28105801	28106000	16_EnhW1	23231
chr6	28129231	28129232	rs13197176	chr6	28105801	28106000	16_EnhW1	23232
chr6	28129579	28129580	rs9357065	chr6	28105801	28106000	16_EnhW1	23580
chr6	28129712	28129713	rs1225618	chr6	28105801	28106000	16_EnhW1	23713
chr6	28129788	28129789	rs1150668	chr6	28105801	28106000	16_EnhW1	23789
chr6	28129830	28129831	rs9357066	chr6	28105801	28106000	16_EnhW1	23831
chr6	28130088	28130089	rs13201308	chr6	28105801	28106000	16_EnhW1	24089
chr6	28130375	28130376	rs9393898	chr6	28105801	28106000	16_EnhW1	24376
chr6	28130410	28130411	rs72087025	chr6	28105801	28106000	16_EnhW1	24411
chr6	28130449	28130450	rs34765154	chr6	28105801	28106000	16_EnhW1	24450
chr6	28130558	28130559	rs1150670	chr6	28105801	28106000	16_EnhW1	24559
chr6	28131152	28131153	rs9368556	chr6	28105801	28106000	16_EnhW1	25153
chr6	28131536	28131537	rs9368557	chr6	28105801	28106000	16_EnhW1	25537
chr6	28132357	28132358	rs9380059	chr6	28105801	28106000	16_EnhW1	26358
chr6	28132602	28132603	rs9380060	chr6	28105801	28106000	16_EnhW1	26603
chr6	28132725	28132726	rs35227624	chr6	28105801	28106000	16_EnhW1	26726
chr6	28132755	28132756	rs2021826	chr6	28105801	28106000	16_EnhW1	26756
chr6	28132802	28132803	rs9380061	chr6	28105801	28106000	16_EnhW1	26803
chr6	28133238	28133239	rs34505829	chr6	28105801	28106000	16_EnhW1	27239
chr6	28133305	28133306	rs9368558	chr6	28105801	28106000	16_EnhW1	27306
chr6	28133527	28133528	rs9393899	chr6	28105801	28106000	16_EnhW1	27528
chr6	28134220	28134221	rs35098436	chr6	28105801	28106000	16_EnhW1	28221
chr6	28135659	28135660	rs9283884	chr6	28105801	28106000	16_EnhW1	29660
chr6	28136211	28136212	rs4713150	chr6	28105801	28106000	16_EnhW1	30212
chr6	28136355	28136356	rs4713151	chr6	28105801	28106000	16_EnhW1	30356
chr6	28136796	28136797	rs9393901	chr6	28105801	28106000	16_EnhW1	30797
chr6	28137026	28137027	rs3173443	chr6	28105801	28106000	16_EnhW1	31027
chr6	28137453	28137454	rs4713152	chr6	28105801	28106000	16_EnhW1	31454
chr6	28137498	28137499	rs72846794	chr6	28105801	28106000	16_EnhW1	31499
chr6	28137504	28137505	rs141107931	chr6	28105801	28106000	16_EnhW1	31505
chr6	28137532	28137533	rs9348797	chr6	28105801	28106000	16_EnhW1	31533
chr6	28137568	28137569	rs9380062	chr6	28105801	28106000	16_EnhW1	31569
chr6	28137852	28137853	rs9380063	chr6	28105801	28106000	16_EnhW1	31853
chr6	28137968	28137969	rs71546602	chr6	28105801	28106000	16_EnhW1	31969
chr6	28139709	28139710	rs13217984	chr6	28105801	28106000	16_EnhW1	33710
chr6	28141459	28141460	rs8180562	chr6	28105801	28106000	16_EnhW1	35460
chr6	28141547	28141548	rs12332979	chr6	28105801	28106000	16_EnhW1	35548
chr6	28141696	28141697	rs35706476	chr6	28105801	28106000	16_EnhW1	35697
chr6	28142275	28142276	rs1150678	chr6	28105801	28106000	16_EnhW1	36276
chr6	28142586	28142587	rs67878650	chr6	28105801	28106000	16_EnhW1	36587
chr6	28143009	28143010	rs1233696	chr6	28105801	28106000	16_EnhW1	37010
chr6	28143010	28143011	rs9348798	chr6	28105801	28106000	16_EnhW1	37011
chr6	28143117	28143118	rs9380064	chr6	28105801	28106000	16_EnhW1	37118
chr6	28144750	28144751	rs9380065	chr6	28181001	28181200	16_EnhW1	36251
chr6	28144810	28144811	rs59678548	chr6	28181001	28181200	16_EnhW1	36191
chr6	28144831	28144832	rs35781323	chr6	28181001	28181200	16_EnhW1	36170
chr6	28145077	28145078	rs34121958	chr6	28181001	28181200	16_EnhW1	35924
chr6	28146297	28146298	rs11426024	chr6	28181001	28181200	16_EnhW1	34704
chr6	28147384	28147385	rs9295760	chr6	28181001	28181200	16_EnhW1	33617
chr6	28147986	28147987	rs9295761	chr6	28181001	28181200	16_EnhW1	33015
chr6	28148751	28148752	rs1225591	chr6	28181001	28181200	16_EnhW1	32250
chr6	28150241	28150242	rs1225592	chr6	28181001	28181200	16_EnhW1	30760
chr6	28150877	28150878	rs34832585	chr6	28181001	28181200	16_EnhW1	30124
chr6	28150997	28150998	rs9380067	chr6	28181001	28181200	16_EnhW1	30004
chr6	28151055	28151056	rs1150679	chr6	28181001	28181200	16_EnhW1	29946
chr6	28151339	28151340	rs1225595	chr6	28181001	28181200	16_EnhW1	29662
chr6	28151857	28151858	rs35056150	chr6	28181001	28181200	16_EnhW1	29144
chr6	28152582	28152583	rs6901017	chr6	28181001	28181200	16_EnhW1	28419
chr6	28153896	28153897	rs1233691	chr6	28181001	28181200	16_EnhW1	27105
chr6	28155417	28155418	rs9295762	chr6	28181001	28181200	16_EnhW1	25584
chr6	28159959	28159960	rs9368560	chr6	28181001	28181200	16_EnhW1	21042
chr6	28160798	28160799	rs1225598	chr6	28181001	28181200	16_EnhW1	20203
chr6	28161270	28161271	rs1150686	chr6	28181001	28181200	16_EnhW1	19731
chr6	28162086	28162087	rs1225597	chr6	28181001	28181200	16_EnhW1	18915
chr6	28162468	28162469	rs1150687	chr6	28181001	28181200	16_EnhW1	18533
chr6	28162619	28162620	rs1225596	chr6	28181001	28181200	16_EnhW1	18382
chr6	28162779	28162780	rs1150688	chr6	28181001	28181200	16_EnhW1	18222
chr6	28165098	28165099	rs1150689	chr6	28181001	28181200	16_EnhW1	15903
chr6	28165189	28165190	rs1225599	chr6	28181001	28181200	16_EnhW1	15812
chr6	28165297	28165298	rs1150690	chr6	28181001	28181200	16_EnhW1	15704
chr6	28166446	28166447	rs1233705	chr6	28181001	28181200	16_EnhW1	14555
chr6	28166922	28166923	rs1233704	chr6	28181001	28181200	16_EnhW1	14079
chr6	28167634	28167635	rs1071893	chr6	28181001	28181200	16_EnhW1	13367
chr6	28168325	28168326	rs145618402	chr6	28181001	28181200	16_EnhW1	12676
chr6	28168342	28168343	rs9368561	chr6	28181001	28181200	16_EnhW1	12659
chr6	28168725	28168726	rs1233701	chr6	28181001	28181200	16_EnhW1	12276
chr6	28169157	28169158	rs1233699	chr6	28181001	28181200	16_EnhW1	11844
chr6	28169240	28169241	rs13195291	chr6	28181001	28181200	16_EnhW1	11761
chr6	28170296	28170297	rs735765	chr6	28181001	28181200	16_EnhW1	10705
chr6	28172262	28172263	rs1233697	chr6	28181001	28181200	16_EnhW1	8739
chr6	28172952	28172953	rs1233707	chr6	28181001	28181200	16_EnhW1	8049
chr6	28173009	28173010	rs1237875	chr6	28181001	28181200	16_EnhW1	7992
chr6	28173218	28173219	rs1233708	chr6	28181001	28181200	16_EnhW1	7783
chr6	28173956	28173957	rs1150692	chr6	28181001	28181200	16_EnhW1	7045
chr6	28174589	28174590	rs1150693	chr6	28181001	28181200	16_EnhW1	6412
chr6	28174756	28174757	rs13197633	chr6	28181001	28181200	16_EnhW1	6245
chr6	28175152	28175153	rs1150694	chr6	28181001	28181200	16_EnhW1	5849
chr6	28175548	28175549	rs1150696	chr6	28181001	28181200	16_EnhW1	5453
chr6	28180731	28180732	rs5875151	chr6	28181001	28181200	16_EnhW1	270
chr6	28183241	28183242	rs71548310	chr6	28181201	28181600	17_EnhW2	1642
chr6	28187100	28187101	rs1736891	chr6	28181201	28181600	17_EnhW2	5501
chr6	28187631	28187632	rs35001169	chr6	28181201	28181600	17_EnhW2	6032
chr6	28190829	28190830	rs9393908	chr6	28181201	28181600	17_EnhW2	9230
chr6	28191056	28191057	rs9366717	chr6	28181201	28181600	17_EnhW2	9457
chr6	28191287	28191288	rs35656932	chr6	28181201	28181600	17_EnhW2	9688
chr6	28193101	28193102	rs34243448	chr6	28203801	28204200	17_EnhW2	10700
chr6	28193785	28193786	rs1150705	chr6	28203801	28204200	17_EnhW2	10016
chr6	28194628	28194629	rs9461443	chr6	28203801	28204200	17_EnhW2	9173
chr6	28197185	28197186	rs34477097	chr6	28203801	28204200	17_EnhW2	6616
chr6	28197604	28197605	rs1150707	chr6	28203801	28204200	17_EnhW2	6197
chr6	28197751	28197752	rs34024998	chr6	28203801	28204200	17_EnhW2	6050
chr6	28197885	28197886	rs34787248	chr6	28203801	28204200	17_EnhW2	5916
chr6	28198280	28198281	rs1233713	chr6	28203801	28204200	17_EnhW2	5521
chr6	28198455	28198456	rs9468317	chr6	28203801	28204200	17_EnhW2	5346
chr6	28198830	28198831	rs2299029	chr6	28203801	28204200	17_EnhW2	4971
chr6	28199763	28199764	rs11967137	chr6	28203801	28204200	17_EnhW2	4038
chr6	28199936	28199937	rs11962305	chr6	28203801	28204200	17_EnhW2	3865
chr6	28201137	28201138	rs7206	chr6	28203801	28204200	17_EnhW2	2664
chr6	28201530	28201531	rs13204012	chr6	28203801	28204200	17_EnhW2	2271
chr6	28203055	28203056	rs13205211	chr6	28203801	28204200	17_EnhW2	746
chr6	28203299	28203300	rs9380069	chr6	28203801	28204200	17_EnhW2	502
chr6	28204557	28204558	rs11431027	chr6	28203801	28204200	17_EnhW2	358
chr6	28205501	28205502	rs9366718	chr6	28203801	28204200	17_EnhW2	1302
chr6	28207199	28207200	rs9393909	chr6	28203801	28204200	17_EnhW2	3000
chr6	28207362	28207363	rs1150709	chr6	28203801	28204200	17_EnhW2	3163
chr6	28208191	28208192	rs9393910	chr6	28203801	28204200	17_EnhW2	3992
chr6	28208557	28208558	rs9368563	chr6	28203801	28204200	17_EnhW2	4358
chr6	28209101	28209102	rs9295768	chr6	28203801	28204200	17_EnhW2	4902
chr6	28209397	28209398	rs35482715	chr6	28203801	28204200	17_EnhW2	5198
chr6	28209530	28209531	rs9468318	chr6	28203801	28204200	17_EnhW2	5331
chr6	28210292	28210293	rs9357067	chr6	28203801	28204200	17_EnhW2	6093
chr6	28210687	28210688	rs967005	chr6	28203801	28204200	17_EnhW2	6488
chr6	28212747	28212748	rs13408	chr6	28220601	28220800	16_EnhW1	7854
chr6	28214697	28214698	rs17720293	chr6	28220601	28220800	16_EnhW1	5904
chr6	28216426	28216427	rs138887541	chr6	28220601	28220800	16_EnhW1	4175
chr6	28216485	28216486	rs7740487	chr6	28220601	28220800	16_EnhW1	4116
chr6	28218198	28218199	rs13200462	chr6	28220601	28220800	16_EnhW1	2403
chr6	28219660	28219661	rs9986596	chr6	28220601	28220800	16_EnhW1	941
chr6	28219825	28219826	rs1736895	chr6	28220601	28220800	16_EnhW1	776
chr6	28221263	28221264	rs1679732	chr6	28220601	28220800	16_EnhW1	464
chr6	28221815	28221816	rs10456362	chr6	28220601	28220800	16_EnhW1	1016
chr6	28223730	28223731	rs12214383	chr6	28220601	28220800	16_EnhW1	2931
chr6	28225310	28225311	rs13208096	chr6	28220601	28220800	16_EnhW1	4511
chr6	28226877	28226878	rs1531681	chr6	28220601	28220800	16_EnhW1	6078
chr6	28228341	28228342	rs1679709	chr6	28234201	28234400	16_EnhW1	5860
chr6	28229410	28229411	rs1778511	chr6	28234201	28234400	16_EnhW1	4791
chr6	28229460	28229461	rs11464297	chr6	28234201	28234400	16_EnhW1	4741
chr6	28229880	28229881	rs1778508	chr6	28234201	28234400	16_EnhW1	4321
chr6	28234596	28234597	rs2799077	chr6	28234201	28234400	16_EnhW1	197
chr6	28235175	28235176	rs2799079	chr6	28234201	28234400	16_EnhW1	776
chr6	28238058	28238059	rs67998226	chr6	28234201	28234400	16_EnhW1	3659
chr6	28239680	28239681	rs2394049	chr6	28234201	28234400	16_EnhW1	5281
chr6	28239914	28239915	rs11965538	chr6	28234201	28234400	16_EnhW1	5515
chr6	28241080	28241081	rs2743555	chr6	28234201	28234400	16_EnhW1	6681
chr6	28241863	28241864	rs11441808	chr6	28234201	28234400	16_EnhW1	7464
chr6	28242793	28242794	rs1419183	chr6	28234201	28234400	16_EnhW1	8394
chr6	28250178	28250179	rs34878803	chr6	28234201	28234400	16_EnhW1	15779
chr6	28250954	28250955	rs34396849	chr6	28234201	28234400	16_EnhW1	16555
chr6	28250983	28250984	rs6901575	chr6	28234201	28234400	16_EnhW1	16584
chr6	28257376	28257377	rs13211507	chr6	28277201	28277600	17_EnhW2	19825
chr6	28258207	28258208	rs34691223	chr6	28277201	28277600	17_EnhW2	18994
chr6	28262685	28262686	rs6905391	chr6	28277201	28277600	17_EnhW2	14516
chr6	28262697	28262698	rs1150716	chr6	28277201	28277600	17_EnhW2	14504
chr6	28265571	28265572	rs13207345	chr6	28277201	28277600	17_EnhW2	11630
chr6	28265953	28265954	rs72854513	chr6	28277201	28277600	17_EnhW2	11248
chr6	28266148	28266149	rs2142730	chr6	28277201	28277600	17_EnhW2	11053
chr6	28268451	28268452	rs1936365	chr6	28277201	28277600	17_EnhW2	8750
chr6	28268823	28268824	rs33932084	chr6	28277201	28277600	17_EnhW2	8378
chr6	28271972	28271973	rs56189111	chr6	28277201	28277600	17_EnhW2	5229
chr6	28277345	28277346	rs36005309	chr6	28277201	28277600	17_EnhW2	0
chr6	28277670	28277671	rs13191786	chr6	28277601	28278000	15_EnhAF	0
chr6	28278687	28278688	rs34950484	chr6	28278001	28279400	17_EnhW2	0
chr6	28279099	28279100	rs853694	chr6	28278001	28279400	17_EnhW2	0
chr6	28281540	28281541	rs35072899	chr6	28278001	28279400	17_EnhW2	2141
chr6	28281893	28281894	rs34661125	chr6	28278001	28279400	17_EnhW2	2494
chr6	28285984	28285985	rs13190888	chr6	28278001	28279400	17_EnhW2	6585
chr6	28288784	28288785	rs853685	chr6	28278001	28279400	17_EnhW2	9385
chr6	28290327	28290328	rs56075693	chr6	28278001	28279400	17_EnhW2	10928
chr6	28290646	28290647	rs34218844	chr6	28278001	28279400	17_EnhW2	11247
chr6	28292705	28292706	rs9301	chr6	28302401	28302800	16_EnhW1	9696
chr6	28293407	28293408	rs143618681	chr6	28302401	28302800	16_EnhW1	8994
chr6	28294549	28294550	rs853684	chr6	28302401	28302800	16_EnhW1	7852
chr6	28295874	28295875	rs853682	chr6	28302401	28302800	16_EnhW1	6527
chr6	28296649	28296650	rs853681	chr6	28302401	28302800	16_EnhW1	5752
chr6	28296862	28296863	rs853679	chr6	28302401	28302800	16_EnhW1	5539
chr6	28297312	28297313	rs853678	chr6	28302401	28302800	16_EnhW1	5089
chr6	28299686	28299687	rs853676	chr6	28302401	28302800	16_EnhW1	2715
chr6	28301098	28301099	rs7752448	chr6	28302401	28302800	16_EnhW1	1303
chr6	28304383	28304384	rs67340775	chr6	28304801	28305200	16_EnhW1	418
chr6	28305507	28305508	rs35030260	chr6	28304801	28305200	16_EnhW1	308
chr6	28305862	28305863	rs140136728	chr6	28304801	28305200	16_EnhW1	663
chr6	28306670	28306671	rs13217619	chr6	28304801	28305200	16_EnhW1	1471
chr6	28314879	28314880	rs35016036	chr6	28323201	28323400	17_EnhW2	8322
chr6	28315874	28315875	rs213240	chr6	28323201	28323400	17_EnhW2	7327
chr6	28318330	28318331	rs35744819	chr6	28323201	28323400	17_EnhW2	4871
chr6	28321992	28321993	rs213238	chr6	28323201	28323400	17_EnhW2	1209
chr6	28323701	28323702	rs13198809	chr6	28323401	28323600	16_EnhW1	102
chr6	28324377	28324378	rs35353359	chr6	28324201	28324400	13_EnhA1	0
chr6	28324396	28324397	rs213236	chr6	28324201	28324400	13_EnhA1	0
chr6	28326293	28326294	rs142808087	chr6	28324601	28324800	17_EnhW2	1494
chr6	28326489	28326490	rs213232	chr6	28324601	28324800	17_EnhW2	1690
chr6	28332140	28332141	rs13214023	chr6	28324601	28324800	17_EnhW2	7341
chr6	28340528	28340529	rs4455662	chr6	28324601	28324800	17_EnhW2	15729
chr6	28340624	28340625	rs10946954	chr6	28324601	28324800	17_EnhW2	15825
chr6	28345209	28345210	rs9368565	chr6	28324601	28324800	17_EnhW2	20410
chr6	28345281	28345282	rs35017208	chr6	28324601	28324800	17_EnhW2	20482
chr6	28348157	28348158	rs1052215	chr6	28324601	28324800	17_EnhW2	23358
chr6	28349263	28349264	rs2531825	chr6	28324601	28324800	17_EnhW2	24464
chr6	28349697	28349698	rs13213152	chr6	28324601	28324800	17_EnhW2	24898
chr6	28354834	28354835	rs67981811	chr6	28324601	28324800	17_EnhW2	30035
chr6	28357806	28357807	rs36092177	chr6	28324601	28324800	17_EnhW2	33007
chr6	28357922	28357923	rs67123064	chr6	28324601	28324800	17_EnhW2	33123
chr6	28358008	28358009	rs13213986	chr6	28324601	28324800	17_EnhW2	33209
chr6	28359169	28359170	rs2859348	chr6	28324601	28324800	17_EnhW2	34370
chr6	28359631	28359632	rs2232429	chr6	28324601	28324800	17_EnhW2	34832
chr6	28360658	28360659	rs2232426	chr6	28324601	28324800	17_EnhW2	35859
chr6	28362308	28362309	rs34546986	chr6	28324601	28324800	17_EnhW2	37509
chr6	28364231	28364232	rs34871267	chr6	28324601	28324800	17_EnhW2	39432
chr6	28366150	28366151	rs2232423	chr6	28324601	28324800	17_EnhW2	41351
chr6	28367354	28367355	rs1005125	chr6	28324601	28324800	17_EnhW2	42555
chr6	28368507	28368508	rs35883476	chr6	28410201	28410600	16_EnhW1	41694
chr6	28373153	28373154	rs2531827	chr6	28410201	28410600	16_EnhW1	37048
chr6	28379359	28379360	rs9468371	chr6	28410201	28410600	16_EnhW1	30842
chr6	28379360	28379361	rs9468372	chr6	28410201	28410600	16_EnhW1	30841
chr6	28380320	28380321	rs1124132	chr6	28410201	28410600	16_EnhW1	29881
chr6	28382525	28382526	rs2108927	chr6	28410201	28410600	16_EnhW1	27676
chr6	28388764	28388765	rs2531831	chr6	28410201	28410600	16_EnhW1	21437
chr6	28389221	28389222	rs2531832	chr6	28410201	28410600	16_EnhW1	20980
chr6	28391464	28391465	rs2859365	chr6	28410201	28410600	16_EnhW1	18737
chr6	28394679	28394680	rs13201681	chr6	28410201	28410600	16_EnhW1	15522
chr6	28397675	28397676	rs71548333	chr6	28410201	28410600	16_EnhW1	12526
chr6	28397950	28397951	rs2247002	chr6	28410201	28410600	16_EnhW1	12251
chr6	28399123	28399124	rs728122	chr6	28410201	28410600	16_EnhW1	11078
chr6	28400161	28400162	rs2023493	chr6	28410201	28410600	16_EnhW1	10040
chr6	28405891	28405892	rs111859903	chr6	28410201	28410600	16_EnhW1	4310
chr6	28408257	28408258	rs916403	chr6	28410201	28410600	16_EnhW1	1944
chr6	28411219	28411220	rs2531803	chr6	28410201	28410600	16_EnhW1	620
chr6	28411243	28411244	rs13190937	chr6	28410201	28410600	16_EnhW1	644
chr6	28411940	28411941	rs67381177	chr6	28410201	28410600	16_EnhW1	1341
chr6	28412325	28412326	rs2531805	chr6	28410201	28410600	16_EnhW1	1726
chr6	28412928	28412929	rs1361387	chr6	28414401	28414600	16_EnhW1	1473
chr6	28415571	28415572	rs13215804	chr6	28414401	28414600	16_EnhW1	972
chr6	28417151	28417152	rs2531806	chr6	28414401	28414600	16_EnhW1	2552
chr6	28418038	28418039	rs2859368	chr6	28414401	28414600	16_EnhW1	3439
chr6	28419902	28419903	rs34841551	chr6	28414401	28414600	16_EnhW1	5303
chr6	28436013	28436014	rs138024639	chr6	28414401	28414600	16_EnhW1	21414
chr6	28436144	28436145	rs55690788	chr6	28414401	28414600	16_EnhW1	21545
chr6	28437762	28437763	rs34349668	chr6	28414401	28414600	16_EnhW1	23163
chr6	28453617	28453618	rs34676049	chr6	28474001	28475400	17_EnhW2	20384
chr6	28482916	28482917	rs13191038	chr6	28474001	28475400	17_EnhW2	7517
chr6	28523686	28523687	rs201049089	chr6	28498601	28499600	17_EnhW2	24087
chr6	28527832	28527833	rs368641380	chr6	28553001	28553600	17_EnhW2	25169
chr6	28543263	28543264	rs17336532	chr6	28553001	28553600	17_EnhW2	9738
chr6	28551158	28551159	rs200148817	chr6	28553001	28553600	17_EnhW2	1843
chr6	28552143	28552144	rs35357559	chr6	28553001	28553600	17_EnhW2	858
chr6	28554542	28554543	rs41270599	chr6	28553001	28553600	17_EnhW2	943
chr6	28556050	28556051	rs13217047	chr6	28553001	28553600	17_EnhW2	2451
chr6	28562246	28562247	rs34119086	chr6	28553001	28553600	17_EnhW2	8647
chr6	28562588	28562589	rs35257859	chr6	28553001	28553600	17_EnhW2	8989
chr6	28568527	28568528	rs418914	chr6	28571601	28571800	17_EnhW2	3074
chr6	28572058	28572059	rs410106	chr6	28571601	28571800	17_EnhW2	259
chr6	28576142	28576143	rs4947336	chr6	28571601	28571800	17_EnhW2	4343
chr6	28578285	28578286	rs34388845	chr6	28571601	28571800	17_EnhW2	6486
chr6	28580120	28580121	rs9357070	chr6	28571601	28571800	17_EnhW2	8321
chr6	28583391	28583392	rs116591906	chr6	28571601	28571800	17_EnhW2	11592
chr6	28584774	28584775	rs34556183	chr6	28571601	28571800	17_EnhW2	12975
chr6	28585095	28585096	rs113489946	chr6	28571601	28571800	17_EnhW2	13296
chr6	28585107	28585108	rs548451594	chr6	28571601	28571800	17_EnhW2	13308
chr6	28586281	28586282	rs36103239	chr6	28571601	28571800	17_EnhW2	14482
chr6	28587401	28587402	rs11965972	chr6	28571601	28571800	17_EnhW2	15602
chr6	28588823	28588824	rs374379566	chr6	28571601	28571800	17_EnhW2	17024
chr6	28593472	28593473	rs74973892	chr6	28571601	28571800	17_EnhW2	21673
chr6	28594199	28594200	rs9766115	chr6	28571601	28571800	17_EnhW2	22400
chr6	28594199	28594200	rs200823231	chr6	28571601	28571800	17_EnhW2	22400
chr6	28595063	28595064	rs35051649	chr6	28617201	28617400	16_EnhW1	22138
chr6	28595106	28595107	rs11970409	chr6	28617201	28617400	16_EnhW1	22095
chr6	28596419	28596420	rs7741058	chr6	28617201	28617400	16_EnhW1	20782
chr6	28597609	28597610	rs70983953	chr6	28617201	28617400	16_EnhW1	19592
chr6	28599104	28599105	rs35778344	chr6	28617201	28617400	16_EnhW1	18097
chr6	28599675	28599676	rs13220637	chr6	28617201	28617400	16_EnhW1	17526
chr6	28601282	28601283	rs36069097	chr6	28617201	28617400	16_EnhW1	15919
chr6	28607994	28607995	rs34470113	chr6	28617201	28617400	16_EnhW1	9207
chr6	28608452	28608453	rs79124765	chr6	28617201	28617400	16_EnhW1	8749
chr6	28611434	28611435	rs376192723	chr6	28617201	28617400	16_EnhW1	5767
chr6	28618750	28618751	rs1884936	chr6	28617201	28617400	16_EnhW1	1351
chr6	28619352	28619353	rs34724414	chr6	28617201	28617400	16_EnhW1	1953
chr6	28622276	28622277	rs7775683	chr6	28617201	28617400	16_EnhW1	4877
chr6	28622336	28622337	rs2893966	chr6	28617201	28617400	16_EnhW1	4937
chr6	28622913	28622914	rs13193532	chr6	28617201	28617400	16_EnhW1	5514
chr6	28623723	28623724	rs1884937	chr6	28617201	28617400	16_EnhW1	6324
chr6	28624893	28624894	rs11970339	chr6	28617201	28617400	16_EnhW1	7494
chr6	28629509	28629510	rs34177106	chr6	28617201	28617400	16_EnhW1	12110
chr6	28630690	28630691	rs13194504	chr6	28617201	28617400	16_EnhW1	13291
chr6	28630792	28630793	rs7767008	chr6	28617201	28617400	16_EnhW1	13393
chr6	28634890	28634891	rs56389860	chr6	28617201	28617400	16_EnhW1	17491
chr6	28635779	28635780	rs35128564	chr6	28617201	28617400	16_EnhW1	18380
chr6	28636642	28636643	rs61229539	chr6	28617201	28617400	16_EnhW1	19243
chr6	28648082	28648083	rs16894194	chr6	28617201	28617400	16_EnhW1	30683
chr6	28648270	28648271	rs16894197	chr6	28617201	28617400	16_EnhW1	30871
chr6	28648319	28648320	rs35466817	chr6	28617201	28617400	16_EnhW1	30920
chr6	28650522	28650523	rs4486067	chr6	28617201	28617400	16_EnhW1	33123
chr6	28651090	28651091	rs13202664	chr6	28617201	28617400	16_EnhW1	33691
chr6	28651779	28651780	rs6910361	chr6	28617201	28617400	16_EnhW1	34380
chr6	28655387	28655388	rs11966966	chr6	28617201	28617400	16_EnhW1	37988
chr6	28656108	28656109	rs11967609	chr6	28617201	28617400	16_EnhW1	38709
chr6	28656451	28656452	rs2394120	chr6	28617201	28617400	16_EnhW1	39052
chr6	28656488	28656489	rs2394121	chr6	28617201	28617400	16_EnhW1	39089
chr6	28656753	28656754	rs34020953	chr6	28617201	28617400	16_EnhW1	39354
chr6	28657457	28657458	rs34953859	chr6	28617201	28617400	16_EnhW1	40058
chr6	28658553	28658554	rs2394122	chr6	28617201	28617400	16_EnhW1	41154
chr6	28667668	28667669	rs35044849	chr6	28716001	28716400	17_EnhW2	48333
chr6	28669314	28669315	rs6939576	chr6	28716001	28716400	17_EnhW2	46687
chr6	28671342	28671343	rs6908726	chr6	28716001	28716400	17_EnhW2	44659
chr6	28673433	28673434	rs35243068	chr6	28716001	28716400	17_EnhW2	42568
chr6	28673997	28673998	rs4713177	chr6	28716001	28716400	17_EnhW2	42004
chr6	28677044	28677045	rs71878779	chr6	28716001	28716400	17_EnhW2	38957
chr6	28681414	28681415	rs13217472	chr6	28716001	28716400	17_EnhW2	34587
chr6	28682441	28682442	rs9393925	chr6	28716001	28716400	17_EnhW2	33560
chr6	28682724	28682725	rs9393926	chr6	28716001	28716400	17_EnhW2	33277
chr6	28696062	28696063	rs9393929	chr6	28716001	28716400	17_EnhW2	19939
chr6	28701491	28701492	rs6456835	chr6	28716001	28716400	17_EnhW2	14510
chr6	28705073	28705074	rs1311911	chr6	28716001	28716400	17_EnhW2	10928
chr6	28712662	28712663	rs1233579	chr6	28716001	28716400	17_EnhW2	3339
chr6	28713117	28713118	rs148082388	chr6	28716001	28716400	17_EnhW2	2884
chr6	28713724	28713725	rs1233580	chr6	28716001	28716400	17_EnhW2	2277
chr6	28713846	28713847	rs1233581	chr6	28716001	28716400	17_EnhW2	2155
chr6	28713949	28713950	rs372002372	chr6	28716001	28716400	17_EnhW2	2052
chr6	28714043	28714044	rs1233582	chr6	28716001	28716400	17_EnhW2	1958
chr6	28715536	28715537	rs6909102	chr6	28716001	28716400	17_EnhW2	465
chr6	28715563	28715564	rs6929372	chr6	28716001	28716400	17_EnhW2	438
chr6	28715565	28715566	rs1233583	chr6	28716001	28716400	17_EnhW2	436
chr6	28716853	28716854	rs1311912	chr6	28716001	28716400	17_EnhW2	454
chr6	28717177	28717178	rs1311913	chr6	28716001	28716400	17_EnhW2	778
chr6	28717255	28717256	rs72847135	chr6	28716001	28716400	17_EnhW2	856
chr6	28719754	28719755	rs1233587	chr6	28716001	28716400	17_EnhW2	3355
chr6	28719975	28719976	rs1233588	chr6	28716001	28716400	17_EnhW2	3576
chr6	28721533	28721534	rs1742741	chr6	28716001	28716400	17_EnhW2	5134
chr6	28723420	28723421	rs9257133	chr6	28716001	28716400	17_EnhW2	7021
chr6	28723722	28723723	rs57780419	chr6	28716001	28716400	17_EnhW2	7323
chr6	28723840	28723841	rs9257136	chr6	28716001	28716400	17_EnhW2	7441
chr6	28723948	28723949	rs9257137	chr6	28716001	28716400	17_EnhW2	7549
chr6	28723959	28723960	rs1238262	chr6	28716001	28716400	17_EnhW2	7560
chr6	28724081	28724082	rs1742743	chr6	28716001	28716400	17_EnhW2	7682
chr6	28724998	28724999	rs9280456	chr6	28716001	28716400	17_EnhW2	8599
chr6	28725703	28725704	rs61173069	chr6	28716001	28716400	17_EnhW2	9304
chr6	28726814	28726815	rs1233593	chr6	28716001	28716400	17_EnhW2	10415
chr6	28727120	28727121	rs9257140	chr6	28716001	28716400	17_EnhW2	10721
chr6	28727342	28727343	rs1233594	chr6	28716001	28716400	17_EnhW2	10943
chr6	28727592	28727593	rs1233595	chr6	28716001	28716400	17_EnhW2	11193
chr6	28728328	28728329	rs1233597	chr6	28716001	28716400	17_EnhW2	11929
chr6	28731187	28731188	rs1233599	chr6	28716001	28716400	17_EnhW2	14788
chr6	28732513	28732514	rs1233600	chr6	28716001	28716400	17_EnhW2	16114
chr6	28734675	28734676	rs1233604	chr6	28716001	28716400	17_EnhW2	18276
chr6	28734986	28734987	rs9278063	chr6	28716001	28716400	17_EnhW2	18587
chr6	28736200	28736201	rs1233609	chr6	28716001	28716400	17_EnhW2	19801
chr6	28736987	28736988	rs1233610	chr6	28716001	28716400	17_EnhW2	20588
chr6	28737053	28737054	rs1233611	chr6	28716001	28716400	17_EnhW2	20654
chr6	28738428	28738429	rs1233612	chr6	28716001	28716400	17_EnhW2	22029
chr6	28741733	28741734	rs9257167	chr6	28716001	28716400	17_EnhW2	25334
chr6	28742085	28742086	rs1311914	chr6	28716001	28716400	17_EnhW2	25686
chr6	28742849	28742850	rs1233618	chr6	28716001	28716400	17_EnhW2	26450
chr6	28745451	28745452	rs1233619	chr6	28716001	28716400	17_EnhW2	29052
chr6	28746170	28746171	rs1233620	chr6	28716001	28716400	17_EnhW2	29771
chr6	28748280	28748281	rs1233623	chr6	28716001	28716400	17_EnhW2	31881
chr6	28750264	28750265	rs1233624	chr6	28716001	28716400	17_EnhW2	33865
chr6	28751040	28751041	rs1311917	chr6	28716001	28716400	17_EnhW2	34641
chr6	28753645	28753646	rs1311918	chr6	28716001	28716400	17_EnhW2	37246
chr6	28754430	28754431	rs139871222	chr6	28716001	28716400	17_EnhW2	38031
chr6	28755686	28755687	rs9280468	chr6	28716001	28716400	17_EnhW2	39287
chr6	28756007	28756008	rs9257183	chr6	28716001	28716400	17_EnhW2	39608
chr6	28756087	28756088	rs9257184	chr6	28716001	28716400	17_EnhW2	39688
chr6	28756901	28756902	rs9257187	chr6	28716001	28716400	17_EnhW2	40502
chr6	28757488	28757489	rs9257188	chr6	28716001	28716400	17_EnhW2	41089
chr6	28757554	28757555	rs9257189	chr6	28716001	28716400	17_EnhW2	41155
chr6	28760349	28760350	rs537871337	chr6	28716001	28716400	17_EnhW2	43950
chr6	28764102	28764103	rs7764642	chr6	28716001	28716400	17_EnhW2	47703
chr6	28764973	28764974	rs9257190	chr6	28716001	28716400	17_EnhW2	48574
chr6	28765097	28765098	rs9257191	chr6	28716001	28716400	17_EnhW2	48698
chr6	28765345	28765346	rs9257192	chr6	28716001	28716400	17_EnhW2	48946
chr6	28766358	28766359	rs202065757	chr6	28716001	28716400	17_EnhW2	49959
chr6	28767481	28767482	rs7761321	chr6	28716001	28716400	17_EnhW2	51082
chr6	28768266	28768267	rs7766699	chr6	28716001	28716400	17_EnhW2	51867
chr6	28768697	28768698	rs7767099	chr6	28716001	28716400	17_EnhW2	52298
chr6	28768931	28768932	rs9257217	chr6	28716001	28716400	17_EnhW2	52532
chr6	28769670	28769671	rs2765220	chr6	28716001	28716400	17_EnhW2	53271
chr6	28770682	28770683	rs7739915	chr6	28716001	28716400	17_EnhW2	54283
chr6	28773354	28773355	rs3132373	chr6	28716001	28716400	17_EnhW2	56955
chr6	28773495	28773496	rs3132372	chr6	28716001	28716400	17_EnhW2	57096
chr6	28775321	28775322	rs3131344	chr6	28716001	28716400	17_EnhW2	58922
chr6	28775563	28775564	rs3131343	chr6	28716001	28716400	17_EnhW2	59164
chr6	28776116	28776117	rs4324798	chr6	28835001	28835200	16_EnhW1	58885
chr6	28776316	28776317	rs9257223	chr6	28835001	28835200	16_EnhW1	58685
chr6	28777569	28777570	rs35064234	chr6	28835001	28835200	16_EnhW1	57432
chr6	28778722	28778723	rs3131341	chr6	28835001	28835200	16_EnhW1	56279
chr6	28779422	28779423	rs417919	chr6	28835001	28835200	16_EnhW1	55579
chr6	28779877	28779878	rs3131340	chr6	28835001	28835200	16_EnhW1	55124
chr6	28782159	28782160	rs3132397	chr6	28835001	28835200	16_EnhW1	52842
chr6	28782309	28782310	rs3132396	chr6	28835001	28835200	16_EnhW1	52692
chr6	28787192	28787193	rs9257226	chr6	28835001	28835200	16_EnhW1	47809
chr6	28787383	28787384	rs9257227	chr6	28835001	28835200	16_EnhW1	47618
chr6	28788768	28788769	rs3135294	chr6	28835001	28835200	16_EnhW1	46233
chr6	28789265	28789266	rs172329	chr6	28835001	28835200	16_EnhW1	45736
chr6	28790372	28790373	rs146924495	chr6	28835001	28835200	16_EnhW1	44629
chr6	28790527	28790528	rs172328	chr6	28835001	28835200	16_EnhW1	44474
chr6	28791680	28791681	rs67662386	chr6	28835001	28835200	16_EnhW1	43321
chr6	28792029	28792030	rs3118360	chr6	28835001	28835200	16_EnhW1	42972
chr6	28792476	28792477	rs209181	chr6	28835001	28835200	16_EnhW1	42525
chr6	28793903	28793904	rs3118359	chr6	28835001	28835200	16_EnhW1	41098
chr6	28793914	28793915	rs3135295	chr6	28835001	28835200	16_EnhW1	41087
chr6	28795855	28795856	rs3135296	chr6	28835001	28835200	16_EnhW1	39146
chr6	28796070	28796071	rs3131337	chr6	28835001	28835200	16_EnhW1	38931
chr6	28799154	28799155	rs138286553	chr6	28835001	28835200	16_EnhW1	35847
chr6	28799387	28799388	rs143989131	chr6	28835001	28835200	16_EnhW1	35614
chr6	28801167	28801168	rs3132376	chr6	28835001	28835200	16_EnhW1	33834
chr6	28802148	28802149	rs3118357	chr6	28835001	28835200	16_EnhW1	32853
chr6	28803290	28803291	rs9257248	chr6	28835001	28835200	16_EnhW1	31711
chr6	28803503	28803504	rs9257249	chr6	28835001	28835200	16_EnhW1	31498
chr6	28803632	28803633	rs9257250	chr6	28835001	28835200	16_EnhW1	31369
chr6	28804687	28804688	rs3135297	chr6	28835001	28835200	16_EnhW1	30314
chr6	28806302	28806303	rs3135298	chr6	28835001	28835200	16_EnhW1	28699
chr6	28808991	28808992	rs3132395	chr6	28835001	28835200	16_EnhW1	26010
chr6	28809037	28809038	rs3132394	chr6	28835001	28835200	16_EnhW1	25964
chr6	28809049	28809050	rs3135299	chr6	28835001	28835200	16_EnhW1	25952
chr6	28809597	28809598	rs3132393	chr6	28835001	28835200	16_EnhW1	25404
chr6	28814445	28814446	rs3131335	chr6	28835001	28835200	16_EnhW1	20556
chr6	28817589	28817590	rs9257262	chr6	28835001	28835200	16_EnhW1	17412
chr6	28817896	28817897	rs7760313	chr6	28835001	28835200	16_EnhW1	17105
chr6	28819879	28819880	rs150092096	chr6	28835001	28835200	16_EnhW1	15122
chr6	28821675	28821676	rs9257271	chr6	28835001	28835200	16_EnhW1	13326
chr6	28821734	28821735	rs9257272	chr6	28835001	28835200	16_EnhW1	13267
chr6	28823998	28823999	rs3132384	chr6	28835001	28835200	16_EnhW1	11003
chr6	28824396	28824397	rs3135300	chr6	28835001	28835200	16_EnhW1	10605
chr6	28824973	28824974	rs3132385	chr6	28835001	28835200	16_EnhW1	10028
chr6	28825570	28825571	rs3131345	chr6	28835001	28835200	16_EnhW1	9431
chr6	28825572	28825573	rs3132387	chr6	28835001	28835200	16_EnhW1	9429
chr6	28827878	28827879	rs3132388	chr6	28835001	28835200	16_EnhW1	7123
chr6	28829636	28829637	rs3135302	chr6	28835001	28835200	16_EnhW1	5365
chr6	28831020	28831021	rs3132389	chr6	28835001	28835200	16_EnhW1	3981
chr6	28831610	28831611	rs3131336	chr6	28835001	28835200	16_EnhW1	3391
chr6	28833142	28833143	rs138792987	chr6	28835001	28835200	16_EnhW1	1859
chr6	28837108	28837109	rs3118368	chr6	28835001	28835200	16_EnhW1	1909
chr6	28837342	28837343	rs34592554	chr6	28835001	28835200	16_EnhW1	2143
chr6	28837436	28837437	rs3131093	chr6	28835001	28835200	16_EnhW1	2237
chr6	28837804	28837805	rs3132391	chr6	28835001	28835200	16_EnhW1	2605
chr6	28838628	28838629	rs3132392	chr6	28835001	28835200	16_EnhW1	3429
chr6	28839402	28839403	rs3135304	chr6	28843001	28844200	17_EnhW2	3599
chr6	28839528	28839529	rs3118367	chr6	28843001	28844200	17_EnhW2	3473
chr6	28839708	28839709	rs3135305	chr6	28843001	28844200	17_EnhW2	3293
chr6	28839797	28839798	rs3135306	chr6	28843001	28844200	17_EnhW2	3204
chr6	28839898	28839899	rs3118366	chr6	28843001	28844200	17_EnhW2	3103
chr6	28839907	28839908	rs3118365	chr6	28843001	28844200	17_EnhW2	3094
chr6	28840183	28840184	rs9257307	chr6	28843001	28844200	17_EnhW2	2818
chr6	28846923	28846924	rs35608874	chr6	28843001	28844200	17_EnhW2	2724
chr6	28847383	28847384	rs3135307	chr6	28843001	28844200	17_EnhW2	3184
chr6	28851571	28851572	rs3131095	chr6	28843001	28844200	17_EnhW2	7372
chr6	28852155	28852156	rs3135308	chr6	28843001	28844200	17_EnhW2	7956
chr6	28852450	28852451	rs3131096	chr6	28843001	28844200	17_EnhW2	8251
chr6	28852877	28852878	rs3118364	chr6	28843001	28844200	17_EnhW2	8678
chr6	28853196	28853197	rs3131097	chr6	28843001	28844200	17_EnhW2	8997
chr6	28855804	28855805	rs3135309	chr6	28843001	28844200	17_EnhW2	11605
chr6	28856688	28856689	rs3135310	chr6	28843001	28844200	17_EnhW2	12489
chr6	28856739	28856740	rs3135311	chr6	28843001	28844200	17_EnhW2	12540
chr6	28856888	28856889	rs3135312	chr6	28843001	28844200	17_EnhW2	12689
chr6	28857629	28857630	rs3135313	chr6	28843001	28844200	17_EnhW2	13430
chr6	28862496	28862497	rs9257331	chr6	28843001	28844200	17_EnhW2	18297
chr6	28864848	28864849	rs3135316	chr6	28843001	28844200	17_EnhW2	20649
chr6	28865208	28865209	rs9280503	chr6	28843001	28844200	17_EnhW2	21009
chr6	28866208	28866209	rs377629277	chr6	28843001	28844200	17_EnhW2	22009
chr6	28866223	28866224	rs150164120	chr6	28843001	28844200	17_EnhW2	22024
chr6	28866367	28866368	rs147662640	chr6	28843001	28844200	17_EnhW2	22168
chr6	28866527	28866528	rs3130838	chr6	28843001	28844200	17_EnhW2	22328
chr6	28868493	28868494	rs3132374	chr6	28892601	28892800	16_EnhW1	24108
chr6	28875500	28875501	rs3118363	chr6	28892601	28892800	16_EnhW1	17101
chr6	28877246	28877247	rs3135293	chr6	28892601	28892800	16_EnhW1	15355
chr6	28883295	28883296	rs3132382	chr6	28892601	28892800	16_EnhW1	9306
chr6	28885862	28885863	rs3131101	chr6	28892601	28892800	16_EnhW1	6739
chr6	28885864	28885865	rs3132378	chr6	28892601	28892800	16_EnhW1	6737
chr6	28891175	28891176	rs2230683	chr6	28892601	28892800	16_EnhW1	1426
chr6	28893572	28893573	rs13206458	chr6	28892601	28892800	16_EnhW1	773
chr6	28897979	28897980	rs3135318	chr6	28892601	28892800	16_EnhW1	5180
chr6	28898286	28898287	rs3118361	chr6	28892601	28892800	16_EnhW1	5487
chr6	28901431	28901432	rs5875177	chr6	28892601	28892800	16_EnhW1	8632
chr6	28905522	28905523	rs3130892	chr6	28916401	28917000	17_EnhW2	10879
chr6	28905790	28905791	rs3130895	chr6	28916401	28917000	17_EnhW2	10611
chr6	28905931	28905932	rs3131068	chr6	28916401	28917000	17_EnhW2	10470
chr6	28906284	28906285	rs3131069	chr6	28916401	28917000	17_EnhW2	10117
chr6	28906921	28906922	rs3131071	chr6	28916401	28917000	17_EnhW2	9480
chr6	28916593	28916594	rs3130844	chr6	28916401	28917000	17_EnhW2	0
chr6	28919895	28919896	rs3131072	chr6	28916401	28917000	17_EnhW2	2896
chr6	28920971	28920972	rs3131073	chr6	28916401	28917000	17_EnhW2	3972
chr6	28923366	28923367	rs3130845	chr6	28916401	28917000	17_EnhW2	6367
chr6	28924625	28924626	rs3131075	chr6	28916401	28917000	17_EnhW2	7626
chr6	28926236	28926237	rs3130846	chr6	28916401	28917000	17_EnhW2	9237
chr6	28927270	28927271	rs3135325	chr6	28916401	28917000	17_EnhW2	10271
chr6	28927541	28927542	rs3130847	chr6	28916401	28917000	17_EnhW2	10542
chr6	28930256	28930257	rs3131076	chr6	28916401	28917000	17_EnhW2	13257
chr6	28934351	28934352	rs148696809	chr6	28916401	28917000	17_EnhW2	17352
chr6	28939282	28939283	rs3130885	chr6	28916401	28917000	17_EnhW2	22283
chr6	28944085	28944086	rs3130887	chr6	28916401	28917000	17_EnhW2	27086
chr6	28945958	28945959	rs9368584	chr6	28916401	28917000	17_EnhW2	28959
chr6	28946252	28946253	rs9368585	chr6	28916401	28917000	17_EnhW2	29253
chr6	28948091	28948092	rs3130837	chr6	28916401	28917000	17_EnhW2	31092
chr6	28949903	28949904	rs968722	chr6	28916401	28917000	17_EnhW2	32904
chr6	28954292	28954293	rs3129791	chr6	28916401	28917000	17_EnhW2	37293
chr6	28957138	28957139	rs3130890	chr6	28916401	28917000	17_EnhW2	40139
chr6	28962603	28962604	rs6456879	chr6	28916401	28917000	17_EnhW2	45604
chr6	28964871	28964872	rs6908206	chr6	28916401	28917000	17_EnhW2	47872
chr6	28970099	28970100	rs6456881	chr6	28916401	28917000	17_EnhW2	53100
chr6	28974264	28974265	rs3129794	chr6	28916401	28917000	17_EnhW2	57265
chr6	28977216	28977217	rs3130891	chr6	28916401	28917000	17_EnhW2	60217
chr6	28980706	28980707	rs3130893	chr6	28916401	28917000	17_EnhW2	63707
chr6	28981518	28981519	rs3130894	chr6	28916401	28917000	17_EnhW2	64519
chr6	28982271	28982272	rs3131081	chr6	28916401	28917000	17_EnhW2	65272
chr6	28982286	28982287	rs9357075	chr6	28916401	28917000	17_EnhW2	65287
chr6	28983273	28983274	rs3131082	chr6	28916401	28917000	17_EnhW2	66274
chr6	28983886	28983887	rs3130896	chr6	28916401	28917000	17_EnhW2	66887
chr6	28986524	28986525	rs142310982	chr6	28916401	28917000	17_EnhW2	69525
chr6	28987057	28987058	rs9366734	chr6	28916401	28917000	17_EnhW2	70058
chr6	28989296	28989297	rs3135317	chr6	29061201	29062200	17_EnhW2	71905
chr6	28992158	28992159	rs3129797	chr6	29061201	29062200	17_EnhW2	69043
chr6	28998448	28998449	rs3129798	chr6	29061201	29062200	17_EnhW2	62753
chr6	29001514	29001515	rs3129799	chr6	29061201	29062200	17_EnhW2	59687
chr6	29007218	29007219	rs3117146	chr6	29061201	29062200	17_EnhW2	53983
chr6	29011959	29011960	rs9391651	chr6	29061201	29062200	17_EnhW2	49242
chr6	29013569	29013570	rs3129800	chr6	29061201	29062200	17_EnhW2	47632
chr6	29015225	29015226	rs3130747	chr6	29061201	29062200	17_EnhW2	45976
chr6	29017485	29017486	rs4711182	chr6	29061201	29062200	17_EnhW2	43716
chr6	29019244	29019245	rs9278145	chr6	29061201	29062200	17_EnhW2	41957
chr6	29019495	29019496	rs11299733	chr6	29061201	29062200	17_EnhW2	41706
chr6	29021016	29021017	rs9501294	chr6	29061201	29062200	17_EnhW2	40185
chr6	29021309	29021310	rs34175102	chr6	29061201	29062200	17_EnhW2	39892
chr6	29022498	29022499	rs3117141	chr6	29061201	29062200	17_EnhW2	38703
chr6	29025679	29025680	rs7747023	chr6	29061201	29062200	17_EnhW2	35522
chr6	29030194	29030195	rs3117142	chr6	29061201	29062200	17_EnhW2	31007
chr6	29030958	29030959	rs559462124	chr6	29061201	29062200	17_EnhW2	30243
chr6	29031027	29031028	rs371912164	chr6	29061201	29062200	17_EnhW2	30174
chr6	29031085	29031086	rs9468479	chr6	29061201	29062200	17_EnhW2	30116
chr6	29031141	29031142	rs3117143	chr6	29061201	29062200	17_EnhW2	30060
chr6	29040785	29040786	rs4713200	chr6	29061201	29062200	17_EnhW2	20416
chr6	29044700	29044701	rs3131085	chr6	29061201	29062200	17_EnhW2	16501
chr6	29046417	29046418	rs3117145	chr6	29061201	29062200	17_EnhW2	14784
chr6	29047202	29047203	rs9348821	chr6	29061201	29062200	17_EnhW2	13999
chr6	29048688	29048689	rs3129787	chr6	29061201	29062200	17_EnhW2	12513
chr6	29052256	29052257	rs11275996	chr6	29061201	29062200	17_EnhW2	8945
chr6	29052571	29052572	rs6903771	chr6	29061201	29062200	17_EnhW2	8630
chr6	29057212	29057213	rs6456902	chr6	29061201	29062200	17_EnhW2	3989
chr6	29057638	29057639	rs3129788	chr6	29061201	29062200	17_EnhW2	3563
chr6	29065284	29065285	rs59830645	chr6	29061201	29062200	17_EnhW2	3085
chr6	29068621	29068622	rs6905729	chr6	29061201	29062200	17_EnhW2	6422
chr6	29075087	29075088	rs3129178	chr6	29061201	29062200	17_EnhW2	12888
chr6	29090010	29090011	rs3129112	chr6	29061201	29062200	17_EnhW2	27811
chr6	29095907	29095908	rs3130773	chr6	29061201	29062200	17_EnhW2	33708
chr6	29097768	29097769	rs9295793	chr6	29061201	29062200	17_EnhW2	35569
chr6	29098795	29098796	rs3130777	chr6	29061201	29062200	17_EnhW2	36596
chr6	29102860	29102861	rs3129119	chr6	29061201	29062200	17_EnhW2	40661
chr6	29109196	29109197	rs3130715	chr6	29061201	29062200	17_EnhW2	46997
chr6	29111774	29111775	rs3129120	chr6	29061201	29062200	17_EnhW2	49575
chr6	29117851	29117852	rs3129122	chr6	29061201	29062200	17_EnhW2	55652
chr6	29118529	29118530	rs3130724	chr6	29061201	29062200	17_EnhW2	56330
chr6	29118746	29118747	rs3130725	chr6	29061201	29062200	17_EnhW2	56547
chr6	29124188	29124189	rs3129129	chr6	29184401	29185000	17_EnhW2	60213
chr6	29130275	29130276	rs3129137	chr6	29184401	29185000	17_EnhW2	54126
chr6	29130281	29130282	rs3129138	chr6	29184401	29185000	17_EnhW2	54120
chr6	29131189	29131190	rs3129141	chr6	29184401	29185000	17_EnhW2	53212
chr6	29133641	29133642	rs4947263	chr6	29184401	29185000	17_EnhW2	50760
chr6	29135794	29135795	rs369812099	chr6	29184401	29185000	17_EnhW2	48607
chr6	29138314	29138315	rs3129151	chr6	29184401	29185000	17_EnhW2	46087
chr6	29138776	29138777	rs3129152	chr6	29184401	29185000	17_EnhW2	45625
chr6	29138948	29138949	rs3130740	chr6	29184401	29185000	17_EnhW2	45453
chr6	29140206	29140207	rs3130742	chr6	29184401	29185000	17_EnhW2	44195
chr6	29144531	29144532	rs9257566	chr6	29184401	29185000	17_EnhW2	39870
chr6	29145645	29145646	rs3129162	chr6	29184401	29185000	17_EnhW2	38756
chr6	29146522	29146523	rs145648066	chr6	29184401	29185000	17_EnhW2	37879
chr6	29146702	29146703	rs149404333	chr6	29184401	29185000	17_EnhW2	37699
chr6	29147008	29147009	rs151006924	chr6	29184401	29185000	17_EnhW2	37393
chr6	29148393	29148394	rs3116815	chr6	29184401	29185000	17_EnhW2	36008
chr6	29153154	29153155	rs3130746	chr6	29184401	29185000	17_EnhW2	31247
chr6	29155292	29155293	rs3129170	chr6	29184401	29185000	17_EnhW2	29109
chr6	29155748	29155749	rs3129171	chr6	29184401	29185000	17_EnhW2	28653
chr6	29158799	29158800	rs3129172	chr6	29184401	29185000	17_EnhW2	25602
chr6	29159628	29159629	rs3129173	chr6	29184401	29185000	17_EnhW2	24773
chr6	29159969	29159970	rs3130750	chr6	29184401	29185000	17_EnhW2	24432
chr6	29161496	29161497	rs3116827	chr6	29184401	29185000	17_EnhW2	22905
chr6	29163699	29163700	rs3116829	chr6	29184401	29185000	17_EnhW2	20702
chr6	29167574	29167575	rs3116830	chr6	29184401	29185000	17_EnhW2	16827
chr6	29170260	29170261	rs3129093	chr6	29184401	29185000	17_EnhW2	14141
chr6	29171038	29171039	rs760804	chr6	29184401	29185000	17_EnhW2	13363
chr6	29173037	29173038	rs6912280	chr6	29184401	29185000	17_EnhW2	11364
chr6	29175497	29175498	rs9257611	chr6	29184401	29185000	17_EnhW2	8904
chr6	29175525	29175526	rs9257612	chr6	29184401	29185000	17_EnhW2	8876
chr6	29179236	29179237	rs3130817	chr6	29184401	29185000	17_EnhW2	5165
chr6	29179556	29179557	rs3116834	chr6	29184401	29185000	17_EnhW2	4845
chr6	29180313	29180314	rs3116836	chr6	29184401	29185000	17_EnhW2	4088
chr6	29181896	29181897	rs3130828	chr6	29184401	29185000	17_EnhW2	2505
chr6	29182886	29182887	rs3130831	chr6	29184401	29185000	17_EnhW2	1515
chr6	29185843	29185844	rs3130836	chr6	29184401	29185000	17_EnhW2	844
chr6	29189916	29189917	rs3129101	chr6	29193801	29194200	17_EnhW2	3885
chr6	29189971	29189972	rs3130808	chr6	29193801	29194200	17_EnhW2	3830
chr6	29206250	29206251	rs3117342	chr6	29203201	29205000	17_EnhW2	1251
chr6	29206682	29206683	rs3130820	chr6	29203201	29205000	17_EnhW2	1683
chr6	29211437	29211438	rs3129104	chr6	29203201	29205000	17_EnhW2	6438
chr6	29211441	29211442	rs3117339	chr6	29203201	29205000	17_EnhW2	6442
chr6	29211555	29211556	rs3117337	chr6	29203201	29205000	17_EnhW2	6556
chr6	29219488	29219489	rs3117333	chr6	29203201	29205000	17_EnhW2	14489
chr6	29240377	29240378	rs3117326	chr6	29203201	29205000	17_EnhW2	35378
chr6	29244218	29244219	rs144447022	chr6	29203201	29205000	17_EnhW2	39219
chr6	29248148	29248149	rs3130834	chr6	29203201	29205000	17_EnhW2	43149
chr6	29254981	29254982	rs9257681	chr6	29203201	29205000	17_EnhW2	49982
chr6	29260430	29260431	rs3117425	chr6	29203201	29205000	17_EnhW2	55431
chr6	29266482	29266483	rs3117439	chr6	29203201	29205000	17_EnhW2	61483
chr6	29272011	29272012	rs3117426	chr6	29203201	29205000	17_EnhW2	67012
chr6	29274135	29274136	rs3117427	chr6	29203201	29205000	17_EnhW2	69136
chr6	29283578	29283579	rs4713208	chr6	29203201	29205000	17_EnhW2	78579
chr6	29283671	29283672	rs3129682	chr6	29203201	29205000	17_EnhW2	78672
chr6	29284517	29284518	rs720831	chr6	29203201	29205000	17_EnhW2	79518
chr6	29316851	29316852	rs10447393	chr6	29382601	29382800	17_EnhW2	65750
chr6	29328833	29328834	rs7754402	chr6	29382601	29382800	17_EnhW2	53768
chr6	29335153	29335154	rs9257793	chr6	29382601	29382800	17_EnhW2	47448
chr6	29340742	29340743	rs9257800	chr6	29382601	29382800	17_EnhW2	41859
chr6	29342774	29342775	rs3749971	chr6	29382601	29382800	17_EnhW2	39827
chr6	29343354	29343355	rs9257802	chr6	29382601	29382800	17_EnhW2	39247
chr6	29344394	29344395	rs9257803	chr6	29382601	29382800	17_EnhW2	38207
chr6	29346328	29346329	rs9257805	chr6	29382601	29382800	17_EnhW2	36273
chr6	29356330	29356331	rs9257809	chr6	29382601	29382800	17_EnhW2	26271
chr6	29356686	29356687	rs442694	chr6	29382601	29382800	17_EnhW2	25915
chr6	29375801	29375802	rs437955	chr6	29382601	29382800	17_EnhW2	6800
chr6	29376384	29376385	rs406511	chr6	29382601	29382800	17_EnhW2	6217
chr6	29411431	29411432	rs1535039	chr6	29414801	29415200	17_EnhW2	3370
chr6	29413002	29413003	rs2023463	chr6	29414801	29415200	17_EnhW2	1799
chr6	29415463	29415464	rs2523443	chr6	29415201	29415600	15_EnhAF	0
chr6	29432172	29432173	rs2143668	chr6	29431801	29432000	17_EnhW2	173
chr6	29435354	29435355	rs2746149	chr6	29431801	29432000	17_EnhW2	3355
chr6	29437032	29437033	rs2206853	chr6	29431801	29432000	17_EnhW2	5033
chr6	29442700	29442701	rs2746150	chr6	29431801	29432000	17_EnhW2	10701
chr6	29452135	29452136	rs1234844	chr6	29431801	29432000	17_EnhW2	20136
chr6	29453218	29453219	rs1233494	chr6	29431801	29432000	17_EnhW2	21219
chr6	29458240	29458241	rs1233493	chr6	29478001	29478200	16_EnhW1	19761
chr6	29461729	29461730	rs1233491	chr6	29478001	29478200	16_EnhW1	16272
chr6	29463042	29463043	rs1233489	chr6	29478001	29478200	16_EnhW1	14959
chr6	29467718	29467719	rs1233488	chr6	29478001	29478200	16_EnhW1	10283
chr6	29477413	29477414	rs1233480	chr6	29478001	29478200	16_EnhW1	588
chr6	29480223	29480224	rs385816	chr6	29478201	29478400	17_EnhW2	1824
chr6	29483619	29483620	rs3094569	chr6	29478201	29478400	17_EnhW2	5220
chr6	29484109	29484110	rs2523432	chr6	29478201	29478400	17_EnhW2	5710
chr6	29484214	29484215	rs2523431	chr6	29478201	29478400	17_EnhW2	5815
chr6	29519553	29519554	rs408623	chr6	29525201	29525400	16_EnhW1	5648
chr6	29521444	29521445	rs389419	chr6	29525201	29525400	16_EnhW1	3757
chr6	29523956	29523957	rs404240	chr6	29525201	29525400	16_EnhW1	1245
chr6	29526561	29526562	rs413670	chr6	29525401	29526000	17_EnhW2	562
chr6	29537223	29537224	rs1235162	chr6	29525401	29526000	17_EnhW2	11224
chr6	29546798	29546799	rs1233396	chr6	29561401	29562000	17_EnhW2	14603
chr6	29548088	29548089	rs926552	chr6	29561401	29562000	17_EnhW2	13313
chr6	29549652	29549653	rs1233393	chr6	29561401	29562000	17_EnhW2	11749
chr6	29559237	29559238	rs1233385	chr6	29561401	29562000	17_EnhW2	2164
chr6	29607100	29607101	rs3131856	chr6	29607001	29607600	17_EnhW2	0
chr6	29659254	29659255	rs3131894	chr6	29663801	29664800	17_EnhW2	4547
chr6	29660815	29660816	rs3116813	chr6	29663801	29664800	17_EnhW2	2986
chr6	29752807	29752808	rs9258375	chr6	29746401	29747200	17_EnhW2	5608
chr6	29850719	29850720	rs1611579	chr6	29906801	29907200	16_EnhW1	56082
chr6	29905436	29905437	rs3098023	chr6	29906801	29907200	16_EnhW1	1365
chr6	34548205	34548206	rs2744939	chr6	34548801	34549400	17_EnhW2	596
chr6	34548295	34548296	rs2814985	chr6	34548801	34549400	17_EnhW2	506
chr6	34552109	34552110	rs2744938	chr6	34552201	34552800	17_EnhW2	92
chr6	34552735	34552736	rs2814943	chr6	34552201	34552800	17_EnhW2	0
chr6	34552796	34552797	rs2814944	chr6	34552201	34552800	17_EnhW2	0
chr6	34557245	34557246	rs2744937	chr6	34554801	34555800	17_EnhW2	1446
chr6	34563059	34563060	rs2744977	chr6	34554801	34555800	17_EnhW2	7260
chr6	34569719	34569720	rs2814973	chr6	34579001	34579400	17_EnhW2	9282
chr6	34570921	34570922	rs2092344	chr6	34579001	34579400	17_EnhW2	8080
chr6	34576432	34576433	rs2814977	chr6	34579001	34579400	17_EnhW2	2569
chr6	34577256	34577257	rs11754773	chr6	34579001	34579400	17_EnhW2	1745
chr6	34580750	34580751	rs11752260	chr6	34579001	34579400	17_EnhW2	1351
chr6	34581635	34581636	rs2744971	chr6	34579001	34579400	17_EnhW2	2236
chr6	34589631	34589632	rs2744965	chr6	34579001	34579400	17_EnhW2	10232
chr6	34591206	34591207	rs2814983	chr6	34579001	34579400	17_EnhW2	11807
chr6	34591319	34591320	rs2744964	chr6	34579001	34579400	17_EnhW2	11920
chr6	34592089	34592090	rs6907508	chr6	34579001	34579400	17_EnhW2	12690
chr6	34602653	34602654	rs149868248	chr6	34625201	34625800	14_EnhA2	22548
chr6	34602684	34602685	rs2814986	chr6	34625201	34625800	14_EnhA2	22517
chr6	34603349	34603350	rs59366096	chr6	34625201	34625800	14_EnhA2	21852
chr6	34603645	34603646	rs2492863	chr6	34625201	34625800	14_EnhA2	21556
chr6	34603690	34603691	rs76967117	chr6	34625201	34625800	14_EnhA2	21511
chr6	34604184	34604185	rs148629808	chr6	34625201	34625800	14_EnhA2	21017
chr6	34616321	34616322	rs3800461	chr6	34625201	34625800	14_EnhA2	8880
chr6	34617868	34617869	rs111613200	chr6	34625201	34625800	14_EnhA2	7333
chr6	34618892	34618893	rs2814993	chr6	34625201	34625800	14_EnhA2	6309
chr6	34618936	34618937	rs2744956	chr6	34625201	34625800	14_EnhA2	6265
chr6	34618957	34618958	rs2744955	chr6	34625201	34625800	14_EnhA2	6244
chr6	34620152	34620153	rs2814994	chr6	34625201	34625800	14_EnhA2	5049
chr6	34621313	34621314	rs2814996	chr6	34625201	34625800	14_EnhA2	3888
chr6	34621469	34621470	rs2744954	chr6	34625201	34625800	14_EnhA2	3732
chr6	34622560	34622561	rs145294670	chr6	34625201	34625800	14_EnhA2	2641
chr6	34623904	34623905	rs112540634	chr6	34625201	34625800	14_EnhA2	1297
chr6	34638846	34638847	rs2815005	chr6	34625801	34626200	17_EnhW2	12647
chr6	34643751	34643752	rs2744942	chr6	34625801	34626200	17_EnhW2	17552
chr6	34645265	34645266	rs2492859	chr6	34625801	34626200	17_EnhW2	19066
chr6	34653412	34653413	rs2814948	chr6	34625801	34626200	17_EnhW2	27213
chr6	34654543	34654544	rs56930444	chr6	34625801	34626200	17_EnhW2	28344
chr6	34657808	34657809	rs2744947	chr6	34686801	34687000	17_EnhW2	28993
chr6	34658564	34658565	rs59136961	chr6	34686801	34687000	17_EnhW2	28237
chr6	34659053	34659054	rs2744972	chr6	34686801	34687000	17_EnhW2	27748
chr6	34663597	34663598	rs3800457	chr6	34686801	34687000	17_EnhW2	23204
chr6	34680569	34680570	rs4713824	chr6	34686801	34687000	17_EnhW2	6232
chr6	34683634	34683635	rs6938239	chr6	34686801	34687000	17_EnhW2	3167
chr6	34689125	34689126	rs6930421	chr6	34688201	34688400	15_EnhAF	726
chr6	34692473	34692474	rs11455465	chr6	34691001	34691400	16_EnhW1	1074
chr6	34706200	34706201	rs2814960	chr6	34704401	34705000	17_EnhW2	1201
chr6	34707860	34707861	rs2814962	chr6	34704401	34705000	17_EnhW2	2861
chr6	34708900	34708901	rs2764203	chr6	34704401	34705000	17_EnhW2	3901
chr6	34711466	34711467	rs2764204	chr6	34704401	34705000	17_EnhW2	6467
chr6	34712009	34712010	rs2764205	chr6	34704401	34705000	17_EnhW2	7010
chr6	34715340	34715341	rs9462007	chr6	34704401	34705000	17_EnhW2	10341
chr6	34716885	34716886	rs112320767	chr6	34704401	34705000	17_EnhW2	11886
chr6	34717472	34717473	rs6911549	chr6	34704401	34705000	17_EnhW2	12473
chr6	34717577	34717578	rs61431557	chr6	34704401	34705000	17_EnhW2	12578
chr6	34719173	34719174	rs9462012	chr6	34704401	34705000	17_EnhW2	14174
chr6	34722281	34722282	rs7755822	chr6	34704401	34705000	17_EnhW2	17282
chr6	34724814	34724815	rs9469860	chr6	34704401	34705000	17_EnhW2	19815
chr6	34727186	34727187	rs59142559	chr6	34704401	34705000	17_EnhW2	22187
chr6	34728070	34728071	rs75398113	chr6	34704401	34705000	17_EnhW2	23071
chr6	34728252	34728253	rs9462014	chr6	34704401	34705000	17_EnhW2	23253
chr6	34728734	34728735	rs112826162	chr6	34704401	34705000	17_EnhW2	23735
chr6	34729157	34729158	rs114863007	chr6	34704401	34705000	17_EnhW2	24158
chr6	34738989	34738990	rs6457790	chr6	34758601	34758800	16_EnhW1	19612
chr6	34739789	34739790	rs9462016	chr6	34758601	34758800	16_EnhW1	18812
chr6	34739931	34739932	rs9469864	chr6	34758601	34758800	16_EnhW1	18670
chr6	34747408	34747409	rs28567450	chr6	34758601	34758800	16_EnhW1	11193
chr6	34747449	34747450	rs56693020	chr6	34758601	34758800	16_EnhW1	11152
chr6	34752592	34752593	rs9688715	chr6	34758601	34758800	16_EnhW1	6009
chr6	34753747	34753748	rs139892155	chr6	34758601	34758800	16_EnhW1	4854
chr6	34758132	34758133	rs1555773	chr6	34758601	34758800	16_EnhW1	469
chr6	34759501	34759502	rs111498384	chr6	34758601	34758800	16_EnhW1	702
chr6	34763260	34763261	rs113310749	chr6	34758601	34758800	16_EnhW1	4461
chr6	34763981	34763982	rs9469890	chr6	34758601	34758800	16_EnhW1	5182
chr6	34769764	34769765	rs4472337	chr6	34758601	34758800	16_EnhW1	10965
chr6	34770149	34770150	rs150500834	chr6	34758601	34758800	16_EnhW1	11350
chr6	34773726	34773727	rs2395607	chr6	34787201	34787400	17_EnhW2	13475
chr6	34774448	34774449	rs9296130	chr6	34787201	34787400	17_EnhW2	12753
chr6	34777400	34777401	rs9469895	chr6	34787201	34787400	17_EnhW2	9801
chr6	34779064	34779065	rs73419607	chr6	34787201	34787400	17_EnhW2	8137
chr6	34783716	34783717	rs6936177	chr6	34787201	34787400	17_EnhW2	3485
chr6	34785078	34785079	rs73419621	chr6	34787201	34787400	17_EnhW2	2123
chr6	34786257	34786258	rs113752786	chr6	34787201	34787400	17_EnhW2	944
chr6	34786932	34786933	rs368944595	chr6	34787201	34787400	17_EnhW2	269
chr6	34791464	34791465	rs9469897	chr6	34787201	34787400	17_EnhW2	4065
chr6	34793332	34793333	rs9469900	chr6	34787201	34787400	17_EnhW2	5933
chr6	34793835	34793836	rs9462025	chr6	34787201	34787400	17_EnhW2	6436
chr6	34794087	34794088	rs7762485	chr6	34787201	34787400	17_EnhW2	6688
chr6	34794743	34794744	rs60643641	chr6	34787201	34787400	17_EnhW2	7344
chr6	34795101	34795102	rs11759235	chr6	34787201	34787400	17_EnhW2	7702
chr6	34800434	34800435	rs112563428	chr6	34787201	34787400	17_EnhW2	13035
chr6	34805295	34805296	rs58664428	chr6	34787201	34787400	17_EnhW2	17896
chr6	34805541	34805542	rs60321318	chr6	34787201	34787400	17_EnhW2	18142
chr6	34806272	34806273	rs112225393	chr6	34787201	34787400	17_EnhW2	18873
chr6	34807893	34807894	rs11756392	chr6	34787201	34787400	17_EnhW2	20494
chr6	34810798	34810799	rs9469907	chr6	34787201	34787400	17_EnhW2	23399
chr6	34814098	34814099	rs9654581	chr6	34787201	34787400	17_EnhW2	26699
chr6	34815202	34815203	rs9462029	chr6	34787201	34787400	17_EnhW2	27803
chr6	34816059	34816060	rs112465264	chr6	34787201	34787400	17_EnhW2	28660
chr6	34817873	34817874	rs111817626	chr6	34787201	34787400	17_EnhW2	30474
chr6	34819113	34819114	rs9469910	chr6	34787201	34787400	17_EnhW2	31714
chr6	34821393	34821394	rs9469911	chr6	34787201	34787400	17_EnhW2	33994
chr6	34825661	34825662	rs16894959	chr6	34863001	34863200	17_EnhW2	37340
chr6	34827084	34827085	rs9469913	chr6	34863001	34863200	17_EnhW2	35917
chr6	34830753	34830754	rs1883638	chr6	34863001	34863200	17_EnhW2	32248
chr6	34831760	34831761	rs9462031	chr6	34863001	34863200	17_EnhW2	31241
chr6	44645735	44645736	rs649700	chr6	44640601	44641000	17_EnhW2	4736
chr6	44650091	44650092	rs1680901	chr6	44640601	44641000	17_EnhW2	9092
chr6	44652501	44652502	rs1283923	chr6	44640601	44641000	17_EnhW2	11502
chr6	44660747	44660748	rs663933	chr6	44665201	44665600	17_EnhW2	4454
chr6	44662210	44662211	rs148254188	chr6	44665201	44665600	17_EnhW2	2991
chr6	44673786	44673787	rs9381350	chr6	44670001	44670400	17_EnhW2	3387
chr6	44674613	44674614	rs9367207	chr6	44670001	44670400	17_EnhW2	4214
chr6	44674859	44674860	rs679769	chr6	44670001	44670400	17_EnhW2	4460
chr6	44676314	44676315	rs12529132	chr6	44670001	44670400	17_EnhW2	5915
chr6	44677137	44677138	rs9463011	chr6	44670001	44670400	17_EnhW2	6738
chr6	44679882	44679883	rs1022731	chr6	44670001	44670400	17_EnhW2	9483
chr6	44680052	44680053	rs1022730	chr6	44670001	44670400	17_EnhW2	9653
chr6	44680554	44680555	rs227830	chr6	44670001	44670400	17_EnhW2	10155
chr6	44680807	44680808	rs227831	chr6	44691201	44691600	17_EnhW2	10394
chr6	44681256	44681257	rs227832	chr6	44691201	44691600	17_EnhW2	9945
chr6	44681839	44681840	rs227833	chr6	44691201	44691600	17_EnhW2	9362
chr6	44682315	44682316	rs227835	chr6	44691201	44691600	17_EnhW2	8886
chr6	44682400	44682401	rs35376827	chr6	44691201	44691600	17_EnhW2	8801
chr6	44682739	44682740	rs227836	chr6	44691201	44691600	17_EnhW2	8462
chr6	44683122	44683123	rs227837	chr6	44691201	44691600	17_EnhW2	8079
chr6	44684123	44684124	rs13206206	chr6	44691201	44691600	17_EnhW2	7078
chr6	44684620	44684621	rs227838	chr6	44691201	44691600	17_EnhW2	6581
chr6	44685609	44685610	rs227839	chr6	44691201	44691600	17_EnhW2	5592
chr6	44685938	44685939	rs6933373	chr6	44691201	44691600	17_EnhW2	5263
chr6	44686303	44686304	rs227840	chr6	44691201	44691600	17_EnhW2	4898
chr6	44688174	44688175	rs79355103	chr6	44691201	44691600	17_EnhW2	3027
chr6	44688175	44688176	rs79441074	chr6	44691201	44691600	17_EnhW2	3026
chr6	44690308	44690309	rs227841	chr6	44691201	44691600	17_EnhW2	893
chr6	44691702	44691703	rs227843	chr6	44691201	44691600	17_EnhW2	103
chr6	44692211	44692212	rs227844	chr6	44691201	44691600	17_EnhW2	612
chr6	44693706	44693707	rs4711797	chr6	44691201	44691600	17_EnhW2	2107
chr6	44695337	44695338	rs227845	chr6	44698801	44699200	17_EnhW2	3464
chr6	44695492	44695493	rs227847	chr6	44698801	44699200	17_EnhW2	3309
chr6	44696400	44696401	rs34577161	chr6	44698801	44699200	17_EnhW2	2401
chr6	44698498	44698499	rs227848	chr6	44698801	44699200	17_EnhW2	303
chr6	44698707	44698708	rs227849	chr6	44698801	44699200	17_EnhW2	94
chr6	44699067	44699068	rs227850	chr6	44698801	44699200	17_EnhW2	0
chr6	44699208	44699209	rs227851	chr6	44698801	44699200	17_EnhW2	9
chr6	44699353	44699354	rs9472331	chr6	44698801	44699200	17_EnhW2	154
chr6	44699558	44699559	rs227852	chr6	44698801	44699200	17_EnhW2	359
chr6	44699745	44699746	rs227853	chr6	44698801	44699200	17_EnhW2	546
chr6	44700713	44700714	rs4714812	chr6	44698801	44699200	17_EnhW2	1514
chr6	44701034	44701035	rs227854	chr6	44698801	44699200	17_EnhW2	1835
chr6	44702351	44702352	rs227855	chr6	44698801	44699200	17_EnhW2	3152
chr6	44702678	44702679	rs34541469	chr6	44706001	44706200	17_EnhW2	3323
chr6	44704391	44704392	rs227857	chr6	44706001	44706200	17_EnhW2	1610
chr6	44705265	44705266	rs609699	chr6	44706001	44706200	17_EnhW2	736
chr6	44705302	44705303	rs609643	chr6	44706001	44706200	17_EnhW2	699
chr6	44706789	44706790	rs687878	chr6	44706201	44707000	16_EnhW1	0
chr6	44708415	44708416	rs3997503	chr6	44707001	44707200	17_EnhW2	1216
chr6	44708612	44708613	rs7746032	chr6	44707001	44707200	17_EnhW2	1413
chr6	44709463	44709464	rs10709172	chr6	44707001	44707200	17_EnhW2	2264
chr6	44709889	44709890	rs4714813	chr6	44707001	44707200	17_EnhW2	2690
chr6	44709966	44709967	rs9472335	chr6	44707001	44707200	17_EnhW2	2767
chr6	44710303	44710304	rs9463017	chr6	44707001	44707200	17_EnhW2	3104
chr6	44710391	44710392	rs9472336	chr6	44707001	44707200	17_EnhW2	3192
chr6	44710690	44710691	rs764396	chr6	44707001	44707200	17_EnhW2	3491
chr6	44710770	44710771	rs764397	chr6	44707001	44707200	17_EnhW2	3571
chr6	44710879	44710880	rs1418435	chr6	44707001	44707200	17_EnhW2	3680
chr6	44711575	44711576	rs9472337	chr6	44707001	44707200	17_EnhW2	4376
chr6	44711790	44711791	rs9472339	chr6	44707001	44707200	17_EnhW2	4591
chr6	44713330	44713331	rs9463019	chr6	44707001	44707200	17_EnhW2	6131
chr6	44713431	44713432	rs9463020	chr6	44707001	44707200	17_EnhW2	6232
chr6	44714044	44714045	rs4714814	chr6	44707001	44707200	17_EnhW2	6845
chr6	44714169	44714170	rs4714815	chr6	44707001	44707200	17_EnhW2	6970
chr6	44715167	44715168	rs4714816	chr6	44707001	44707200	17_EnhW2	7968
chr6	44716103	44716104	rs9472341	chr6	44707001	44707200	17_EnhW2	8904
chr6	44716365	44716366	rs2211393	chr6	44707001	44707200	17_EnhW2	9166
chr6	44716394	44716395	rs2211392	chr6	44707001	44707200	17_EnhW2	9195
chr6	44716508	44716509	rs2226138	chr6	44707001	44707200	17_EnhW2	9309
chr6	44716540	44716541	rs9472344	chr6	44707001	44707200	17_EnhW2	9341
chr6	44716595	44716596	rs34845566	chr6	44707001	44707200	17_EnhW2	9396
chr6	44716700	44716701	rs9463023	chr6	44707001	44707200	17_EnhW2	9501
chr6	44717227	44717228	rs9463024	chr6	44707001	44707200	17_EnhW2	10028
chr6	44717741	44717742	rs4336446	chr6	44707001	44707200	17_EnhW2	10542
chr6	44717807	44717808	rs4449629	chr6	44707001	44707200	17_EnhW2	10608
chr6	44717974	44717975	rs4336447	chr6	44707001	44707200	17_EnhW2	10775
chr6	44718005	44718006	rs4473853	chr6	44707001	44707200	17_EnhW2	10806
chr6	44718007	44718008	rs4549616	chr6	44707001	44707200	17_EnhW2	10808
chr6	44718116	44718117	rs6415145	chr6	44707001	44707200	17_EnhW2	10917
chr6	44718303	44718304	rs149252880	chr6	44707001	44707200	17_EnhW2	11104
chr6	44718388	44718389	rs143438084	chr6	44707001	44707200	17_EnhW2	11189
chr6	44718536	44718537	rs141517771	chr6	44707001	44707200	17_EnhW2	11337
chr6	44718587	44718588	rs201885098	chr6	44707001	44707200	17_EnhW2	11388
chr6	44718590	44718591	rs200004894	chr6	44707001	44707200	17_EnhW2	11391
chr6	44719023	44719024	rs149513184	chr6	44707001	44707200	17_EnhW2	11824
chr6	44719614	44719615	rs78488994	chr6	44707001	44707200	17_EnhW2	12415
chr6	44719627	44719628	rs148647967	chr6	44707001	44707200	17_EnhW2	12428
chr6	44720239	44720240	rs77451381	chr6	44707001	44707200	17_EnhW2	13040
chr6	44720240	44720241	rs75711346	chr6	44707001	44707200	17_EnhW2	13041
chr6	44720379	44720380	rs9717328	chr6	44707001	44707200	17_EnhW2	13180
chr6	44720620	44720621	rs9717853	chr6	44707001	44707200	17_EnhW2	13421
chr6	44720621	44720622	rs9717331	chr6	44707001	44707200	17_EnhW2	13422
chr6	44720705	44720706	rs375662546	chr6	44707001	44707200	17_EnhW2	13506
chr6	44720721	44720722	rs200182269	chr6	44707001	44707200	17_EnhW2	13522
chr6	44720783	44720784	rs201691646	chr6	44707001	44707200	17_EnhW2	13584
chr6	44721463	44721464	rs9472347	chr6	44707001	44707200	17_EnhW2	14264
chr6	44721697	44721698	rs9463031	chr6	44707001	44707200	17_EnhW2	14498
chr6	44721765	44721766	rs9472348	chr6	44707001	44707200	17_EnhW2	14566
chr6	44721790	44721791	rs9381351	chr6	44707001	44707200	17_EnhW2	14591
chr6	44722015	44722016	rs9718309	chr6	44707001	44707200	17_EnhW2	14816
chr6	44722091	44722092	rs35334930	chr6	44707001	44707200	17_EnhW2	14892
chr6	44722127	44722128	rs35265671	chr6	44707001	44707200	17_EnhW2	14928
chr6	44722165	44722166	rs62436030	chr6	44707001	44707200	17_EnhW2	14966
chr6	44722202	44722203	rs62436031	chr6	44707001	44707200	17_EnhW2	15003
chr6	44723100	44723101	rs12183502	chr6	44707001	44707200	17_EnhW2	15901
chr6	44723291	44723292	rs200116410	chr6	44707001	44707200	17_EnhW2	16092
chr6	44723499	44723500	rs199706508	chr6	44739401	44739600	17_EnhW2	15902
chr6	44723503	44723504	rs201826013	chr6	44739401	44739600	17_EnhW2	15898
chr6	44723765	44723766	rs145835902	chr6	44739401	44739600	17_EnhW2	15636
chr6	44723774	44723775	rs201650357	chr6	44739401	44739600	17_EnhW2	15627
chr6	44723981	44723982	rs200773781	chr6	44739401	44739600	17_EnhW2	15420
chr6	44724092	44724093	rs199815053	chr6	44739401	44739600	17_EnhW2	15309
chr6	44724248	44724249	rs200742379	chr6	44739401	44739600	17_EnhW2	15153
chr6	44724613	44724614	rs191173245	chr6	44739401	44739600	17_EnhW2	14788
chr6	44724688	44724689	rs182901205	chr6	44739401	44739600	17_EnhW2	14713
chr6	44724729	44724730	rs148696921	chr6	44739401	44739600	17_EnhW2	14672
chr6	44725394	44725395	rs199712537	chr6	44739401	44739600	17_EnhW2	14007
chr6	44725611	44725612	rs139168947	chr6	44739401	44739600	17_EnhW2	13790
chr6	44725981	44725982	rs200694312	chr6	44739401	44739600	17_EnhW2	13420
chr6	44726164	44726165	rs144647275	chr6	44739401	44739600	17_EnhW2	13237
chr6	44726239	44726240	rs201696178	chr6	44739401	44739600	17_EnhW2	13162
chr6	44726364	44726365	rs145436019	chr6	44739401	44739600	17_EnhW2	13037
chr6	44726392	44726393	rs149009449	chr6	44739401	44739600	17_EnhW2	13009
chr6	44727180	44727181	rs12182085	chr6	44739401	44739600	17_EnhW2	12221
chr6	44727526	44727527	rs58714990	chr6	44739401	44739600	17_EnhW2	11875
chr6	44727596	44727597	rs60484422	chr6	44739401	44739600	17_EnhW2	11805
chr6	44727769	44727770	rs149560189	chr6	44739401	44739600	17_EnhW2	11632
chr6	44727788	44727789	rs139473696	chr6	44739401	44739600	17_EnhW2	11613
chr6	44727885	44727886	rs140807721	chr6	44739401	44739600	17_EnhW2	11516
chr6	44728811	44728812	rs1338908	chr6	44739401	44739600	17_EnhW2	10590
chr6	44729707	44729708	rs34907292	chr6	44739401	44739600	17_EnhW2	9694
chr6	44729973	44729974	rs720576	chr6	44739401	44739600	17_EnhW2	9428
chr6	44730394	44730395	rs1338907	chr6	44739401	44739600	17_EnhW2	9007
chr6	44731100	44731101	rs77547994	chr6	44739401	44739600	17_EnhW2	8301
chr6	44731202	44731203	rs145903788	chr6	44739401	44739600	17_EnhW2	8199
chr6	44731781	44731782	rs6458410	chr6	44739401	44739600	17_EnhW2	7620
chr6	44732038	44732039	rs142810499	chr6	44739401	44739600	17_EnhW2	7363
chr6	44733031	44733032	rs9472356	chr6	44739401	44739600	17_EnhW2	6370
chr6	44733175	44733176	rs9472357	chr6	44739401	44739600	17_EnhW2	6226
chr6	44733340	44733341	rs7382444	chr6	44739401	44739600	17_EnhW2	6061
chr6	44733469	44733470	rs7382484	chr6	44739401	44739600	17_EnhW2	5932
chr6	44733650	44733651	rs7382508	chr6	44739401	44739600	17_EnhW2	5751
chr6	44733724	44733725	rs7381290	chr6	44739401	44739600	17_EnhW2	5677
chr6	44733873	44733874	rs7382783	chr6	44739401	44739600	17_EnhW2	5528
chr6	44734140	44734141	rs7382778	chr6	44739401	44739600	17_EnhW2	5261
chr6	44735284	44735285	rs4714819	chr6	44739401	44739600	17_EnhW2	4117
chr6	44735307	44735308	rs11387401	chr6	44739401	44739600	17_EnhW2	4094
chr6	44735833	44735834	rs6458412	chr6	44739401	44739600	17_EnhW2	3568
chr6	44736264	44736265	rs12215252	chr6	44739401	44739600	17_EnhW2	3137
chr6	44736736	44736737	rs4714820	chr6	44739401	44739600	17_EnhW2	2665
chr6	44737466	44737467	rs72664272	chr6	44739401	44739600	17_EnhW2	1935
chr6	44738547	44738548	rs116177834	chr6	44739401	44739600	17_EnhW2	854
chr6	44738822	44738823	rs76099160	chr6	44739401	44739600	17_EnhW2	579
chr6	44738972	44738973	rs4714821	chr6	44739401	44739600	17_EnhW2	429
chr6	44740470	44740471	rs2038557	chr6	44740201	44740600	17_EnhW2	0
chr6	44740567	44740568	rs2038556	chr6	44740201	44740600	17_EnhW2	0
chr6	44741713	44741714	rs1832897	chr6	44740201	44740600	17_EnhW2	1114
chr6	44742289	44742290	rs4714822	chr6	44740201	44740600	17_EnhW2	1690
chr6	44743008	44743009	rs2040032	chr6	44740201	44740600	17_EnhW2	2409
chr6	44743515	44743516	rs1342640	chr6	44740201	44740600	17_EnhW2	2916
chr6	44744032	44744033	rs2038555	chr6	44740201	44740600	17_EnhW2	3433
chr6	44744182	44744183	rs71305772	chr6	44740201	44740600	17_EnhW2	3583
chr6	44744266	44744267	rs71564699	chr6	44740201	44740600	17_EnhW2	3667
chr6	44744274	44744275	rs73444383	chr6	44740201	44740600	17_EnhW2	3675
chr6	44747203	44747204	rs911524	chr6	44740201	44740600	17_EnhW2	6604
chr6	44747409	44747410	rs9472360	chr6	44740201	44740600	17_EnhW2	6810
chr6	44747731	44747732	rs1342370	chr6	44740201	44740600	17_EnhW2	7132
chr6	44748364	44748365	rs1418434	chr6	44740201	44740600	17_EnhW2	7765
chr6	44750751	44750752	rs10666068	chr6	44740201	44740600	17_EnhW2	10152
chr6	44750776	44750777	rs4711798	chr6	44740201	44740600	17_EnhW2	10177
chr6	44751284	44751285	rs9472362	chr6	44740201	44740600	17_EnhW2	10685
chr6	44751668	44751669	rs70993477	chr6	44740201	44740600	17_EnhW2	11069
chr6	44752123	44752124	rs9463039	chr6	44740201	44740600	17_EnhW2	11524
chr6	44752285	44752286	rs9463040	chr6	44740201	44740600	17_EnhW2	11686
chr6	44752567	44752568	rs1418433	chr6	44764201	44765400	17_EnhW2	11634
chr6	44755193	44755194	rs113793252	chr6	44764201	44765400	17_EnhW2	9008
chr6	44756414	44756415	rs1557143	chr6	44764201	44765400	17_EnhW2	7787
chr6	44758097	44758098	rs1293457	chr6	44764201	44765400	17_EnhW2	6104
chr6	44760254	44760255	rs34776198	chr6	44764201	44765400	17_EnhW2	3947
chr6	44760518	44760519	rs2396326	chr6	44764201	44765400	17_EnhW2	3683
chr6	44760641	44760642	rs1891412	chr6	44764201	44765400	17_EnhW2	3560
chr6	44760859	44760860	rs2894599	chr6	44764201	44765400	17_EnhW2	3342
chr6	44760902	44760903	rs1891411	chr6	44764201	44765400	17_EnhW2	3299
chr6	44761053	44761054	rs66642874	chr6	44764201	44765400	17_EnhW2	3148
chr6	44761545	44761546	rs4714825	chr6	44764201	44765400	17_EnhW2	2656
chr6	44763187	44763188	rs1935549	chr6	44764201	44765400	17_EnhW2	1014
chr6	44763780	44763781	rs2145826	chr6	44764201	44765400	17_EnhW2	421
chr6	44765534	44765535	rs720989	chr6	44764201	44765400	17_EnhW2	135
chr6	44765659	44765660	rs720988	chr6	44764201	44765400	17_EnhW2	260
chr6	44765779	44765780	rs4711799	chr6	44764201	44765400	17_EnhW2	380
chr6	44766126	44766127	rs34817919	chr6	44764201	44765400	17_EnhW2	727
chr6	44767071	44767072	rs12190136	chr6	44764201	44765400	17_EnhW2	1672
chr6	44769203	44769204	rs1293467	chr6	44764201	44765400	17_EnhW2	3804
chr6	44771040	44771041	rs16872574	chr6	44776201	44777200	17_EnhW2	5161
chr6	44771933	44771934	rs929614	chr6	44776201	44777200	17_EnhW2	4268
chr6	44773261	44773262	rs34679044	chr6	44776201	44777200	17_EnhW2	2940
chr6	44773698	44773699	rs72664273	chr6	44776201	44777200	17_EnhW2	2503
chr6	44773704	44773705	rs67597621	chr6	44776201	44777200	17_EnhW2	2497
chr6	44773882	44773883	rs72664274	chr6	44776201	44777200	17_EnhW2	2319
chr6	44773891	44773892	rs6910749	chr6	44776201	44777200	17_EnhW2	2310
chr6	44778470	44778471	rs9369512	chr6	44776201	44777200	17_EnhW2	1271
chr6	44778643	44778644	rs34724918	chr6	44776201	44777200	17_EnhW2	1444
chr6	44780977	44780978	rs562016	chr6	44776201	44777200	17_EnhW2	3778
chr6	44781312	44781313	rs5875893	chr6	44776201	44777200	17_EnhW2	4113
chr6	44782561	44782562	rs9357459	chr6	44776201	44777200	17_EnhW2	5362
chr6	44782716	44782717	rs7754698	chr6	44776201	44777200	17_EnhW2	5517
chr6	44783456	44783457	rs7769218	chr6	44776201	44777200	17_EnhW2	6257
chr6	44785501	44785502	rs6904015	chr6	44791801	44792800	17_EnhW2	6300
chr6	44786034	44786035	rs1935551	chr6	44791801	44792800	17_EnhW2	5767
chr6	44787253	44787254	rs35714322	chr6	44791801	44792800	17_EnhW2	4548
chr6	44789475	44789476	rs9369513	chr6	44791801	44792800	17_EnhW2	2326
chr6	44790914	44790915	rs35214627	chr6	44791801	44792800	17_EnhW2	887
chr6	44792578	44792579	rs9349303	chr6	44791801	44792800	17_EnhW2	0
chr6	44792717	44792718	rs9395049	chr6	44791801	44792800	17_EnhW2	0
chr6	44795583	44795584	rs5875895	chr6	44796801	44800400	17_EnhW2	1218
chr6	44795919	44795920	rs369459745	chr6	44796801	44800400	17_EnhW2	882
chr6	44796138	44796139	rs2139863	chr6	44796801	44800400	17_EnhW2	663
chr6	44796595	44796596	rs524492	chr6	44796801	44800400	17_EnhW2	206
chr6	44797270	44797271	rs9369514	chr6	44796801	44800400	17_EnhW2	0
chr6	44798616	44798617	rs3799965	chr6	44796801	44800400	17_EnhW2	0
chr6	44798664	44798665	rs3799966	chr6	44796801	44800400	17_EnhW2	0
chr6	44798700	44798701	rs3799967	chr6	44796801	44800400	17_EnhW2	0
chr6	44799075	44799076	rs113477276	chr6	44796801	44800400	17_EnhW2	0
chr6	44799656	44799657	rs1402599	chr6	44796801	44800400	17_EnhW2	0
chr6	44799891	44799892	rs34702305	chr6	44796801	44800400	17_EnhW2	0
chr6	44800014	44800015	rs542444	chr6	44796801	44800400	17_EnhW2	0
chr6	44800246	44800247	rs9472376	chr6	44796801	44800400	17_EnhW2	0
chr6	44805376	44805377	rs3799968	chr6	44796801	44800400	17_EnhW2	4977
chr6	44807057	44807058	rs67536186	chr6	44796801	44800400	17_EnhW2	6658
chr6	44810350	44810351	rs3799969	chr6	44796801	44800400	17_EnhW2	9951
chr6	44810357	44810358	rs3799970	chr6	44796801	44800400	17_EnhW2	9958
chr6	44810417	44810418	rs3823252	chr6	44796801	44800400	17_EnhW2	10018
chr6	44812514	44812515	rs9369515	chr6	44796801	44800400	17_EnhW2	12115
chr6	44812564	44812565	rs6910294	chr6	44796801	44800400	17_EnhW2	12165
chr6	44814891	44814892	rs16869119	chr6	44796801	44800400	17_EnhW2	14492
chr6	44815482	44815483	rs13202672	chr6	44796801	44800400	17_EnhW2	15083
chr6	44815868	44815869	rs71536341	chr6	44796801	44800400	17_EnhW2	15469
chr6	44816180	44816181	rs13206526	chr6	44796801	44800400	17_EnhW2	15781
chr6	44817259	44817260	rs9472383	chr6	44796801	44800400	17_EnhW2	16860
chr6	44819318	44819319	rs3799971	chr6	44796801	44800400	17_EnhW2	18919
chr6	44820734	44820735	rs4714827	chr6	44796801	44800400	17_EnhW2	20335
chr6	44820740	44820741	rs35991735	chr6	44796801	44800400	17_EnhW2	20341
chr6	44823272	44823273	rs3799972	chr6	44796801	44800400	17_EnhW2	22873
chr6	44823726	44823727	rs3799973	chr6	44796801	44800400	17_EnhW2	23327
chr6	44824947	44824948	rs3799974	chr6	44796801	44800400	17_EnhW2	24548
chr6	44825714	44825715	rs9395051	chr6	44796801	44800400	17_EnhW2	25315
chr6	44828199	44828200	rs34243039	chr6	44796801	44800400	17_EnhW2	27800
chr6	44828802	44828803	rs35856781	chr6	44796801	44800400	17_EnhW2	28403
chr6	44830179	44830180	rs9367208	chr6	44796801	44800400	17_EnhW2	29780
chr6	44830221	44830222	rs13199289	chr6	44796801	44800400	17_EnhW2	29822
chr6	44833166	44833167	rs143113540	chr6	44796801	44800400	17_EnhW2	32767
chr6	44833422	44833423	rs12209076	chr6	44796801	44800400	17_EnhW2	33023
chr6	44833597	44833598	rs9369516	chr6	44796801	44800400	17_EnhW2	33198
chr6	44834093	44834094	rs3846896	chr6	44796801	44800400	17_EnhW2	33694
chr6	44834546	44834547	rs67114427	chr6	44796801	44800400	17_EnhW2	34147
chr6	44835301	44835302	rs34627980	chr6	44796801	44800400	17_EnhW2	34902
chr6	44835621	44835622	rs3799976	chr6	44796801	44800400	17_EnhW2	35222
chr6	44836297	44836298	rs67130342	chr6	44796801	44800400	17_EnhW2	35898
chr6	44837355	44837356	rs3799977	chr6	44796801	44800400	17_EnhW2	36956
chr6	44837531	44837532	rs3799978	chr6	44796801	44800400	17_EnhW2	37132
chr6	44838408	44838409	rs472672	chr6	44796801	44800400	17_EnhW2	38009
chr6	44838478	44838479	rs9296448	chr6	44796801	44800400	17_EnhW2	38079
chr6	44838501	44838502	rs581852	chr6	44796801	44800400	17_EnhW2	38102
chr6	44838692	44838693	rs201315730	chr6	44796801	44800400	17_EnhW2	38293
chr6	44839991	44839992	rs9472387	chr6	44796801	44800400	17_EnhW2	39592
chr6	44840338	44840339	rs150300067	chr6	44796801	44800400	17_EnhW2	39939
chr6	44844281	44844282	rs9369519	chr6	44796801	44800400	17_EnhW2	43882
chr6	44844373	44844374	rs7747642	chr6	44796801	44800400	17_EnhW2	43974
chr6	44844459	44844460	rs62438007	chr6	44796801	44800400	17_EnhW2	44060
chr6	44845513	44845514	rs3799979	chr6	44796801	44800400	17_EnhW2	45114
chr6	44846007	44846008	rs4714828	chr6	44796801	44800400	17_EnhW2	45608
chr6	44847288	44847289	rs12663530	chr6	44796801	44800400	17_EnhW2	46889
chr6	44848183	44848184	rs12200412	chr6	44796801	44800400	17_EnhW2	47784
chr6	44848346	44848347	rs12207620	chr6	44796801	44800400	17_EnhW2	47947
chr6	44849261	44849262	rs6940547	chr6	44796801	44800400	17_EnhW2	48862
chr6	44850209	44850210	rs62438011	chr6	44796801	44800400	17_EnhW2	49810
chr6	44850389	44850390	rs6903576	chr6	44796801	44800400	17_EnhW2	49990
chr6	44850529	44850530	rs150071287	chr6	44796801	44800400	17_EnhW2	50130
chr6	44852135	44852136	rs146372754	chr6	44796801	44800400	17_EnhW2	51736
chr6	44852261	44852262	rs588848	chr6	44796801	44800400	17_EnhW2	51862
chr6	44852554	44852555	rs11525038	chr6	44796801	44800400	17_EnhW2	52155
chr6	44852684	44852685	rs11524119	chr6	44796801	44800400	17_EnhW2	52285
chr6	44852805	44852806	rs591129	chr6	44796801	44800400	17_EnhW2	52406
chr6	44852917	44852918	rs13213412	chr6	44796801	44800400	17_EnhW2	52518
chr6	44853091	44853092	rs67911131	chr6	44796801	44800400	17_EnhW2	52692
chr6	44854343	44854344	rs6938601	chr6	44796801	44800400	17_EnhW2	53944
chr6	44854371	44854372	rs4419668	chr6	44796801	44800400	17_EnhW2	53972
chr6	44855267	44855268	rs77054929	chr6	44796801	44800400	17_EnhW2	54868
chr6	44855390	44855391	rs201349697	chr6	44796801	44800400	17_EnhW2	54991
chr6	44855687	44855688	rs200102766	chr6	44796801	44800400	17_EnhW2	55288
chr6	44856119	44856120	rs146271312	chr6	44796801	44800400	17_EnhW2	55720
chr6	44856303	44856304	rs144896060	chr6	44796801	44800400	17_EnhW2	55904
chr6	44856319	44856320	rs148629943	chr6	44796801	44800400	17_EnhW2	55920
chr6	44856776	44856777	rs200944839	chr6	44796801	44800400	17_EnhW2	56377
chr6	44857408	44857409	rs148964457	chr6	44796801	44800400	17_EnhW2	57009
chr6	44857742	44857743	rs13201202	chr6	44796801	44800400	17_EnhW2	57343
chr6	44858167	44858168	rs13220907	chr6	44796801	44800400	17_EnhW2	57768
chr6	44859450	44859451	rs718112	chr6	44796801	44800400	17_EnhW2	59051
chr6	44861617	44861618	rs11759854	chr6	44796801	44800400	17_EnhW2	61218
chr6	44861800	44861801	rs857317	chr6	44796801	44800400	17_EnhW2	61401
chr6	44861899	44861900	rs9765884	chr6	44796801	44800400	17_EnhW2	61500
chr6	44862733	44862734	rs57020561	chr6	44796801	44800400	17_EnhW2	62334
chr6	44863105	44863106	rs7754378	chr6	44796801	44800400	17_EnhW2	62706
chr6	44864151	44864152	rs6923519	chr6	44796801	44800400	17_EnhW2	63752
chr6	44865519	44865520	rs12529522	chr6	44796801	44800400	17_EnhW2	65120
chr6	44866321	44866322	rs12530016	chr6	44796801	44800400	17_EnhW2	65922
chr6	44867253	44867254	rs567054	chr6	44796801	44800400	17_EnhW2	66854
chr6	44867833	44867834	rs3957281	chr6	44796801	44800400	17_EnhW2	67434
chr6	44868980	44868981	rs9395055	chr6	44796801	44800400	17_EnhW2	68581
chr6	44869247	44869248	rs4711803	chr6	44796801	44800400	17_EnhW2	68848
chr6	44869257	44869258	rs1293598	chr6	44796801	44800400	17_EnhW2	68858
chr6	44869337	44869338	rs1293600	chr6	44796801	44800400	17_EnhW2	68938
chr6	44869338	44869339	rs201199432	chr6	44796801	44800400	17_EnhW2	68939
chr6	44870101	44870102	rs4711805	chr6	44796801	44800400	17_EnhW2	69702
chr6	44870276	44870277	rs472673	chr6	44796801	44800400	17_EnhW2	69877
chr6	44871406	44871407	rs142339735	chr6	44796801	44800400	17_EnhW2	71007
chr6	44871477	44871478	rs142701723	chr6	44796801	44800400	17_EnhW2	71078
chr6	44871829	44871830	rs148745395	chr6	44796801	44800400	17_EnhW2	71430
chr6	44871845	44871846	rs185641515	chr6	44796801	44800400	17_EnhW2	71446
chr6	44872020	44872021	rs75013390	chr6	44796801	44800400	17_EnhW2	71621
chr6	44872668	44872669	rs116368192	chr6	44796801	44800400	17_EnhW2	72269
chr6	44872784	44872785	rs148911767	chr6	44796801	44800400	17_EnhW2	72385
chr6	44872821	44872822	rs143609719	chr6	44796801	44800400	17_EnhW2	72422
chr6	44873138	44873139	rs75451300	chr6	44796801	44800400	17_EnhW2	72739
chr6	44873140	44873141	rs76241848	chr6	44796801	44800400	17_EnhW2	72741
chr6	44873142	44873143	rs77513618	chr6	44796801	44800400	17_EnhW2	72743
chr6	44873158	44873159	rs79839106	chr6	44796801	44800400	17_EnhW2	72759
chr6	44873160	44873161	rs138774150	chr6	44796801	44800400	17_EnhW2	72761
chr6	44873259	44873260	rs201328143	chr6	44796801	44800400	17_EnhW2	72860
chr6	44873283	44873284	rs199807793	chr6	44796801	44800400	17_EnhW2	72884
chr6	44873801	44873802	rs6904584	chr6	44796801	44800400	17_EnhW2	73402
chr6	44875761	44875762	rs538801	chr6	44796801	44800400	17_EnhW2	75362
chr6	44875842	44875843	rs12525009	chr6	44796801	44800400	17_EnhW2	75443
chr6	44876538	44876539	rs59197193	chr6	44796801	44800400	17_EnhW2	76139
chr6	44877312	44877313	rs7763421	chr6	44796801	44800400	17_EnhW2	76913
chr6	44879012	44879013	rs74499123	chr6	44796801	44800400	17_EnhW2	78613
chr6	44880880	44880881	rs10948183	chr6	44796801	44800400	17_EnhW2	80481
chr6	44881591	44881592	rs6458415	chr6	44796801	44800400	17_EnhW2	81192
chr6	44882379	44882380	rs3799981	chr6	44796801	44800400	17_EnhW2	81980
chr6	44883872	44883873	rs12526711	chr6	44796801	44800400	17_EnhW2	83473
chr6	44884266	44884267	rs10484627	chr6	44796801	44800400	17_EnhW2	83867
chr6	44885287	44885288	rs17422760	chr6	44796801	44800400	17_EnhW2	84888
chr6	44885304	44885305	rs9367211	chr6	44796801	44800400	17_EnhW2	84905
chr6	44888116	44888117	rs6919161	chr6	44796801	44800400	17_EnhW2	87717
chr6	44888463	44888464	rs500773	chr6	44796801	44800400	17_EnhW2	88064
chr6	44888739	44888740	rs608941	chr6	44796801	44800400	17_EnhW2	88340
chr6	44889044	44889045	rs10456119	chr6	44796801	44800400	17_EnhW2	88645
chr6	44893639	44893640	rs3799984	chr6	44796801	44800400	17_EnhW2	93240
chr6	44896517	44896518	rs634789	chr6	44796801	44800400	17_EnhW2	96118
chr6	44896802	44896803	rs3778507	chr6	44796801	44800400	17_EnhW2	96403
chr6	44897786	44897787	rs1150806	chr6	44796801	44800400	17_EnhW2	97387
chr6	44897972	44897973	rs12524069	chr6	44796801	44800400	17_EnhW2	97573
chr6	44898116	44898117	rs35246989	chr6	44796801	44800400	17_EnhW2	97717
chr6	44898165	44898166	rs12191518	chr6	44796801	44800400	17_EnhW2	97766
chr6	44899631	44899632	rs679713	chr6	44796801	44800400	17_EnhW2	99232
chr6	44900252	44900253	rs3799986	chr6	44796801	44800400	17_EnhW2	99853
chr6	44901042	44901043	rs34391189	chr6	44796801	44800400	17_EnhW2	100643
chr6	44901726	44901727	rs10948185	chr6	44796801	44800400	17_EnhW2	101327
chr6	44902005	44902006	rs35704584	chr6	44796801	44800400	17_EnhW2	101606
chr6	44902435	44902436	rs3857589	chr6	44796801	44800400	17_EnhW2	102036
chr6	44903247	44903248	rs10948186	chr6	44796801	44800400	17_EnhW2	102848
chr6	44903834	44903835	rs72453628	chr6	44796801	44800400	17_EnhW2	103435
chr6	44905144	44905145	rs528015	chr6	44796801	44800400	17_EnhW2	104745
chr6	44906150	44906151	rs1590864	chr6	44796801	44800400	17_EnhW2	105751
chr6	44906860	44906861	rs1578676	chr6	44796801	44800400	17_EnhW2	106461
chr6	44907083	44907084	rs35218721	chr6	44796801	44800400	17_EnhW2	106684
chr6	44908727	44908728	rs9369523	chr6	45016801	45017200	17_EnhW2	108074
chr6	44908799	44908800	rs9472407	chr6	45016801	45017200	17_EnhW2	108002
chr6	44909514	44909515	rs1329715	chr6	45016801	45017200	17_EnhW2	107287
chr6	44910887	44910888	rs35103634	chr6	45016801	45017200	17_EnhW2	105914
chr6	44910924	44910925	rs75919416	chr6	45016801	45017200	17_EnhW2	105877
chr6	44911413	44911414	rs12196818	chr6	45016801	45017200	17_EnhW2	105388
chr6	44911651	44911652	rs4711807	chr6	45016801	45017200	17_EnhW2	105150
chr6	44912365	44912366	rs1854547	chr6	45016801	45017200	17_EnhW2	104436
chr6	44912461	44912462	rs13211229	chr6	45016801	45017200	17_EnhW2	104340
chr6	44913226	44913227	rs59945128	chr6	45016801	45017200	17_EnhW2	103575
chr6	44913862	44913863	rs12525773	chr6	45016801	45017200	17_EnhW2	102939
chr6	44915999	44916000	rs6919485	chr6	45016801	45017200	17_EnhW2	100802
chr6	44916167	44916168	rs185298230	chr6	45016801	45017200	17_EnhW2	100634
chr6	44916210	44916211	rs865940	chr6	45016801	45017200	17_EnhW2	100591
chr6	44916462	44916463	rs200286653	chr6	45016801	45017200	17_EnhW2	100339
chr6	44917196	44917197	rs9463054	chr6	45016801	45017200	17_EnhW2	99605
chr6	44918405	44918406	rs7749865	chr6	45016801	45017200	17_EnhW2	98396
chr6	44920678	44920679	rs12190513	chr6	45016801	45017200	17_EnhW2	96123
chr6	44921319	44921320	rs10948187	chr6	45016801	45017200	17_EnhW2	95482
chr6	44923137	44923138	rs4512220	chr6	45016801	45017200	17_EnhW2	93664
chr6	44923448	44923449	rs4475320	chr6	45016801	45017200	17_EnhW2	93353
chr6	44924411	44924412	rs12214778	chr6	45016801	45017200	17_EnhW2	92390
chr6	44925833	44925834	rs3799987	chr6	45016801	45017200	17_EnhW2	90968
chr6	44926211	44926212	rs10948188	chr6	45016801	45017200	17_EnhW2	90590
chr6	44926430	44926431	rs9472409	chr6	45016801	45017200	17_EnhW2	90371
chr6	44927349	44927350	rs12663798	chr6	45016801	45017200	17_EnhW2	89452
chr6	44928134	44928135	rs13203495	chr6	45016801	45017200	17_EnhW2	88667
chr6	44928209	44928210	rs34980849	chr6	45016801	45017200	17_EnhW2	88592
chr6	44928867	44928868	rs1980265	chr6	45016801	45017200	17_EnhW2	87934
chr6	44931330	44931331	rs1360195	chr6	45016801	45017200	17_EnhW2	85471
chr6	44932754	44932755	rs1521355	chr6	45016801	45017200	17_EnhW2	84047
chr6	44933329	44933330	rs36024684	chr6	45016801	45017200	17_EnhW2	83472
chr6	44935340	44935341	rs636845	chr6	45016801	45017200	17_EnhW2	81461
chr6	44936567	44936568	rs13215618	chr6	45016801	45017200	17_EnhW2	80234
chr6	44936680	44936681	rs13216116	chr6	45016801	45017200	17_EnhW2	80121
chr6	44937254	44937255	rs494982	chr6	45016801	45017200	17_EnhW2	79547
chr6	44939202	44939203	rs9463055	chr6	45016801	45017200	17_EnhW2	77599
chr6	44940077	44940078	rs12526755	chr6	45016801	45017200	17_EnhW2	76724
chr6	44940551	44940552	rs35357222	chr6	45016801	45017200	17_EnhW2	76250
chr6	44941270	44941271	rs35908738	chr6	45016801	45017200	17_EnhW2	75531
chr6	44941520	44941521	rs4714829	chr6	45016801	45017200	17_EnhW2	75281
chr6	44942034	44942035	rs58419900	chr6	45016801	45017200	17_EnhW2	74767
chr6	44942299	44942300	rs10948190	chr6	45016801	45017200	17_EnhW2	74502
chr6	44942576	44942577	rs17339124	chr6	45016801	45017200	17_EnhW2	74225
chr6	44942905	44942906	rs112143344	chr6	45016801	45017200	17_EnhW2	73896
chr6	44943182	44943183	rs9472411	chr6	45016801	45017200	17_EnhW2	73619
chr6	44944100	44944101	rs34713610	chr6	45016801	45017200	17_EnhW2	72701
chr6	44944159	44944160	rs13196587	chr6	45016801	45017200	17_EnhW2	72642
chr6	44945205	44945206	rs1041333	chr6	45016801	45017200	17_EnhW2	71596
chr6	44946471	44946472	rs2396370	chr6	45016801	45017200	17_EnhW2	70330
chr6	44946505	44946506	rs9472414	chr6	45016801	45017200	17_EnhW2	70296
chr6	44946549	44946550	rs2396371	chr6	45016801	45017200	17_EnhW2	70252
chr6	44947279	44947280	rs6926370	chr6	45016801	45017200	17_EnhW2	69522
chr6	44947280	44947281	rs10948191	chr6	45016801	45017200	17_EnhW2	69521
chr6	44947282	44947283	rs12661902	chr6	45016801	45017200	17_EnhW2	69519
chr6	44947320	44947321	rs10948192	chr6	45016801	45017200	17_EnhW2	69481
chr6	44949161	44949162	rs34286542	chr6	45016801	45017200	17_EnhW2	67640
chr6	44949175	44949176	rs10948193	chr6	45016801	45017200	17_EnhW2	67626
chr6	44949629	44949630	rs1360197	chr6	45016801	45017200	17_EnhW2	67172
chr6	44949918	44949919	rs66595702	chr6	45016801	45017200	17_EnhW2	66883
chr6	44950827	44950828	rs6925017	chr6	45016801	45017200	17_EnhW2	65974
chr6	44950962	44950963	rs9472416	chr6	45016801	45017200	17_EnhW2	65839
chr6	44951989	44951990	rs10948194	chr6	45016801	45017200	17_EnhW2	64812
chr6	44952440	44952441	rs9357464	chr6	45016801	45017200	17_EnhW2	64361
chr6	44952641	44952642	rs1360196	chr6	45016801	45017200	17_EnhW2	64160
chr6	44952715	44952716	rs5875900	chr6	45016801	45017200	17_EnhW2	64086
chr6	44952851	44952852	rs976699	chr6	45016801	45017200	17_EnhW2	63950
chr6	44953757	44953758	rs1329716	chr6	45016801	45017200	17_EnhW2	63044
chr6	44953785	44953786	rs9296450	chr6	45016801	45017200	17_EnhW2	63016
chr6	44955527	44955528	rs4714830	chr6	45016801	45017200	17_EnhW2	61274
chr6	44955715	44955716	rs55893720	chr6	45016801	45017200	17_EnhW2	61086
chr6	44956007	44956008	rs35813980	chr6	45016801	45017200	17_EnhW2	60794
chr6	44956365	44956366	rs36105034	chr6	45016801	45017200	17_EnhW2	60436
chr6	44956621	44956622	rs35687006	chr6	45016801	45017200	17_EnhW2	60180
chr6	44956924	44956925	rs11967188	chr6	45016801	45017200	17_EnhW2	59877
chr6	44957552	44957553	rs1576382	chr6	45016801	45017200	17_EnhW2	59249
chr6	44957964	44957965	rs10948195	chr6	45016801	45017200	17_EnhW2	58837
chr6	44958629	44958630	rs34299745	chr6	45016801	45017200	17_EnhW2	58172
chr6	44961998	44961999	rs9885796	chr6	45016801	45017200	17_EnhW2	54803
chr6	44962899	44962900	rs34853544	chr6	45016801	45017200	17_EnhW2	53902
chr6	44966759	44966760	rs5875904	chr6	45016801	45017200	17_EnhW2	50042
chr6	44966866	44966867	rs2396372	chr6	45016801	45017200	17_EnhW2	49935
chr6	44967489	44967490	rs10948197	chr6	45016801	45017200	17_EnhW2	49312
chr6	44967760	44967761	rs7775717	chr6	45016801	45017200	17_EnhW2	49041
chr6	44968071	44968072	rs9472418	chr6	45016801	45017200	17_EnhW2	48730
chr6	44969124	44969125	rs1329710	chr6	45016801	45017200	17_EnhW2	47677
chr6	44972208	44972209	rs1159131	chr6	45016801	45017200	17_EnhW2	44593
chr6	44973436	44973437	rs67476240	chr6	45016801	45017200	17_EnhW2	43365
chr6	44975021	44975022	rs1023091	chr6	45016801	45017200	17_EnhW2	41780
chr6	44976724	44976725	rs1831310	chr6	45016801	45017200	17_EnhW2	40077
chr6	44977718	44977719	rs71536344	chr6	45016801	45017200	17_EnhW2	39083
chr6	44978182	44978183	rs4714832	chr6	45016801	45017200	17_EnhW2	38619
chr6	44978415	44978416	rs4714834	chr6	45016801	45017200	17_EnhW2	38386
chr6	44980340	44980341	rs4711809	chr6	45016801	45017200	17_EnhW2	36461
chr6	44982592	44982593	rs12528232	chr6	45016801	45017200	17_EnhW2	34209
chr6	44983133	44983134	rs2396373	chr6	45016801	45017200	17_EnhW2	33668
chr6	44983544	44983545	rs75969975	chr6	45016801	45017200	17_EnhW2	33257
chr6	44984068	44984069	rs9395058	chr6	45016801	45017200	17_EnhW2	32733
chr6	44984751	44984752	rs71566511	chr6	45016801	45017200	17_EnhW2	32050
chr6	44988969	44988970	rs17424547	chr6	45016801	45017200	17_EnhW2	27832
chr6	44989518	44989519	rs1028944	chr6	45016801	45017200	17_EnhW2	27283
chr6	44990624	44990625	rs9381359	chr6	45016801	45017200	17_EnhW2	26177
chr6	44991112	44991113	rs1971482	chr6	45016801	45017200	17_EnhW2	25689
chr6	44993385	44993386	rs2396375	chr6	45016801	45017200	17_EnhW2	23416
chr6	44993511	44993512	rs12208339	chr6	45016801	45017200	17_EnhW2	23290
chr6	44993573	44993574	rs13202529	chr6	45016801	45017200	17_EnhW2	23228
chr6	44994721	44994722	rs67860657	chr6	45016801	45017200	17_EnhW2	22080
chr6	44996186	44996187	rs34404703	chr6	45016801	45017200	17_EnhW2	20615
chr6	44996212	44996213	rs35259133	chr6	45016801	45017200	17_EnhW2	20589
chr6	44998037	44998038	rs6925467	chr6	45016801	45017200	17_EnhW2	18764
chr6	44998631	44998632	rs13209827	chr6	45016801	45017200	17_EnhW2	18170
chr6	44998691	44998692	rs7742360	chr6	45016801	45017200	17_EnhW2	18110
chr6	45002372	45002373	rs141091335	chr6	45016801	45017200	17_EnhW2	14429
chr6	45003334	45003335	rs1329714	chr6	45016801	45017200	17_EnhW2	13467
chr6	45003826	45003827	rs13201942	chr6	45016801	45017200	17_EnhW2	12975
chr6	45003927	45003928	rs4398713	chr6	45016801	45017200	17_EnhW2	12874
chr6	45003989	45003990	rs13205113	chr6	45016801	45017200	17_EnhW2	12812
chr6	45004027	45004028	rs1329713	chr6	45016801	45017200	17_EnhW2	12774
chr6	45004184	45004185	rs12528762	chr6	45016801	45017200	17_EnhW2	12617
chr6	45004532	45004533	rs9369529	chr6	45016801	45017200	17_EnhW2	12269
chr6	45005196	45005197	rs2396377	chr6	45016801	45017200	17_EnhW2	11605
chr6	45008923	45008924	rs12527668	chr6	45016801	45017200	17_EnhW2	7878
chr6	45009163	45009164	rs10948198	chr6	45016801	45017200	17_EnhW2	7638
chr6	45011416	45011417	rs9381361	chr6	45016801	45017200	17_EnhW2	5385
chr6	45012345	45012346	rs1023089	chr6	45016801	45017200	17_EnhW2	4456
chr6	45012380	45012381	rs1023090	chr6	45016801	45017200	17_EnhW2	4421
chr6	45012810	45012811	rs1041332	chr6	45016801	45017200	17_EnhW2	3991
chr6	45014996	45014997	rs6458418	chr6	45016801	45017200	17_EnhW2	1805
chr6	45018186	45018187	rs35488722	chr6	45017601	45018000	17_EnhW2	187
chr6	45018250	45018251	rs12529490	chr6	45017601	45018000	17_EnhW2	251
chr6	45019776	45019777	rs4714836	chr6	45017601	45018000	17_EnhW2	1777
chr6	45020839	45020840	rs13207575	chr6	45022001	45022200	17_EnhW2	1162
chr6	45020953	45020954	rs34936776	chr6	45022001	45022200	17_EnhW2	1048
chr6	45021214	45021215	rs12205071	chr6	45022001	45022200	17_EnhW2	787
chr6	45021904	45021905	rs34152708	chr6	45022001	45022200	17_EnhW2	97
chr6	45022377	45022378	rs969211	chr6	45022001	45022200	17_EnhW2	178
chr6	45023075	45023076	rs13211006	chr6	45022001	45022200	17_EnhW2	876
chr6	45023225	45023226	rs4412189	chr6	45022001	45022200	17_EnhW2	1026
chr6	45023731	45023732	rs2186062	chr6	45022001	45022200	17_EnhW2	1532
chr6	45024686	45024687	rs12208023	chr6	45025401	45025800	17_EnhW2	715
chr6	45024910	45024911	rs9369530	chr6	45025401	45025800	17_EnhW2	491
chr6	45025813	45025814	rs9349309	chr6	45025401	45025800	17_EnhW2	14
chr6	45025835	45025836	rs7758031	chr6	45025401	45025800	17_EnhW2	36
chr6	45025911	45025912	rs9367214	chr6	45025401	45025800	17_EnhW2	112
chr6	45027699	45027700	rs13198471	chr6	45025401	45025800	17_EnhW2	1900
chr6	45027769	45027770	rs6933553	chr6	45025401	45025800	17_EnhW2	1970
chr6	45029018	45029019	rs12190261	chr6	45025401	45025800	17_EnhW2	3219
chr6	45029895	45029896	rs7763450	chr6	45025401	45025800	17_EnhW2	4096
chr6	45030009	45030010	rs7745506	chr6	45025401	45025800	17_EnhW2	4210
chr6	45030266	45030267	rs35811020	chr6	45025401	45025800	17_EnhW2	4467
chr6	45030333	45030334	rs7764102	chr6	45025401	45025800	17_EnhW2	4534
chr6	45030390	45030391	rs7764226	chr6	45025401	45025800	17_EnhW2	4591
chr6	45030391	45030392	rs7763973	chr6	45025401	45025800	17_EnhW2	4592
chr6	45030486	45030487	rs7764131	chr6	45025401	45025800	17_EnhW2	4687
chr6	45030728	45030729	rs201282972	chr6	45025401	45025800	17_EnhW2	4929
chr6	45030817	45030818	rs141512678	chr6	45025401	45025800	17_EnhW2	5018
chr6	45031157	45031158	rs144128084	chr6	45025401	45025800	17_EnhW2	5358
chr6	45031162	45031163	rs9463063	chr6	45025401	45025800	17_EnhW2	5363
chr6	45031224	45031225	rs376707397	chr6	45025401	45025800	17_EnhW2	5425
chr6	45031339	45031340	rs368779912	chr6	45025401	45025800	17_EnhW2	5540
chr6	45031387	45031388	rs372964153	chr6	45025401	45025800	17_EnhW2	5588
chr6	45035435	45035436	rs71566516	chr6	45040401	45041000	17_EnhW2	4966
chr6	45036673	45036674	rs4714838	chr6	45040401	45041000	17_EnhW2	3728
chr6	45037598	45037599	rs34679719	chr6	45040401	45041000	17_EnhW2	2803
chr6	45038305	45038306	rs9369533	chr6	45040401	45041000	17_EnhW2	2096
chr6	45040792	45040793	rs9395063	chr6	45040401	45041000	17_EnhW2	0
chr6	45040879	45040880	rs34251367	chr6	45040401	45041000	17_EnhW2	0
chr6	45040927	45040928	rs3920903	chr6	45040401	45041000	17_EnhW2	0
chr6	45042968	45042969	rs35134594	chr6	45040401	45041000	17_EnhW2	1969
chr6	45043351	45043352	rs6899845	chr6	45040401	45041000	17_EnhW2	2352
chr6	45043556	45043557	rs2396380	chr6	45040401	45041000	17_EnhW2	2557
chr6	45043617	45043618	rs1411148	chr6	45040401	45041000	17_EnhW2	2618
chr6	45044238	45044239	rs11411267	chr6	45040401	45041000	17_EnhW2	3239
chr6	45046734	45046735	rs11968042	chr6	45040401	45041000	17_EnhW2	5735
chr6	45046960	45046961	rs6923436	chr6	45040401	45041000	17_EnhW2	5961
chr6	45048049	45048050	rs56138724	chr6	45040401	45041000	17_EnhW2	7050
chr6	45048242	45048243	rs1937046	chr6	45040401	45041000	17_EnhW2	7243
chr6	45048253	45048254	rs1937047	chr6	45040401	45041000	17_EnhW2	7254
chr6	45049265	45049266	rs12526649	chr6	45040401	45041000	17_EnhW2	8266
chr6	45049317	45049318	rs12529990	chr6	45040401	45041000	17_EnhW2	8318
chr6	45049574	45049575	rs12208483	chr6	45040401	45041000	17_EnhW2	8575
chr6	45049810	45049811	rs9357469	chr6	45040401	45041000	17_EnhW2	8811
chr6	45053058	45053059	rs66604011	chr6	45040401	45041000	17_EnhW2	12059
chr6	45053616	45053617	rs11964325	chr6	45040401	45041000	17_EnhW2	12617
chr6	45053671	45053672	rs11966936	chr6	45040401	45041000	17_EnhW2	12672
chr6	45059165	45059166	rs16873131	chr6	45040401	45041000	17_EnhW2	18166
chr6	45059583	45059584	rs6922772	chr6	45040401	45041000	17_EnhW2	18584
chr6	45059673	45059674	rs6922660	chr6	45040401	45041000	17_EnhW2	18674
chr6	45060937	45060938	rs7768521	chr6	45078401	45078600	17_EnhW2	17464
chr6	45063195	45063196	rs58992630	chr6	45078401	45078600	17_EnhW2	15206
chr6	45063324	45063325	rs1284986	chr6	45078401	45078600	17_EnhW2	15077
chr6	45063720	45063721	rs1284987	chr6	45078401	45078600	17_EnhW2	14681
chr6	45064771	45064772	rs1284988	chr6	45078401	45078600	17_EnhW2	13630
chr6	45065108	45065109	rs1284989	chr6	45078401	45078600	17_EnhW2	13293
chr6	45065612	45065613	rs9357470	chr6	45078401	45078600	17_EnhW2	12789
chr6	45068052	45068053	rs7739928	chr6	45078401	45078600	17_EnhW2	10349
chr6	45068922	45068923	rs9369534	chr6	45078401	45078600	17_EnhW2	9479
chr6	45069672	45069673	rs9381364	chr6	45078401	45078600	17_EnhW2	8729
chr6	45070033	45070034	rs7750380	chr6	45078401	45078600	17_EnhW2	8368
chr6	45071057	45071058	rs1797156	chr6	45078401	45078600	17_EnhW2	7344
chr6	45071143	45071144	rs1284992	chr6	45078401	45078600	17_EnhW2	7258
chr6	45071297	45071298	rs1284993	chr6	45078401	45078600	17_EnhW2	7104
chr6	45071873	45071874	rs1359336	chr6	45078401	45078600	17_EnhW2	6528
chr6	45073966	45073967	rs2396381	chr6	45078401	45078600	17_EnhW2	4435
chr6	45074391	45074392	rs9395065	chr6	45078401	45078600	17_EnhW2	4010
chr6	45075794	45075795	rs1324532	chr6	45078401	45078600	17_EnhW2	2607
chr6	45077267	45077268	rs11399494	chr6	45078401	45078600	17_EnhW2	1134
chr6	45077397	45077398	rs1284972	chr6	45078401	45078600	17_EnhW2	1004
chr6	45077974	45077975	rs9381365	chr6	45078401	45078600	17_EnhW2	427
chr6	45078162	45078163	rs1284973	chr6	45078401	45078600	17_EnhW2	239
chr6	45078265	45078266	rs1886345	chr6	45078401	45078600	17_EnhW2	136
chr6	45078769	45078770	rs5875909	chr6	45078401	45078600	17_EnhW2	170
chr6	45079344	45079345	rs1284975	chr6	45078401	45078600	17_EnhW2	745
chr6	45080143	45080144	rs1324538	chr6	45078401	45078600	17_EnhW2	1544
chr6	45080367	45080368	rs6899378	chr6	45078401	45078600	17_EnhW2	1768
chr6	45080726	45080727	rs11427923	chr6	45078401	45078600	17_EnhW2	2127
chr6	45080840	45080841	rs11349771	chr6	45078401	45078600	17_EnhW2	2241
chr6	45081368	45081369	rs1284979	chr6	45078401	45078600	17_EnhW2	2769
chr6	45081427	45081428	rs1284980	chr6	45078401	45078600	17_EnhW2	2828
chr6	45081820	45081821	rs1284982	chr6	45078401	45078600	17_EnhW2	3221
chr6	45081915	45081916	rs1284983	chr6	45078401	45078600	17_EnhW2	3316
chr6	45082110	45082111	rs35701111	chr6	45078401	45078600	17_EnhW2	3511
chr6	45082168	45082169	rs6910974	chr6	45078401	45078600	17_EnhW2	3569
chr6	45084860	45084861	rs1300126	chr6	45078401	45078600	17_EnhW2	6261
chr6	45085037	45085038	rs6458419	chr6	45078401	45078600	17_EnhW2	6438
chr6	45086366	45086367	rs1555681	chr6	45078401	45078600	17_EnhW2	7767
chr6	45087820	45087821	rs80164710	chr6	45078401	45078600	17_EnhW2	9221
chr6	45088178	45088179	rs9367218	chr6	45078401	45078600	17_EnhW2	9579
chr6	45088454	45088455	rs12530207	chr6	45078401	45078600	17_EnhW2	9855
chr6	45089774	45089775	rs11437930	chr6	45078401	45078600	17_EnhW2	11175
chr6	45090976	45090977	rs9357471	chr6	45078401	45078600	17_EnhW2	12377
chr6	45091106	45091107	rs1284995	chr6	45078401	45078600	17_EnhW2	12507
chr6	45092211	45092212	rs2038766	chr6	45078401	45078600	17_EnhW2	13612
chr6	45092372	45092373	rs66849102	chr6	45078401	45078600	17_EnhW2	13773
chr6	45094438	45094439	rs1284999	chr6	45107201	45107400	17_EnhW2	12763
chr6	45095162	45095163	rs9395066	chr6	45107201	45107400	17_EnhW2	12039
chr6	45096038	45096039	rs1285000	chr6	45107201	45107400	17_EnhW2	11163
chr6	45096428	45096429	rs200994462	chr6	45107201	45107400	17_EnhW2	10773
chr6	45096549	45096550	rs9463069	chr6	45107201	45107400	17_EnhW2	10652
chr6	45096551	45096552	rs9463070	chr6	45107201	45107400	17_EnhW2	10650
chr6	45097479	45097480	rs1797148	chr6	45107201	45107400	17_EnhW2	9722
chr6	45097481	45097482	rs1797149	chr6	45107201	45107400	17_EnhW2	9720
chr6	45097502	45097503	rs6938592	chr6	45107201	45107400	17_EnhW2	9699
chr6	45098122	45098123	rs1285003	chr6	45107201	45107400	17_EnhW2	9079
chr6	45098200	45098201	rs1285004	chr6	45107201	45107400	17_EnhW2	9001
chr6	45100323	45100324	rs1285005	chr6	45107201	45107400	17_EnhW2	6878
chr6	45100553	45100554	rs1285006	chr6	45107201	45107400	17_EnhW2	6648
chr6	45102024	45102025	rs1285007	chr6	45107201	45107400	17_EnhW2	5177
chr6	45102455	45102456	rs1285008	chr6	45107201	45107400	17_EnhW2	4746
chr6	45102549	45102550	rs1285009	chr6	45107201	45107400	17_EnhW2	4652
chr6	45102860	45102861	rs9472442	chr6	45107201	45107400	17_EnhW2	4341
chr6	45103246	45103247	rs1285010	chr6	45107201	45107400	17_EnhW2	3955
chr6	45103791	45103792	rs1285011	chr6	45107201	45107400	17_EnhW2	3410
chr6	45107297	45107298	rs60817181	chr6	45107201	45107400	17_EnhW2	0
chr6	45107798	45107799	rs6917594	chr6	45107201	45107400	17_EnhW2	399
chr6	45109008	45109009	rs6458420	chr6	45108201	45108400	17_EnhW2	609
chr6	45109390	45109391	rs70993501	chr6	45108201	45108400	17_EnhW2	991
chr6	45110212	45110213	rs1285020	chr6	45108201	45108400	17_EnhW2	1813
chr6	45110744	45110745	rs1285021	chr6	45108201	45108400	17_EnhW2	2345
chr6	45110843	45110844	rs9381366	chr6	45108201	45108400	17_EnhW2	2444
chr6	45111011	45111012	rs1285022	chr6	45108201	45108400	17_EnhW2	2612
chr6	45111688	45111689	rs73449282	chr6	45108201	45108400	17_EnhW2	3289
chr6	45111748	45111749	rs1285023	chr6	45108201	45108400	17_EnhW2	3349
chr6	45114790	45114791	rs1324537	chr6	45108201	45108400	17_EnhW2	6391
chr6	45116415	45116416	rs1324535	chr6	45108201	45108400	17_EnhW2	8016
chr6	45119781	45119782	rs9349313	chr6	45108201	45108400	17_EnhW2	11382
chr6	45120353	45120354	rs1285025	chr6	45131601	45132400	17_EnhW2	11248
chr6	45120833	45120834	rs1285026	chr6	45131601	45132400	17_EnhW2	10768
chr6	45121530	45121531	rs1285027	chr6	45131601	45132400	17_EnhW2	10071
chr6	45121696	45121697	rs12204677	chr6	45131601	45132400	17_EnhW2	9905
chr6	45121698	45121699	rs12204678	chr6	45131601	45132400	17_EnhW2	9903
chr6	45121823	45121824	rs10807317	chr6	45131601	45132400	17_EnhW2	9778
chr6	45121947	45121948	rs1285028	chr6	45131601	45132400	17_EnhW2	9654
chr6	45122246	45122247	rs1285029	chr6	45131601	45132400	17_EnhW2	9355
chr6	45123395	45123396	rs1285030	chr6	45131601	45132400	17_EnhW2	8206
chr6	45123715	45123716	rs1285031	chr6	45131601	45132400	17_EnhW2	7886
chr6	45123888	45123889	rs12662272	chr6	45131601	45132400	17_EnhW2	7713
chr6	45126345	45126346	rs59636638	chr6	45131601	45132400	17_EnhW2	5256
chr6	45127151	45127152	rs1285033	chr6	45131601	45132400	17_EnhW2	4450
chr6	45128520	45128521	rs9395069	chr6	45131601	45132400	17_EnhW2	3081
chr6	45128741	45128742	rs964452	chr6	45131601	45132400	17_EnhW2	2860
chr6	45129768	45129769	rs11380316	chr6	45131601	45132400	17_EnhW2	1833
chr6	45131535	45131536	rs35049516	chr6	45131601	45132400	17_EnhW2	66
chr6	45133353	45133354	rs1748231	chr6	45131601	45132400	17_EnhW2	954
chr6	45134121	45134122	rs1797159	chr6	45131601	45132400	17_EnhW2	1722
chr6	45134195	45134196	rs1748232	chr6	45131601	45132400	17_EnhW2	1796
chr6	45134319	45134320	rs3054765	chr6	45131601	45132400	17_EnhW2	1920
chr6	45136223	45136224	rs1324531	chr6	45137801	45138000	17_EnhW2	1578
chr6	45136346	45136347	rs1324530	chr6	45137801	45138000	17_EnhW2	1455
chr6	45136923	45136924	rs1748233	chr6	45137801	45138000	17_EnhW2	878
chr6	45140331	45140332	rs1924662	chr6	45137801	45138000	17_EnhW2	2332
chr6	45140644	45140645	rs6458423	chr6	45137801	45138000	17_EnhW2	2645
chr6	45140852	45140853	rs1748234	chr6	45143401	45143600	17_EnhW2	2549
chr6	45141360	45141361	rs1748235	chr6	45143401	45143600	17_EnhW2	2041
chr6	45142681	45142682	rs1748236	chr6	45143401	45143600	17_EnhW2	720
chr6	45142857	45142858	rs7743116	chr6	45143401	45143600	17_EnhW2	544
chr6	45143199	45143200	rs1748237	chr6	45143401	45143600	17_EnhW2	202
chr6	45143328	45143329	rs1748238	chr6	45143401	45143600	17_EnhW2	73
chr6	45143448	45143449	rs11377496	chr6	45143401	45143600	17_EnhW2	0
chr6	45143900	45143901	rs6926017	chr6	45143601	45143800	16_EnhW1	101
chr6	45143905	45143906	rs6926025	chr6	45143601	45143800	16_EnhW1	106
chr6	45144015	45144016	rs6903425	chr6	45143601	45143800	16_EnhW1	216
chr6	45144019	45144020	rs6903571	chr6	45143601	45143800	16_EnhW1	220
chr6	45144653	45144654	rs148204468	chr6	45143601	45143800	16_EnhW1	854
chr6	45145419	45145420	rs6910654	chr6	45143601	45143800	16_EnhW1	1620
chr6	45145790	45145791	rs4404770	chr6	45143601	45143800	16_EnhW1	1991
chr6	45146145	45146146	rs6915829	chr6	45143601	45143800	16_EnhW1	2346
chr6	45146412	45146413	rs6916374	chr6	45143601	45143800	16_EnhW1	2613
chr6	45146485	45146486	rs9395074	chr6	45143601	45143800	16_EnhW1	2686
chr6	45146640	45146641	rs9349314	chr6	45143601	45143800	16_EnhW1	2841
chr6	45147346	45147347	rs9395075	chr6	45143601	45143800	16_EnhW1	3547
chr6	45147850	45147851	rs9369539	chr6	45143601	45143800	16_EnhW1	4051
chr6	45147854	45147855	rs7381430	chr6	45143601	45143800	16_EnhW1	4055
chr6	45148535	45148536	rs9381369	chr6	45152601	45153800	17_EnhW2	4066
chr6	45148542	45148543	rs9381370	chr6	45152601	45153800	17_EnhW2	4059
chr6	45148863	45148864	rs9395078	chr6	45152601	45153800	17_EnhW2	3738
chr6	45148929	45148930	rs9369540	chr6	45152601	45153800	17_EnhW2	3672
chr6	45148955	45148956	rs9369541	chr6	45152601	45153800	17_EnhW2	3646
chr6	45149014	45149015	rs9369542	chr6	45152601	45153800	17_EnhW2	3587
chr6	45149303	45149304	rs201536746	chr6	45152601	45153800	17_EnhW2	3298
chr6	45149412	45149413	rs9381372	chr6	45152601	45153800	17_EnhW2	3189
chr6	45149649	45149650	rs9463075	chr6	45152601	45153800	17_EnhW2	2952
chr6	45150083	45150084	rs1748247	chr6	45152601	45153800	17_EnhW2	2518
chr6	45150220	45150221	rs1797161	chr6	45152601	45153800	17_EnhW2	2381
chr6	45153880	45153881	rs1284969	chr6	45152601	45153800	17_EnhW2	81
chr6	45154432	45154433	rs9395079	chr6	45152601	45153800	17_EnhW2	633
chr6	45155781	45155782	rs1797145	chr6	45152601	45153800	17_EnhW2	1982
chr6	45156428	45156429	rs7740542	chr6	45152601	45153800	17_EnhW2	2629
chr6	45156475	45156476	rs7760954	chr6	45152601	45153800	17_EnhW2	2676
chr6	45158080	45158081	rs6936475	chr6	45152601	45153800	17_EnhW2	4281
chr6	45158484	45158485	rs1629542	chr6	45152601	45153800	17_EnhW2	4685
chr6	45159413	45159414	rs11321900	chr6	45152601	45153800	17_EnhW2	5614
chr6	45160081	45160082	rs1748240	chr6	45152601	45153800	17_EnhW2	6282
chr6	45162158	45162159	rs1797147	chr6	45168801	45169400	17_EnhW2	6643
chr6	45163349	45163350	rs1748242	chr6	45168801	45169400	17_EnhW2	5452
chr6	45165207	45165208	rs1285013	chr6	45168801	45169400	17_EnhW2	3594
chr6	45165224	45165225	rs1285014	chr6	45168801	45169400	17_EnhW2	3577
chr6	45166469	45166470	rs150810427	chr6	45168801	45169400	17_EnhW2	2332
chr6	45167671	45167672	rs1285019	chr6	45168801	45169400	17_EnhW2	1130
chr6	45168052	45168053	rs927658	chr6	45168801	45169400	17_EnhW2	749
chr6	45168416	45168417	rs7738526	chr6	45168801	45169400	17_EnhW2	385
chr6	45168752	45168753	rs1290386	chr6	45168801	45169400	17_EnhW2	49
chr6	45169164	45169165	rs6905396	chr6	45168801	45169400	17_EnhW2	0
chr6	45169613	45169614	rs4714842	chr6	45168801	45169400	17_EnhW2	214
chr6	45170120	45170121	rs1284955	chr6	45168801	45169400	17_EnhW2	721
chr6	45171361	45171362	rs9463076	chr6	45171001	45171400	17_EnhW2	0
chr6	45172288	45172289	rs9349315	chr6	45171001	45171400	17_EnhW2	889
chr6	45172620	45172621	rs1284961	chr6	45171001	45171400	17_EnhW2	1221
chr6	45173551	45173552	rs6941169	chr6	45171001	45171400	17_EnhW2	2152
chr6	45173707	45173708	rs1284962	chr6	45171001	45171400	17_EnhW2	2308
chr6	45173856	45173857	rs6458425	chr6	45171001	45171400	17_EnhW2	2457
chr6	45174379	45174380	rs988147	chr6	45171001	45171400	17_EnhW2	2980
chr6	45175907	45175908	rs9381373	chr6	45180001	45182000	17_EnhW2	4094
chr6	45176539	45176540	rs1284964	chr6	45180001	45182000	17_EnhW2	3462
chr6	45176587	45176588	rs373347973	chr6	45180001	45182000	17_EnhW2	3414
chr6	45176910	45176911	rs1284965	chr6	45180001	45182000	17_EnhW2	3091
chr6	45177024	45177025	rs2396425	chr6	45180001	45182000	17_EnhW2	2977
chr6	45177314	45177315	rs2093901	chr6	45180001	45182000	17_EnhW2	2687
chr6	45177481	45177482	rs2093903	chr6	45180001	45182000	17_EnhW2	2520
chr6	45179586	45179587	rs1284966	chr6	45180001	45182000	17_EnhW2	415
chr6	45179803	45179804	rs6458427	chr6	45180001	45182000	17_EnhW2	198
chr6	45179814	45179815	rs6458428	chr6	45180001	45182000	17_EnhW2	187
chr6	45180061	45180062	rs1284967	chr6	45180001	45182000	17_EnhW2	0
chr6	45180217	45180218	rs1284968	chr6	45180001	45182000	17_EnhW2	0
chr6	45180536	45180537	rs16873257	chr6	45180001	45182000	17_EnhW2	0
chr6	45180932	45180933	rs2815263	chr6	45180001	45182000	17_EnhW2	0
chr6	45181339	45181340	rs9463078	chr6	45180001	45182000	17_EnhW2	0
chr6	45184452	45184453	rs10807318	chr6	45180001	45182000	17_EnhW2	2453
chr6	45185162	45185163	rs6938316	chr6	45180001	45182000	17_EnhW2	3163
chr6	45185216	45185217	rs6458429	chr6	45180001	45182000	17_EnhW2	3217
chr6	45185504	45185505	rs6458430	chr6	45180001	45182000	17_EnhW2	3505
chr6	45185641	45185642	rs34213506	chr6	45180001	45182000	17_EnhW2	3642
chr6	45186172	45186173	rs6901786	chr6	45180001	45182000	17_EnhW2	4173
chr6	45189350	45189351	rs6899763	chr6	45180001	45182000	17_EnhW2	7351
chr6	45189379	45189380	rs6919847	chr6	45180001	45182000	17_EnhW2	7380
chr6	45190754	45190755	rs9369549	chr6	45180001	45182000	17_EnhW2	8755
chr6	45190803	45190804	rs9395081	chr6	45180001	45182000	17_EnhW2	8804
chr6	45191987	45191988	rs6917352	chr6	45180001	45182000	17_EnhW2	9988
chr6	45192940	45192941	rs6911320	chr6	45180001	45182000	17_EnhW2	10941
chr6	45194785	45194786	rs9395082	chr6	45180001	45182000	17_EnhW2	12786
chr6	45195050	45195051	rs6458431	chr6	45180001	45182000	17_EnhW2	13051
chr6	45195423	45195424	rs7760342	chr6	45180001	45182000	17_EnhW2	13424
chr6	45196707	45196708	rs9357478	chr6	45180001	45182000	17_EnhW2	14708
chr6	45198291	45198292	rs1304168	chr6	45180001	45182000	17_EnhW2	16292
chr6	45198301	45198302	rs142039054	chr6	45180001	45182000	17_EnhW2	16302
chr6	45198350	45198351	rs2396426	chr6	45180001	45182000	17_EnhW2	16351
chr6	45198397	45198398	rs1304167	chr6	45180001	45182000	17_EnhW2	16398
chr6	45198795	45198796	rs9472451	chr6	45180001	45182000	17_EnhW2	16796
chr6	45199433	45199434	rs1080415	chr6	45180001	45182000	17_EnhW2	17434
chr6	45199564	45199565	rs1581777	chr6	45180001	45182000	17_EnhW2	17565
chr6	45200674	45200675	rs2057553	chr6	45217201	45217400	17_EnhW2	16527
chr6	45202252	45202253	rs1853652	chr6	45217201	45217400	17_EnhW2	14949
chr6	45202279	45202280	rs9367221	chr6	45217201	45217400	17_EnhW2	14922
chr6	45203089	45203090	rs1324540	chr6	45217201	45217400	17_EnhW2	14112
chr6	45203877	45203878	rs10651571	chr6	45217201	45217400	17_EnhW2	13324
chr6	45203917	45203918	rs6937317	chr6	45217201	45217400	17_EnhW2	13284
chr6	45204630	45204631	rs9381377	chr6	45217201	45217400	17_EnhW2	12571
chr6	45205016	45205017	rs6458432	chr6	45217201	45217400	17_EnhW2	12185
chr6	45206818	45206819	rs12527743	chr6	45217201	45217400	17_EnhW2	10383
chr6	45209282	45209283	rs6458433	chr6	45217201	45217400	17_EnhW2	7919
chr6	45211847	45211848	rs9296452	chr6	45217201	45217400	17_EnhW2	5354
chr6	45214184	45214185	rs2057552	chr6	45217201	45217400	17_EnhW2	3017
chr6	45214676	45214677	rs9472453	chr6	45217201	45217400	17_EnhW2	2525
chr6	45216808	45216809	rs6458434	chr6	45217201	45217400	17_EnhW2	393
chr6	45219511	45219512	rs9357480	chr6	45217201	45217400	17_EnhW2	2112
chr6	45220174	45220175	rs9395084	chr6	45217201	45217400	17_EnhW2	2775
chr6	45221791	45221792	rs6901161	chr6	45217201	45217400	17_EnhW2	4392
chr6	45222673	45222674	rs6458435	chr6	45217201	45217400	17_EnhW2	5274
chr6	45223783	45223784	rs9369551	chr6	45217201	45217400	17_EnhW2	6384
chr6	45223788	45223789	rs9369552	chr6	45217201	45217400	17_EnhW2	6389
chr6	45225330	45225331	rs9395086	chr6	45217201	45217400	17_EnhW2	7931
chr6	45225866	45225867	rs2763134	chr6	45217201	45217400	17_EnhW2	8467
chr6	45227431	45227432	rs9296453	chr6	45217201	45217400	17_EnhW2	10032
chr6	45229122	45229123	rs10807319	chr6	45217201	45217400	17_EnhW2	11723
chr6	45229206	45229207	rs150662256	chr6	45217201	45217400	17_EnhW2	11807
chr6	45229219	45229220	rs34167737	chr6	45217201	45217400	17_EnhW2	11820
chr6	45229716	45229717	rs75833179	chr6	45217201	45217400	17_EnhW2	12317
chr6	45230420	45230421	rs4714845	chr6	45217201	45217400	17_EnhW2	13021
chr6	45230680	45230681	rs4714846	chr6	45217201	45217400	17_EnhW2	13281
chr6	45230944	45230945	rs56175185	chr6	45217201	45217400	17_EnhW2	13545
chr6	45231073	45231074	rs4714847	chr6	45217201	45217400	17_EnhW2	13674
chr6	45231134	45231135	rs4714848	chr6	45217201	45217400	17_EnhW2	13735
chr6	45233107	45233108	rs9463081	chr6	45217201	45217400	17_EnhW2	15708
chr6	45236780	45236781	rs9296455	chr6	45217201	45217400	17_EnhW2	19381
chr6	45237471	45237472	rs73735337	chr6	45217201	45217400	17_EnhW2	20072
chr6	45237495	45237496	rs73735338	chr6	45217201	45217400	17_EnhW2	20096
chr6	45238078	45238079	rs12526807	chr6	45217201	45217400	17_EnhW2	20679
chr6	45238225	45238226	rs9395087	chr6	45217201	45217400	17_EnhW2	20826
chr6	45238441	45238442	rs10807320	chr6	45217201	45217400	17_EnhW2	21042
chr6	45239657	45239658	rs4352679	chr6	45261201	45261400	17_EnhW2	21544
chr6	45240227	45240228	rs4521586	chr6	45261201	45261400	17_EnhW2	20974
chr6	45240302	45240303	rs4521587	chr6	45261201	45261400	17_EnhW2	20899
chr6	45241342	45241343	rs7451423	chr6	45261201	45261400	17_EnhW2	19859
chr6	45243645	45243646	rs4339452	chr6	45261201	45261400	17_EnhW2	17556
chr6	45244414	45244415	rs10948222	chr6	45261201	45261400	17_EnhW2	16787
chr6	45245025	45245026	rs12205274	chr6	45261201	45261400	17_EnhW2	16176
chr6	45245464	45245465	rs55959525	chr6	45261201	45261400	17_EnhW2	15737
chr6	45248114	45248115	rs12660412	chr6	45261201	45261400	17_EnhW2	13087
chr6	45248721	45248722	rs75674202	chr6	45261201	45261400	17_EnhW2	12480
chr6	45249185	45249186	rs4463250	chr6	45261201	45261400	17_EnhW2	12016
chr6	45249189	45249190	rs4610549	chr6	45261201	45261400	17_EnhW2	12012
chr6	45249227	45249228	rs4506035	chr6	45261201	45261400	17_EnhW2	11974
chr6	45249289	45249290	rs4631280	chr6	45261201	45261400	17_EnhW2	11912
chr6	45249701	45249702	rs7767025	chr6	45261201	45261400	17_EnhW2	11500
chr6	45250813	45250814	rs4441951	chr6	45261201	45261400	17_EnhW2	10388
chr6	45251943	45251944	rs151275720	chr6	45261201	45261400	17_EnhW2	9258
chr6	45252045	45252046	rs200978130	chr6	45261201	45261400	17_EnhW2	9156
chr6	45252121	45252122	rs6905959	chr6	45261201	45261400	17_EnhW2	9080
chr6	45253084	45253085	rs142343743	chr6	45261201	45261400	17_EnhW2	8117
chr6	45253723	45253724	rs7759887	chr6	45261201	45261400	17_EnhW2	7478
chr6	45255229	45255230	rs12529907	chr6	45261201	45261400	17_EnhW2	5972
chr6	45255293	45255294	rs12529946	chr6	45261201	45261400	17_EnhW2	5908
chr6	45255548	45255549	rs77435067	chr6	45261201	45261400	17_EnhW2	5653
chr6	45256154	45256155	rs6940983	chr6	45261201	45261400	17_EnhW2	5047
chr6	45256267	45256268	rs141680515	chr6	45261201	45261400	17_EnhW2	4934
chr6	45256285	45256286	rs73735344	chr6	45261201	45261400	17_EnhW2	4916
chr6	45256481	45256482	rs3923353	chr6	45261201	45261400	17_EnhW2	4720
chr6	45257661	45257662	rs4446571	chr6	45261201	45261400	17_EnhW2	3540
chr6	45258294	45258295	rs4312985	chr6	45261201	45261400	17_EnhW2	2907
chr6	45261664	45261665	rs145525775	chr6	45261201	45261400	17_EnhW2	265
chr6	45261886	45261887	rs116873367	chr6	45261201	45261400	17_EnhW2	487
chr6	45262219	45262220	rs74376661	chr6	45261201	45261400	17_EnhW2	820
chr6	45262426	45262427	rs6935398	chr6	45261201	45261400	17_EnhW2	1027
chr6	45262802	45262803	rs4341001	chr6	45261201	45261400	17_EnhW2	1403
chr6	45263768	45263769	rs74851310	chr6	45261201	45261400	17_EnhW2	2369
chr6	45264686	45264687	rs9296457	chr6	45261201	45261400	17_EnhW2	3287
chr6	45264976	45264977	rs60826731	chr6	45261201	45261400	17_EnhW2	3577
chr6	45265881	45265882	rs9357484	chr6	45261201	45261400	17_EnhW2	4482
chr6	45266306	45266307	rs4236086	chr6	45261201	45261400	17_EnhW2	4907
chr6	45266927	45266928	rs55660746	chr6	45261201	45261400	17_EnhW2	5528
chr6	45267182	45267183	rs9296458	chr6	45261201	45261400	17_EnhW2	5783
chr6	45267488	45267489	rs72407149	chr6	45261201	45261400	17_EnhW2	6089
chr6	45267605	45267606	rs10717022	chr6	45261201	45261400	17_EnhW2	6206
chr6	45268173	45268174	rs4711813	chr6	45261201	45261400	17_EnhW2	6774
chr6	45269875	45269876	rs12524270	chr6	45277801	45278400	17_EnhW2	7926
chr6	45270203	45270204	rs57394324	chr6	45277801	45278400	17_EnhW2	7598
chr6	45270905	45270906	rs116720388	chr6	45277801	45278400	17_EnhW2	6896
chr6	45271758	45271759	rs60346641	chr6	45277801	45278400	17_EnhW2	6043
chr6	45271833	45271834	rs6938177	chr6	45277801	45278400	17_EnhW2	5968
chr6	45271892	45271893	rs9381383	chr6	45277801	45278400	17_EnhW2	5909
chr6	45272061	45272062	rs9463083	chr6	45277801	45278400	17_EnhW2	5740
chr6	45272382	45272383	rs56243649	chr6	45277801	45278400	17_EnhW2	5419
chr6	45272875	45272876	rs73735354	chr6	45277801	45278400	17_EnhW2	4926
chr6	45273113	45273114	rs75518301	chr6	45277801	45278400	17_EnhW2	4688
chr6	45273657	45273658	rs12662664	chr6	45277801	45278400	17_EnhW2	4144
chr6	45273830	45273831	rs12662685	chr6	45277801	45278400	17_EnhW2	3971
chr6	45273876	45273877	rs9395095	chr6	45277801	45278400	17_EnhW2	3925
chr6	45273951	45273952	rs73735357	chr6	45277801	45278400	17_EnhW2	3850
chr6	45274020	45274021	rs9369558	chr6	45277801	45278400	17_EnhW2	3781
chr6	45274513	45274514	rs143134576	chr6	45277801	45278400	17_EnhW2	3288
chr6	45274741	45274742	rs7740083	chr6	45277801	45278400	17_EnhW2	3060
chr6	45274987	45274988	rs144218838	chr6	45277801	45278400	17_EnhW2	2814
chr6	45275673	45275674	rs9472460	chr6	45277801	45278400	17_EnhW2	2128
chr6	45276264	45276265	rs7381992	chr6	45277801	45278400	17_EnhW2	1537
chr6	45276269	45276270	rs200139947	chr6	45277801	45278400	17_EnhW2	1532
chr6	45276270	45276271	rs7382013	chr6	45277801	45278400	17_EnhW2	1531
chr6	45276323	45276324	rs4373351	chr6	45277801	45278400	17_EnhW2	1478
chr6	45277861	45277862	rs4714850	chr6	45277801	45278400	17_EnhW2	0
chr6	45278341	45278342	rs79424263	chr6	45277801	45278400	17_EnhW2	0
chr6	45282066	45282067	rs10948225	chr6	45283001	45283200	17_EnhW2	935
chr6	45283859	45283860	rs12525603	chr6	45283001	45283200	17_EnhW2	660
chr6	45284209	45284210	rs80250874	chr6	45283001	45283200	17_EnhW2	1010
chr6	45284920	45284921	rs7769231	chr6	45283001	45283200	17_EnhW2	1721
chr6	45285614	45285615	rs141612395	chr6	45283001	45283200	17_EnhW2	2415
chr6	45288087	45288088	rs4401652	chr6	45283001	45283200	17_EnhW2	4888
chr6	45288979	45288980	rs73735369	chr6	45294601	45294800	17_EnhW2	5622
chr6	45291228	45291229	rs4072928	chr6	45294601	45294800	17_EnhW2	3373
chr6	45291380	45291381	rs4590263	chr6	45294601	45294800	17_EnhW2	3221
chr6	45292113	45292114	rs12526462	chr6	45294601	45294800	17_EnhW2	2488
chr6	45292278	45292279	rs12526484	chr6	45294601	45294800	17_EnhW2	2323
chr6	45293379	45293380	rs79140654	chr6	45294601	45294800	17_EnhW2	1222
chr6	45295721	45295722	rs59983488	chr6	45295601	45295800	17_EnhW2	0
chr6	45298481	45298482	rs17288278	chr6	45296201	45296600	16_EnhW1	1882
chr6	45298647	45298648	rs73735374	chr6	45296201	45296600	16_EnhW1	2048
chr6	45298648	45298649	rs73735375	chr6	45296201	45296600	16_EnhW1	2049
chr6	45298865	45298866	rs202179785	chr6	45296201	45296600	16_EnhW1	2266
chr6	45300395	45300396	rs16873345	chr6	45296201	45296600	16_EnhW1	3796
chr6	45300950	45300951	rs34677014	chr6	45296201	45296600	16_EnhW1	4351
chr6	45301069	45301070	rs28360524	chr6	45296201	45296600	16_EnhW1	4470
chr6	45302634	45302635	rs7757676	chr6	45296201	45296600	16_EnhW1	6035
chr6	45302653	45302654	rs7757282	chr6	45296201	45296600	16_EnhW1	6054
chr6	45303852	45303853	rs12524323	chr6	45296201	45296600	16_EnhW1	7253
chr6	45303919	45303920	rs11412392	chr6	45296201	45296600	16_EnhW1	7320
chr6	45306080	45306081	rs34686255	chr6	45296201	45296600	16_EnhW1	9481
chr6	45306106	45306107	rs10948227	chr6	45296201	45296600	16_EnhW1	9507
chr6	45306231	45306232	rs10948228	chr6	45296201	45296600	16_EnhW1	9632
chr6	45306370	45306371	rs10948229	chr6	45296201	45296600	16_EnhW1	9771
chr6	45306470	45306471	rs967588	chr6	45296201	45296600	16_EnhW1	9871
chr6	45307442	45307443	rs12199720	chr6	45296201	45296600	16_EnhW1	10843
chr6	45308445	45308446	rs10948230	chr6	45319601	45319800	17_EnhW2	11156
chr6	45309205	45309206	rs73735378	chr6	45319601	45319800	17_EnhW2	10396
chr6	45309631	45309632	rs7760112	chr6	45319601	45319800	17_EnhW2	9970
chr6	45309801	45309802	rs79663736	chr6	45319601	45319800	17_EnhW2	9800
chr6	45310264	45310265	rs12205312	chr6	45319601	45319800	17_EnhW2	9337
chr6	45310476	45310477	rs68094900	chr6	45319601	45319800	17_EnhW2	9125
chr6	45313743	45313744	rs16873348	chr6	45319601	45319800	17_EnhW2	5858
chr6	45313951	45313952	rs10456552	chr6	45319601	45319800	17_EnhW2	5650
chr6	45315327	45315328	rs12529295	chr6	45319601	45319800	17_EnhW2	4274
chr6	45316201	45316202	rs2396504	chr6	45319601	45319800	17_EnhW2	3400
chr6	45316246	45316247	rs9463085	chr6	45319601	45319800	17_EnhW2	3355
chr6	45316248	45316249	rs7748505	chr6	45319601	45319800	17_EnhW2	3353
chr6	45318001	45318002	rs2024787	chr6	45319601	45319800	17_EnhW2	1600
chr6	45318720	45318721	rs2024786	chr6	45319601	45319800	17_EnhW2	881
chr6	45319875	45319876	rs6934594	chr6	45319601	45319800	17_EnhW2	76
chr6	45320491	45320492	rs150567905	chr6	45319601	45319800	17_EnhW2	692
chr6	45320499	45320500	rs7770401	chr6	45319601	45319800	17_EnhW2	700
chr6	45322012	45322013	rs6926638	chr6	45319601	45319800	17_EnhW2	2213
chr6	45322222	45322223	rs6458440	chr6	45319601	45319800	17_EnhW2	2423
chr6	45322382	45322383	rs73735386	chr6	45319601	45319800	17_EnhW2	2583
chr6	45323153	45323154	rs35113845	chr6	45319601	45319800	17_EnhW2	3354
chr6	45324990	45324991	rs6932804	chr6	45319601	45319800	17_EnhW2	5191
chr6	45325150	45325151	rs6933449	chr6	45319601	45319800	17_EnhW2	5351
chr6	45326050	45326051	rs4711814	chr6	45319601	45319800	17_EnhW2	6251
chr6	45326861	45326862	rs1406848	chr6	45319601	45319800	17_EnhW2	7062
chr6	45327400	45327401	rs6458441	chr6	45319601	45319800	17_EnhW2	7601
chr6	45328156	45328157	rs16873364	chr6	45319601	45319800	17_EnhW2	8357
chr6	45329047	45329048	rs12194311	chr6	45319601	45319800	17_EnhW2	9248
chr6	45329192	45329193	rs16873366	chr6	45319601	45319800	17_EnhW2	9393
chr6	45329488	45329489	rs1852986	chr6	45319601	45319800	17_EnhW2	9689
chr6	45329655	45329656	rs1852985	chr6	45319601	45319800	17_EnhW2	9856
chr6	45331468	45331469	rs12663469	chr6	45319601	45319800	17_EnhW2	11669
chr6	45331850	45331851	rs11333292	chr6	45319601	45319800	17_EnhW2	12051
chr6	45332304	45332305	rs6932926	chr6	45319601	45319800	17_EnhW2	12505
chr6	45333183	45333184	rs2295296	chr6	45319601	45319800	17_EnhW2	13384
chr6	45333620	45333621	rs3057619	chr6	45346601	45346800	16_EnhW1	12981
chr6	45335700	45335701	rs16873373	chr6	45346601	45346800	16_EnhW1	10901
chr6	45335825	45335826	rs79523305	chr6	45346601	45346800	16_EnhW1	10776
chr6	45336722	45336723	rs149491156	chr6	45346601	45346800	16_EnhW1	9879
chr6	45339850	45339851	rs16873379	chr6	45346601	45346800	16_EnhW1	6751
chr6	45340069	45340070	rs6928753	chr6	45346601	45346800	16_EnhW1	6532
chr6	45342050	45342051	rs12208924	chr6	45346601	45346800	16_EnhW1	4551
chr6	45343870	45343871	rs4714853	chr6	45346601	45346800	16_EnhW1	2731
chr6	45345247	45345248	rs3749863	chr6	45346601	45346800	16_EnhW1	1354
chr6	45345730	45345731	rs2295295	chr6	45346601	45346800	16_EnhW1	871
chr6	45347643	45347644	rs3763190	chr6	45346801	45347000	17_EnhW2	644
chr6	45349496	45349497	rs35565233	chr6	45346801	45347000	17_EnhW2	2497
chr6	45350106	45350107	rs4510673	chr6	45346801	45347000	17_EnhW2	3107
chr6	45351390	45351391	rs17288334	chr6	45346801	45347000	17_EnhW2	4391
chr6	45352014	45352015	rs76451089	chr6	45346801	45347000	17_EnhW2	5015
chr6	45353099	45353100	rs12209727	chr6	45346801	45347000	17_EnhW2	6100
chr6	45353429	45353430	rs62400336	chr6	45346801	45347000	17_EnhW2	6430
chr6	45354813	45354814	rs12525950	chr6	45346801	45347000	17_EnhW2	7814
chr6	45355608	45355609	rs1321081	chr6	45346801	45347000	17_EnhW2	8609
chr6	45355823	45355824	rs10948231	chr6	45346801	45347000	17_EnhW2	8824
chr6	45356982	45356983	rs717987	chr6	45346801	45347000	17_EnhW2	9983
chr6	45357698	45357699	rs2396502	chr6	45346801	45347000	17_EnhW2	10699
chr6	45358106	45358107	rs6908650	chr6	45346801	45347000	17_EnhW2	11107
chr6	45360193	45360194	rs9395099	chr6	45346801	45347000	17_EnhW2	13194
chr6	45371365	45371366	rs9472487	chr6	45346801	45347000	17_EnhW2	24366
chr6	45376855	45376856	rs2064630	chr6	45404201	45405400	17_EnhW2	27346
chr6	45385909	45385910	rs70996327	chr6	45404201	45405400	17_EnhW2	18292
chr6	45390961	45390962	rs11498196	chr6	45404201	45405400	17_EnhW2	13240
chr6	45391859	45391860	rs1321076	chr6	45404201	45405400	17_EnhW2	12342
chr6	45391942	45391943	rs1321075	chr6	45404201	45405400	17_EnhW2	12259
chr6	45393361	45393362	rs9369561	chr6	45404201	45405400	17_EnhW2	10840
chr6	45393362	45393363	rs9395101	chr6	45404201	45405400	17_EnhW2	10839
chr6	45395137	45395138	rs2224118	chr6	45404201	45405400	17_EnhW2	9064
chr6	45395788	45395789	rs2819860	chr6	45404201	45405400	17_EnhW2	8413
chr6	45395791	45395792	rs2677105	chr6	45404201	45405400	17_EnhW2	8410
chr6	45395872	45395873	rs2677104	chr6	45404201	45405400	17_EnhW2	8329
chr6	45396296	45396297	rs2819859	chr6	45404201	45405400	17_EnhW2	7905
chr6	45396318	45396319	rs2819858	chr6	45404201	45405400	17_EnhW2	7883
chr6	45397049	45397050	rs2677102	chr6	45404201	45405400	17_EnhW2	7152
chr6	45397557	45397558	rs2819857	chr6	45404201	45405400	17_EnhW2	6644
chr6	45398156	45398157	rs2677101	chr6	45404201	45405400	17_EnhW2	6045
chr6	45400393	45400394	rs2819855	chr6	45404201	45405400	17_EnhW2	3808
chr6	45400939	45400940	rs1406846	chr6	45404201	45405400	17_EnhW2	3262
chr6	45404229	45404230	rs1997992	chr6	45404201	45405400	17_EnhW2	0
chr6	45404527	45404528	rs2819854	chr6	45404201	45405400	17_EnhW2	0
chr6	142600249	142600250	rs1159442	chr6	142597001	142597200	16_EnhW1	3050
chr6	142600562	142600563	rs1319584	chr6	142597001	142597200	16_EnhW1	3363
chr6	142600834	142600835	rs9496317	chr6	142597001	142597200	16_EnhW1	3635
chr6	142601206	142601207	rs1931992	chr6	142597001	142597200	16_EnhW1	4007
chr6	142602882	142602883	rs6903498	chr6	142597001	142597200	16_EnhW1	5683
chr6	142605870	142605871	rs2152090	chr6	142597001	142597200	16_EnhW1	8671
chr6	142607175	142607176	rs9484615	chr6	142597001	142597200	16_EnhW1	9976
chr6	142609141	142609142	rs6928095	chr6	142619201	142619600	17_EnhW2	10060
chr6	142610313	142610314	rs12213409	chr6	142619201	142619600	17_EnhW2	8888
chr6	142611579	142611580	rs6570503	chr6	142619201	142619600	17_EnhW2	7622
chr6	142611986	142611987	rs6903707	chr6	142619201	142619600	17_EnhW2	7215
chr6	142616332	142616333	rs6570505	chr6	142619201	142619600	17_EnhW2	2869
chr6	142616575	142616576	rs4279453	chr6	142619201	142619600	17_EnhW2	2626
chr6	142617679	142617680	rs7745166	chr6	142619201	142619600	17_EnhW2	1522
chr6	148021143	148021144	rs117092061	chr6	148032801	148033000	17_EnhW2	11658
chr6	148132904	148132905	rs117834487	chr6	148141801	148143000	17_EnhW2	8897
chr6	151014219	151014220	rs9372086	chr6	151018601	151019000	17_EnhW2	4382
chr6	151015995	151015996	rs275351	chr6	151018601	151019000	17_EnhW2	2606
chr6	151016057	151016058	rs275350	chr6	151018601	151019000	17_EnhW2	2544
chr6	151017240	151017241	rs10484777	chr6	151018601	151019000	17_EnhW2	1361
chr6	151017461	151017462	rs9384576	chr6	151018601	151019000	17_EnhW2	1140
chr6	151017593	151017594	rs9285528	chr6	151018601	151019000	17_EnhW2	1008
chr6	151017732	151017733	rs9322272	chr6	151018601	151019000	17_EnhW2	869
chr6	151017902	151017903	rs9372087	chr6	151018601	151019000	17_EnhW2	699
chr6	151018374	151018375	rs10872665	chr6	151018601	151019000	17_EnhW2	227
chr6	151018908	151018909	rs6940540	chr6	151018601	151019000	17_EnhW2	0
chr6	151019071	151019072	rs28431130	chr6	151018601	151019000	17_EnhW2	72
chr6	151019710	151019711	rs5880893	chr6	151018601	151019000	17_EnhW2	711
chr6	151019731	151019732	rs35193008	chr6	151018601	151019000	17_EnhW2	732
chr6	151019779	151019780	rs4363049	chr6	151018601	151019000	17_EnhW2	780
chr6	151020019	151020020	rs12202497	chr6	151018601	151019000	17_EnhW2	1020
chr6	151020182	151020183	rs9383837	chr6	151018601	151019000	17_EnhW2	1183
chr6	151020186	151020187	rs9397342	chr6	151018601	151019000	17_EnhW2	1187
chr6	151021721	151021722	rs12206172	chr6	151018601	151019000	17_EnhW2	2722
chr6	151021935	151021936	rs9480541	chr6	151018601	151019000	17_EnhW2	2936
chr6	151021977	151021978	rs12192990	chr6	151018601	151019000	17_EnhW2	2978
chr6	151022219	151022220	rs6916149	chr6	151018601	151019000	17_EnhW2	3220
chr6	151023471	151023472	rs4869688	chr6	151026001	151026400	17_EnhW2	2530
chr6	151023604	151023605	rs11424911	chr6	151026001	151026400	17_EnhW2	2397
chr6	151023803	151023804	rs62434144	chr6	151026001	151026400	17_EnhW2	2198
chr6	151024072	151024073	rs4869937	chr6	151026001	151026400	17_EnhW2	1929
chr6	151024279	151024280	rs1494309	chr6	151026001	151026400	17_EnhW2	1722
chr6	151024321	151024322	rs11379758	chr6	151026001	151026400	17_EnhW2	1680
chr6	151026311	151026312	rs6935399	chr6	151026001	151026400	17_EnhW2	0
chr6	151031535	151031536	rs2279629	chr6	151033201	151034800	17_EnhW2	1666
chr7	2741018	2741019	rs1724888	chr7	2749201	2749400	16_EnhW1	8183
chr7	2743282	2743283	rs798468	chr7	2749201	2749400	16_EnhW1	5919
chr7	2744116	2744117	rs34393404	chr7	2749201	2749400	16_EnhW1	5085
chr7	2744149	2744150	rs7796159	chr7	2749201	2749400	16_EnhW1	5052
chr7	2744344	2744345	rs7807904	chr7	2749201	2749400	16_EnhW1	4857
chr7	2744715	2744716	rs4719640	chr7	2749201	2749400	16_EnhW1	4486
chr7	2744945	2744946	rs4719641	chr7	2749201	2749400	16_EnhW1	4256
chr7	2745765	2745766	rs35736244	chr7	2749201	2749400	16_EnhW1	3436
chr7	2749148	2749149	rs4721976	chr7	2749201	2749400	16_EnhW1	53
chr7	2749789	2749790	rs10257934	chr7	2749401	2750000	17_EnhW2	0
chr7	2750192	2750193	rs7786163	chr7	2749401	2750000	17_EnhW2	193
chr7	2750233	2750234	rs4721980	chr7	2749401	2750000	17_EnhW2	234
chr7	2750244	2750245	rs7798875	chr7	2749401	2750000	17_EnhW2	245
chr7	2750762	2750763	rs798567	chr7	2749401	2750000	17_EnhW2	763
chr7	2750768	2750769	rs798566	chr7	2749401	2750000	17_EnhW2	769
chr7	2750917	2750918	rs10252130	chr7	2749401	2750000	17_EnhW2	918
chr7	2751039	2751040	rs7803527	chr7	2749401	2750000	17_EnhW2	1040
chr7	2752151	2752152	rs798565	chr7	2753001	2753400	17_EnhW2	850
chr7	2757866	2757867	rs798563	chr7	2753001	2753400	17_EnhW2	4467
chr7	2757937	2757938	rs798562	chr7	2753001	2753400	17_EnhW2	4538
chr7	2758308	2758309	rs798560	chr7	2753001	2753400	17_EnhW2	4909
chr7	2758340	2758341	rs798559	chr7	2753001	2753400	17_EnhW2	4941
chr7	2758934	2758935	rs798558	chr7	2753001	2753400	17_EnhW2	5535
chr7	2758981	2758982	rs798557	chr7	2753001	2753400	17_EnhW2	5582
chr7	2759001	2759002	rs798556	chr7	2753001	2753400	17_EnhW2	5602
chr7	2759298	2759299	rs34802551	chr7	2753001	2753400	17_EnhW2	5899
chr7	2759472	2759473	rs798555	chr7	2753001	2753400	17_EnhW2	6073
chr7	2759794	2759795	rs798554	chr7	2753001	2753400	17_EnhW2	6395
chr7	2760123	2760124	rs798552	chr7	2753001	2753400	17_EnhW2	6724
chr7	2760337	2760338	rs798551	chr7	2753001	2753400	17_EnhW2	6938
chr7	2760608	2760609	rs798550	chr7	2753001	2753400	17_EnhW2	7209
chr7	2760749	2760750	rs798549	chr7	2753001	2753400	17_EnhW2	7350
chr7	2760934	2760935	rs798548	chr7	2753001	2753400	17_EnhW2	7535
chr7	2761176	2761177	rs798547	chr7	2753001	2753400	17_EnhW2	7777
chr7	2761348	2761349	rs35321742	chr7	2753001	2753400	17_EnhW2	7949
chr7	2762125	2762126	rs798546	chr7	2753001	2753400	17_EnhW2	8726
chr7	2762385	2762386	rs798545	chr7	2753001	2753400	17_EnhW2	8986
chr7	2762763	2762764	rs143783244	chr7	2753001	2753400	17_EnhW2	9364
chr7	2763101	2763102	rs798544	chr7	2753001	2753400	17_EnhW2	9702
chr7	2763439	2763440	rs798543	chr7	2753001	2753400	17_EnhW2	10040
chr7	2763533	2763534	rs798542	chr7	2753001	2753400	17_EnhW2	10134
chr7	2763735	2763736	rs798541	chr7	2753001	2753400	17_EnhW2	10336
chr7	2764129	2764130	rs798540	chr7	2753001	2753400	17_EnhW2	10730
chr7	2764615	2764616	rs78018097	chr7	2753001	2753400	17_EnhW2	11216
chr7	2765785	2765786	rs798538	chr7	2753001	2753400	17_EnhW2	12386
chr7	2767606	2767607	rs798534	chr7	2753001	2753400	17_EnhW2	14207
chr7	2767938	2767939	rs798533	chr7	2753001	2753400	17_EnhW2	14539
chr7	2768863	2768864	rs798532	chr7	2753001	2753400	17_EnhW2	15464
chr7	2772430	2772431	rs798528	chr7	2791201	2791400	17_EnhW2	18771
chr7	2775541	2775542	rs798526	chr7	2791201	2791400	17_EnhW2	15660
chr7	2777824	2777825	rs798518	chr7	2791201	2791400	17_EnhW2	13377
chr7	2777916	2777917	rs34320599	chr7	2791201	2791400	17_EnhW2	13285
chr7	2781891	2781892	rs798514	chr7	2791201	2791400	17_EnhW2	9310
chr7	2783305	2783306	rs798511	chr7	2791201	2791400	17_EnhW2	7896
chr7	2783337	2783338	rs798510	chr7	2791201	2791400	17_EnhW2	7864
chr7	2783814	2783815	rs798508	chr7	2791201	2791400	17_EnhW2	7387
chr7	2788911	2788912	rs798506	chr7	2791201	2791400	17_EnhW2	2290
chr7	2789879	2789880	rs798502	chr7	2791201	2791400	17_EnhW2	1322
chr7	2790684	2790685	rs798500	chr7	2791201	2791400	17_EnhW2	517
chr7	2791032	2791033	rs67434697	chr7	2791201	2791400	17_EnhW2	169
chr7	2795881	2795882	rs798498	chr7	2797001	2798400	15_EnhAF	1120
chr7	2795956	2795957	rs798497	chr7	2797001	2798400	15_EnhAF	1045
chr7	2796762	2796763	rs798496	chr7	2797001	2798400	15_EnhAF	239
chr7	2797266	2797267	rs798495	chr7	2797001	2798400	15_EnhAF	0
chr7	2798293	2798294	rs798494	chr7	2797001	2798400	15_EnhAF	0
chr7	2798730	2798731	rs798493	chr7	2798401	2798600	18_EnhAc	131
chr7	2799685	2799686	rs208346	chr7	2798401	2798600	18_EnhAc	1086
chr7	2800520	2800521	rs798491	chr7	2798401	2798600	18_EnhAc	1921
chr7	2801541	2801542	rs798490	chr7	2798401	2798600	18_EnhAc	2942
chr7	2801802	2801803	rs798489	chr7	2798401	2798600	18_EnhAc	3203
chr7	2801996	2801997	rs33991430	chr7	2798401	2798600	18_EnhAc	3397
chr7	2802521	2802522	rs798488	chr7	2798401	2798600	18_EnhAc	3922
chr7	2802942	2802943	rs798487	chr7	2798401	2798600	18_EnhAc	4343
chr7	2803036	2803037	rs798486	chr7	2798401	2798600	18_EnhAc	4437
chr7	2803509	2803510	rs798485	chr7	2798401	2798600	18_EnhAc	4910
chr7	2803882	2803883	rs368699386	chr7	2798401	2798600	18_EnhAc	5283
chr7	2805508	2805509	rs71026552	chr7	2798401	2798600	18_EnhAc	6909
chr7	2807247	2807248	rs11420712	chr7	2798401	2798600	18_EnhAc	8648
chr7	2808731	2808732	rs1182208	chr7	2818001	2818600	15_EnhAF	9270
chr7	2810745	2810746	rs1182207	chr7	2818001	2818600	15_EnhAF	7256
chr7	2812631	2812632	rs35957220	chr7	2818001	2818600	15_EnhAF	5370
chr7	2816589	2816590	rs3216401	chr7	2818001	2818600	15_EnhAF	1412
chr7	2817454	2817455	rs13243214	chr7	2818001	2818600	15_EnhAF	547
chr7	2819726	2819727	rs7784066	chr7	2818601	2819000	17_EnhW2	727
chr7	2821270	2821271	rs6970963	chr7	2818601	2819000	17_EnhW2	2271
chr7	2822985	2822986	rs2260230	chr7	2824201	2825200	17_EnhW2	1216
chr7	2823475	2823476	rs2644294	chr7	2824201	2825200	17_EnhW2	726
chr7	2824706	2824707	rs2266922	chr7	2824201	2825200	17_EnhW2	0
chr7	2827785	2827786	rs11444111	chr7	2824201	2825200	17_EnhW2	2586
chr7	2828742	2828743	rs2533890	chr7	2824201	2825200	17_EnhW2	3543
chr7	2830497	2830498	rs7790322	chr7	2824201	2825200	17_EnhW2	5298
chr7	2831082	2831083	rs2533888	chr7	2824201	2825200	17_EnhW2	5883
chr7	2832364	2832365	rs2258709	chr7	2824201	2825200	17_EnhW2	7165
chr7	2832972	2832973	rs2644307	chr7	2824201	2825200	17_EnhW2	7773
chr7	2833514	2833515	rs71026557	chr7	2841601	2842200	17_EnhW2	8087
chr7	2834412	2834413	rs2527686	chr7	2841601	2842200	17_EnhW2	7189
chr7	2834868	2834869	rs2533886	chr7	2841601	2842200	17_EnhW2	6733
chr7	2835449	2835450	rs71026559	chr7	2841601	2842200	17_EnhW2	6152
chr7	2836354	2836355	rs757787	chr7	2841601	2842200	17_EnhW2	5247
chr7	2836847	2836848	rs2533884	chr7	2841601	2842200	17_EnhW2	4754
chr7	2841163	2841164	rs2644312	chr7	2841601	2842200	17_EnhW2	438
chr7	2844539	2844540	rs34095388	chr7	2842201	2842600	15_EnhAF	1940
chr7	2844550	2844551	rs529954825	chr7	2842201	2842600	15_EnhAF	1951
chr7	2846893	2846894	rs2533882	chr7	2842201	2842600	15_EnhAF	4294
chr7	2852834	2852835	rs2251491	chr7	2860001	2860200	17_EnhW2	7167
chr7	2854009	2854010	rs2644275	chr7	2860001	2860200	17_EnhW2	5992
chr7	2854249	2854250	rs2527690	chr7	2860001	2860200	17_EnhW2	5752
chr7	2854379	2854380	rs2644274	chr7	2860001	2860200	17_EnhW2	5622
chr7	2855336	2855337	rs2283784	chr7	2860001	2860200	17_EnhW2	4665
chr7	2855593	2855594	rs2248390	chr7	2860001	2860200	17_EnhW2	4408
chr7	2856532	2856533	rs2527692	chr7	2860001	2860200	17_EnhW2	3469
chr7	2857410	2857411	rs6978692	chr7	2860001	2860200	17_EnhW2	2591
chr7	2857875	2857876	rs960273	chr7	2860001	2860200	17_EnhW2	2126
chr7	2858266	2858267	rs2527695	chr7	2860001	2860200	17_EnhW2	1735
chr7	2858314	2858315	rs2527696	chr7	2860001	2860200	17_EnhW2	1687
chr7	2858905	2858906	rs2644297	chr7	2860001	2860200	17_EnhW2	1096
chr7	2859846	2859847	rs2533879	chr7	2860001	2860200	17_EnhW2	155
chr7	2862541	2862542	rs1182199	chr7	2861401	2862400	15_EnhAF	142
chr7	2862890	2862891	rs2266925	chr7	2863201	2863600	17_EnhW2	311
chr7	2862905	2862906	rs1182198	chr7	2863201	2863600	17_EnhW2	296
chr7	2863288	2863289	rs1182197	chr7	2863201	2863600	17_EnhW2	0
chr7	2863442	2863443	rs2158694	chr7	2863201	2863600	17_EnhW2	0
chr7	2863573	2863574	rs2107964	chr7	2863201	2863600	17_EnhW2	0
chr7	2864585	2864586	rs1636264	chr7	2863201	2863600	17_EnhW2	986
chr7	2866477	2866478	rs1182196	chr7	2863201	2863600	17_EnhW2	2878
chr7	2867295	2867296	rs757791	chr7	2863201	2863600	17_EnhW2	3696
chr7	2867556	2867557	rs3837080	chr7	2863201	2863600	17_EnhW2	3957
chr7	2868706	2868707	rs36125065	chr7	2863201	2863600	17_EnhW2	5107
chr7	2868823	2868824	rs1182194	chr7	2863201	2863600	17_EnhW2	5224
chr7	2869239	2869240	rs1182193	chr7	2863201	2863600	17_EnhW2	5640
chr7	2869273	2869274	rs1182192	chr7	2863201	2863600	17_EnhW2	5674
chr7	2869363	2869364	rs1182191	chr7	2863201	2863600	17_EnhW2	5764
chr7	2869390	2869391	rs1182190	chr7	2863201	2863600	17_EnhW2	5791
chr7	2869521	2869522	rs1182189	chr7	2863201	2863600	17_EnhW2	5922
chr7	2869984	2869985	rs1182188	chr7	2863201	2863600	17_EnhW2	6385
chr7	2870453	2870454	rs1182187	chr7	2863201	2863600	17_EnhW2	6854
chr7	2870586	2870587	rs3831679	chr7	2863201	2863600	17_EnhW2	6987
chr7	2871086	2871087	rs34790156	chr7	2863201	2863600	17_EnhW2	7487
chr7	2871316	2871317	rs1182186	chr7	2863201	2863600	17_EnhW2	7717
chr7	2872232	2872233	rs1182185	chr7	2863201	2863600	17_EnhW2	8633
chr7	2872445	2872446	rs1182184	chr7	2863201	2863600	17_EnhW2	8846
chr7	2873135	2873136	rs1182183	chr7	2863201	2863600	17_EnhW2	9536
chr7	2873233	2873234	rs1182182	chr7	2863201	2863600	17_EnhW2	9634
chr7	2873246	2873247	rs1182181	chr7	2863201	2863600	17_EnhW2	9647
chr7	2873278	2873279	rs1182180	chr7	2863201	2863600	17_EnhW2	9679
chr7	2873372	2873373	rs33942482	chr7	2863201	2863600	17_EnhW2	9773
chr7	2873647	2873648	rs1182179	chr7	2863201	2863600	17_EnhW2	10048
chr7	2873762	2873763	rs1182178	chr7	2863201	2863600	17_EnhW2	10163
chr7	2874539	2874540	rs1182177	chr7	2884601	2884800	16_EnhW1	10062
chr7	2874600	2874601	rs1182176	chr7	2884601	2884800	16_EnhW1	10001
chr7	2875025	2875026	rs1182175	chr7	2884601	2884800	16_EnhW1	9576
chr7	2875419	2875420	rs1182174	chr7	2884601	2884800	16_EnhW1	9182
chr7	2875569	2875570	rs1183085	chr7	2884601	2884800	16_EnhW1	9032
chr7	2875752	2875753	rs35734348	chr7	2884601	2884800	16_EnhW1	8849
chr7	2877913	2877914	rs36115085	chr7	2884601	2884800	16_EnhW1	6688
chr7	2878015	2878016	rs1182173	chr7	2884601	2884800	16_EnhW1	6586
chr7	2878102	2878103	rs1182172	chr7	2884601	2884800	16_EnhW1	6499
chr7	2878509	2878510	rs1182171	chr7	2884601	2884800	16_EnhW1	6092
chr7	2878706	2878707	rs2533878	chr7	2884601	2884800	16_EnhW1	5895
chr7	2878778	2878779	rs2644304	chr7	2884601	2884800	16_EnhW1	5823
chr7	2878875	2878876	rs71026571	chr7	2884601	2884800	16_EnhW1	5726
chr7	2881738	2881739	rs149490123	chr7	2884601	2884800	16_EnhW1	2863
chr7	2881916	2881917	rs1636247	chr7	2884601	2884800	16_EnhW1	2685
chr7	2882029	2882030	rs1636248	chr7	2884601	2884800	16_EnhW1	2572
chr7	2882261	2882262	rs1713921	chr7	2884601	2884800	16_EnhW1	2340
chr7	2882420	2882421	rs2533877	chr7	2884601	2884800	16_EnhW1	2181
chr7	2882620	2882621	rs2527677	chr7	2884601	2884800	16_EnhW1	1981
chr7	2882828	2882829	rs2533875	chr7	2884601	2884800	16_EnhW1	1773
chr7	2883003	2883004	rs2533872	chr7	2884601	2884800	16_EnhW1	1598
chr7	2883005	2883006	rs2533871	chr7	2884601	2884800	16_EnhW1	1596
chr7	2883070	2883071	rs2644300	chr7	2884601	2884800	16_EnhW1	1531
chr7	2884115	2884116	rs1639040	chr7	2884601	2884800	16_EnhW1	486
chr7	2884282	2884283	rs1636249	chr7	2884601	2884800	16_EnhW1	319
chr7	2884432	2884433	rs1636250	chr7	2884601	2884800	16_EnhW1	169
chr7	2884719	2884720	rs1636251	chr7	2884601	2884800	16_EnhW1	0
chr7	2884992	2884993	rs1636252	chr7	2884801	2885000	17_EnhW2	0
chr7	2885088	2885089	rs1639036	chr7	2884801	2885000	17_EnhW2	89
chr7	2885122	2885123	rs1636253	chr7	2884801	2885000	17_EnhW2	123
chr7	2885234	2885235	rs1639034	chr7	2884801	2885000	17_EnhW2	235
chr7	2885273	2885274	rs2533870	chr7	2884801	2885000	17_EnhW2	274
chr7	2885321	2885322	rs2679259	chr7	2884801	2885000	17_EnhW2	322
chr7	2885723	2885724	rs1636254	chr7	2884801	2885000	17_EnhW2	724
chr7	2886124	2886125	rs12700373	chr7	2884801	2885000	17_EnhW2	1125
chr7	2886265	2886266	rs13241955	chr7	2884801	2885000	17_EnhW2	1266
chr7	2886269	2886270	rs12700374	chr7	2884801	2885000	17_EnhW2	1270
chr7	2886275	2886276	rs10950906	chr7	2884801	2885000	17_EnhW2	1276
chr7	2886558	2886559	rs2533868	chr7	2884801	2885000	17_EnhW2	1559
chr7	2886575	2886576	rs2533867	chr7	2884801	2885000	17_EnhW2	1576
chr7	2886747	2886748	rs2644281	chr7	2884801	2885000	17_EnhW2	1748
chr7	2886872	2886873	rs11973498	chr7	2884801	2885000	17_EnhW2	1873
chr7	2887194	2887195	rs71522301	chr7	2884801	2885000	17_EnhW2	2195
chr7	2887283	2887284	rs13230995	chr7	2884801	2885000	17_EnhW2	2284
chr7	2887349	2887350	rs2644286	chr7	2884801	2885000	17_EnhW2	2350
chr7	2888056	2888057	rs1614791	chr7	2884801	2885000	17_EnhW2	3057
chr7	2889033	2889034	rs2644309	chr7	2884801	2885000	17_EnhW2	4034
chr7	2889944	2889945	rs138485369	chr7	2884801	2885000	17_EnhW2	4945
chr7	2890114	2890115	rs192369213	chr7	2884801	2885000	17_EnhW2	5115
chr7	2890455	2890456	rs2644291	chr7	2884801	2885000	17_EnhW2	5456
chr7	2890773	2890774	rs2644293	chr7	2884801	2885000	17_EnhW2	5774
chr7	2890815	2890816	rs200502552	chr7	2884801	2885000	17_EnhW2	5816
chr7	2891821	2891822	rs2533891	chr7	2884801	2885000	17_EnhW2	6822
chr7	2892360	2892361	rs2527680	chr7	2884801	2885000	17_EnhW2	7361
chr7	2892383	2892384	rs2527681	chr7	2884801	2885000	17_EnhW2	7384
chr7	2892803	2892804	rs1636255	chr7	2884801	2885000	17_EnhW2	7804
chr7	2892971	2892972	rs1639066	chr7	2884801	2885000	17_EnhW2	7972
chr7	2893338	2893339	rs1639065	chr7	2884801	2885000	17_EnhW2	8339
chr7	2893439	2893440	rs1636256	chr7	2884801	2885000	17_EnhW2	8440
chr7	2893775	2893776	rs13230946	chr7	2884801	2885000	17_EnhW2	8776
chr7	2894433	2894434	rs7783400	chr7	2902801	2903400	15_EnhAF	8368
chr7	2895068	2895069	rs71026577	chr7	2902801	2903400	15_EnhAF	7733
chr7	2895783	2895784	rs1713912	chr7	2902801	2903400	15_EnhAF	7018
chr7	2897771	2897772	rs71522302	chr7	2902801	2903400	15_EnhAF	5030
chr7	2897798	2897799	rs71524003	chr7	2902801	2903400	15_EnhAF	5003
chr7	2900308	2900309	rs2533889	chr7	2902801	2903400	15_EnhAF	2493
chr7	2901600	2901601	rs71026580	chr7	2902801	2903400	15_EnhAF	1201
chr7	2901603	2901604	rs562439614	chr7	2902801	2903400	15_EnhAF	1198
chr7	2902889	2902890	rs1182155	chr7	2902801	2903400	15_EnhAF	0
chr7	2904671	2904672	rs1183079	chr7	2904001	2904200	17_EnhW2	472
chr7	2904927	2904928	rs2527521	chr7	2904001	2904200	17_EnhW2	728
chr7	2909224	2909225	rs1182151	chr7	2913201	2913600	15_EnhAF	3977
chr7	2912927	2912928	rs1182143	chr7	2913201	2913600	15_EnhAF	274
chr7	12247329	12247330	rs6460894	chr7	12252401	12252600	17_EnhW2	5072
chr7	12250377	12250378	rs3807866	chr7	12252401	12252600	17_EnhW2	2024
chr7	12250401	12250402	rs3807865	chr7	12252401	12252600	17_EnhW2	2000
chr7	12251559	12251560	rs7781670	chr7	12252401	12252600	17_EnhW2	842
chr7	12251670	12251671	rs1019309	chr7	12252401	12252600	17_EnhW2	731
chr7	12251789	12251790	rs1019307	chr7	12252401	12252600	17_EnhW2	612
chr7	12252539	12252540	rs6460895	chr7	12252401	12252600	17_EnhW2	0
chr7	12252658	12252659	rs6460896	chr7	12252401	12252600	17_EnhW2	59
chr7	12252740	12252741	rs6460897	chr7	12252401	12252600	17_EnhW2	141
chr7	12252892	12252893	rs6460898	chr7	12252401	12252600	17_EnhW2	293
chr7	12252901	12252902	rs10644564	chr7	12252401	12252600	17_EnhW2	302
chr7	12253049	12253050	rs6460899	chr7	12252401	12252600	17_EnhW2	450
chr7	12253087	12253088	rs6460900	chr7	12252401	12252600	17_EnhW2	488
chr7	12253361	12253362	rs12699323	chr7	12252401	12252600	17_EnhW2	762
chr7	12253371	12253372	rs12699324	chr7	12252401	12252600	17_EnhW2	772
chr7	12253542	12253543	rs10234805	chr7	12252401	12252600	17_EnhW2	943
chr7	12253562	12253563	rs10278257	chr7	12252401	12252600	17_EnhW2	963
chr7	12253879	12253880	rs2043539	chr7	12252401	12252600	17_EnhW2	1280
chr7	12253892	12253893	rs2043538	chr7	12252401	12252600	17_EnhW2	1293
chr7	12254938	12254939	rs17149894	chr7	12252401	12252600	17_EnhW2	2339
chr7	12255433	12255434	rs6460901	chr7	12252401	12252600	17_EnhW2	2834
chr7	12255510	12255511	rs6460902	chr7	12252401	12252600	17_EnhW2	2911
chr7	12255663	12255664	rs1020006	chr7	12252401	12252600	17_EnhW2	3064
chr7	12255777	12255778	rs1020004	chr7	12252401	12252600	17_EnhW2	3178
chr7	12256539	12256540	rs11974384	chr7	12252401	12252600	17_EnhW2	3940
chr7	12256547	12256548	rs11971133	chr7	12252401	12252600	17_EnhW2	3948
chr7	12257526	12257527	rs7785189	chr7	12252401	12252600	17_EnhW2	4927
chr7	12257548	12257549	rs7785087	chr7	12252401	12252600	17_EnhW2	4949
chr7	12258664	12258665	rs35982495	chr7	12252401	12252600	17_EnhW2	6065
chr7	12258754	12258755	rs3823612	chr7	12252401	12252600	17_EnhW2	6155
chr7	12260545	12260546	rs12666249	chr7	12252401	12252600	17_EnhW2	7946
chr7	12261828	12261829	rs10950391	chr7	12252401	12252600	17_EnhW2	9229
chr7	12261910	12261911	rs11509880	chr7	12252401	12252600	17_EnhW2	9311
chr7	12262241	12262242	rs3800847	chr7	12252401	12252600	17_EnhW2	9642
chr7	12262570	12262571	rs1435527	chr7	12252401	12252600	17_EnhW2	9971
chr7	12262716	12262717	rs1435525	chr7	12252401	12252600	17_EnhW2	10117
chr7	12262800	12262801	rs1435524	chr7	12252401	12252600	17_EnhW2	10201
chr7	12262967	12262968	rs11368032	chr7	12252401	12252600	17_EnhW2	10368
chr7	12263182	12263183	rs5882346	chr7	12252401	12252600	17_EnhW2	10583
chr7	12263377	12263378	rs11974335	chr7	12252401	12252600	17_EnhW2	10778
chr7	12263436	12263437	rs11974304	chr7	12252401	12252600	17_EnhW2	10837
chr7	12263537	12263538	rs10950392	chr7	12252401	12252600	17_EnhW2	10938
chr7	12263545	12263546	rs10950393	chr7	12252401	12252600	17_EnhW2	10946
chr7	12263586	12263587	rs10950394	chr7	12252401	12252600	17_EnhW2	10987
chr7	12263798	12263799	rs11509137	chr7	12252401	12252600	17_EnhW2	11199
chr7	12263799	12263800	rs11509153	chr7	12252401	12252600	17_EnhW2	11200
chr7	12264260	12264261	rs3839693	chr7	12252401	12252600	17_EnhW2	11661
chr7	12264296	12264297	rs3800843	chr7	12252401	12252600	17_EnhW2	11697
chr7	12264466	12264467	rs10950395	chr7	12252401	12252600	17_EnhW2	11867
chr7	12264665	12264666	rs10950396	chr7	12252401	12252600	17_EnhW2	12066
chr7	12264736	12264737	rs10950397	chr7	12252401	12252600	17_EnhW2	12137
chr7	12264870	12264871	rs10950398	chr7	12252401	12252600	17_EnhW2	12271
chr7	12265058	12265059	rs76854159	chr7	12252401	12252600	17_EnhW2	12459
chr7	12265191	12265192	rs150465020	chr7	12252401	12252600	17_EnhW2	12592
chr7	12265738	12265739	rs6966602	chr7	12252401	12252600	17_EnhW2	13139
chr7	12265847	12265848	rs6948844	chr7	12252401	12252600	17_EnhW2	13248
chr7	12265951	12265952	rs6966757	chr7	12252401	12252600	17_EnhW2	13352
chr7	12265987	12265988	rs6966915	chr7	12252401	12252600	17_EnhW2	13388
chr7	12266319	12266320	rs3839692	chr7	12252401	12252600	17_EnhW2	13720
chr7	12266550	12266551	rs35642626	chr7	12252401	12252600	17_EnhW2	13951
chr7	12266705	12266706	rs7804433	chr7	12252401	12252600	17_EnhW2	14106
chr7	12266813	12266814	rs7804234	chr7	12252401	12252600	17_EnhW2	14214
chr7	12266866	12266867	rs7804736	chr7	12252401	12252600	17_EnhW2	14267
chr7	12267220	12267221	rs4721057	chr7	12252401	12252600	17_EnhW2	14621
chr7	12267255	12267256	rs4721058	chr7	12252401	12252600	17_EnhW2	14656
chr7	12267494	12267495	rs4721059	chr7	12252401	12252600	17_EnhW2	14895
chr7	12267551	12267552	rs4721060	chr7	12252401	12252600	17_EnhW2	14952
chr7	12267558	12267559	rs4721061	chr7	12252401	12252600	17_EnhW2	14959
chr7	12267613	12267614	rs7792410	chr7	12252401	12252600	17_EnhW2	15014
chr7	12267733	12267734	rs7809700	chr7	12252401	12252600	17_EnhW2	15134
chr7	12267836	12267837	rs13229988	chr7	12252401	12252600	17_EnhW2	15237
chr7	12268081	12268082	rs34046032	chr7	12252401	12252600	17_EnhW2	15482
chr7	12268116	12268117	rs28549831	chr7	12252401	12252600	17_EnhW2	15517
chr7	12268242	12268243	rs13230513	chr7	12252401	12252600	17_EnhW2	15643
chr7	12268467	12268468	rs12667950	chr7	12252401	12252600	17_EnhW2	15868
chr7	12268550	12268551	rs5011431	chr7	12252401	12252600	17_EnhW2	15951
chr7	12268667	12268668	rs5011432	chr7	12252401	12252600	17_EnhW2	16068
chr7	12268716	12268717	rs5011434	chr7	12252401	12252600	17_EnhW2	16117
chr7	12268757	12268758	rs5011436	chr7	12252401	12252600	17_EnhW2	16158
chr7	12268791	12268792	rs5011437	chr7	12252401	12252600	17_EnhW2	16192
chr7	12268797	12268798	rs5011438	chr7	12252401	12252600	17_EnhW2	16198
chr7	12268810	12268811	rs5011439	chr7	12252401	12252600	17_EnhW2	16211
chr7	12269259	12269260	rs3839691	chr7	12252401	12252600	17_EnhW2	16660
chr7	12269416	12269417	rs3173615	chr7	12252401	12252600	17_EnhW2	16817
chr7	12269574	12269575	rs13237715	chr7	12252401	12252600	17_EnhW2	16975
chr7	12269592	12269593	rs13237518	chr7	12252401	12252600	17_EnhW2	16993
chr7	12269761	12269762	rs12699332	chr7	12252401	12252600	17_EnhW2	17162
chr7	12269803	12269804	rs12699333	chr7	12252401	12252600	17_EnhW2	17204
chr7	12269816	12269817	rs12668625	chr7	12252401	12252600	17_EnhW2	17217
chr7	12270518	12270519	rs3815535	chr7	12252401	12252600	17_EnhW2	17919
chr7	12270564	12270565	rs3214372	chr7	12252401	12252600	17_EnhW2	17965
chr7	12270624	12270625	rs2302635	chr7	12252401	12252600	17_EnhW2	18025
chr7	12270769	12270770	rs2302634	chr7	12252401	12252600	17_EnhW2	18170
chr7	12270814	12270815	rs2302633	chr7	12252401	12252600	17_EnhW2	18215
chr7	12270966	12270967	rs2302632	chr7	12252401	12252600	17_EnhW2	18367
chr7	12271251	12271252	rs7808568	chr7	12252401	12252600	17_EnhW2	18652
chr7	12271996	12271997	rs12669919	chr7	12252401	12252600	17_EnhW2	19397
chr7	12272115	12272116	rs1042949	chr7	12252401	12252600	17_EnhW2	19516
chr7	12272567	12272568	rs3800841	chr7	12252401	12252600	17_EnhW2	19968
chr7	12273151	12273152	rs14978	chr7	12252401	12252600	17_EnhW2	20552
chr7	12273412	12273413	rs1054168	chr7	12252401	12252600	17_EnhW2	20813
chr7	12273495	12273496	rs1054169	chr7	12252401	12252600	17_EnhW2	20896
chr7	12274412	12274413	rs35337387	chr7	12252401	12252600	17_EnhW2	21813
chr7	12275507	12275508	rs1468804	chr7	12252401	12252600	17_EnhW2	22908
chr7	12275623	12275624	rs5882347	chr7	12252401	12252600	17_EnhW2	23024
chr7	12275674	12275675	rs1468803	chr7	12252401	12252600	17_EnhW2	23075
chr7	12275817	12275818	rs1060700	chr7	12252401	12252600	17_EnhW2	23218
chr7	12276010	12276011	rs1468802	chr7	12252401	12252600	17_EnhW2	23411
chr7	12276044	12276045	rs1468801	chr7	12252401	12252600	17_EnhW2	23445
chr7	12276884	12276885	rs2356065	chr7	12252401	12252600	17_EnhW2	24285
chr7	12277019	12277020	rs12699335	chr7	12252401	12252600	17_EnhW2	24420
chr7	12277437	12277438	rs13234969	chr7	12252401	12252600	17_EnhW2	24838
chr7	12277441	12277442	rs13234970	chr7	12252401	12252600	17_EnhW2	24842
chr7	12277772	12277773	rs7797705	chr7	12252401	12252600	17_EnhW2	25173
chr7	12278436	12278437	rs6969722	chr7	12252401	12252600	17_EnhW2	25837
chr7	12279558	12279559	rs1548885	chr7	12252401	12252600	17_EnhW2	26959
chr7	12279760	12279761	rs1548884	chr7	12252401	12252600	17_EnhW2	27161
chr7	12280729	12280730	rs10281425	chr7	12252401	12252600	17_EnhW2	28130
chr7	12280837	12280838	rs10236369	chr7	12252401	12252600	17_EnhW2	28238
chr7	12281702	12281703	rs139393760	chr7	12252401	12252600	17_EnhW2	29103
chr7	12282450	12282451	rs7805419	chr7	12252401	12252600	17_EnhW2	29851
chr7	12283226	12283227	rs6460905	chr7	12252401	12252600	17_EnhW2	30627
chr7	12283249	12283250	rs12699336	chr7	12252401	12252600	17_EnhW2	30650
chr7	12283275	12283276	rs6460906	chr7	12252401	12252600	17_EnhW2	30676
chr7	12283328	12283329	rs7791726	chr7	12252401	12252600	17_EnhW2	30729
chr7	12283786	12283787	rs1990622	chr7	12252401	12252600	17_EnhW2	31187
chr7	12283872	12283873	rs1990621	chr7	12252401	12252600	17_EnhW2	31273
chr7	12284007	12284008	rs1990620	chr7	12252401	12252600	17_EnhW2	31408
chr7	12284377	12284378	rs4721064	chr7	12252401	12252600	17_EnhW2	31778
chr7	12285139	12285140	rs12699338	chr7	12252401	12252600	17_EnhW2	32540
chr7	12286049	12286050	rs10235395	chr7	12252401	12252600	17_EnhW2	33450
chr7	54916279	54916280	rs75061358	chr7	54909601	54910400	17_EnhW2	5880
chr7	54920905	54920906	rs149352678	chr7	54925801	54926200	17_EnhW2	4896
chr7	54941327	54941328	rs76928645	chr7	54949001	54950600	17_EnhW2	7674
chr7	54944919	54944920	rs151057105	chr7	54949001	54950600	17_EnhW2	4082
chr7	54949255	54949256	rs74504435	chr7	54949001	54950600	17_EnhW2	0
chr7	54954370	54954371	rs80013346	chr7	54949001	54950600	17_EnhW2	3771
chr7	54966737	54966738	rs77126132	chr7	54949001	54950600	17_EnhW2	16138
chr7	55012096	55012097	rs142461330	chr7	54949001	54950600	17_EnhW2	61497
chr7	55015504	55015505	rs6979446	chr7	54949001	54950600	17_EnhW2	64905
chr7	55101987	55101988	rs11978110	chr7	55132401	55133000	17_EnhW2	30414
chr7	55103198	55103199	rs6953397	chr7	55132401	55133000	17_EnhW2	29203
chr7	55103202	55103203	rs368734920	chr7	55132401	55133000	17_EnhW2	29199
chr7	55108993	55108994	rs10244020	chr7	55132401	55133000	17_EnhW2	23408
chr7	55109176	55109177	rs12668421	chr7	55132401	55133000	17_EnhW2	23225
chr7	55112409	55112410	rs11760406	chr7	55132401	55133000	17_EnhW2	19992
chr7	55114279	55114280	rs11337454	chr7	55132401	55133000	17_EnhW2	18122
chr7	55116554	55116555	rs4947488	chr7	55132401	55133000	17_EnhW2	15847
chr7	55119195	55119196	rs35450636	chr7	55132401	55133000	17_EnhW2	13206
chr7	55121811	55121812	rs4947965	chr7	55132401	55133000	17_EnhW2	10590
chr7	55123967	55123968	rs11773818	chr7	55132401	55133000	17_EnhW2	8434
chr7	55124318	55124319	rs11766798	chr7	55132401	55133000	17_EnhW2	8083
chr7	55131063	55131064	rs17335891	chr7	55132401	55133000	17_EnhW2	1338
chr7	55131669	55131670	rs12669701	chr7	55132401	55133000	17_EnhW2	732
chr7	55131717	55131718	rs17335919	chr7	55132401	55133000	17_EnhW2	684
chr7	55134871	55134872	rs723527	chr7	55134601	55135000	17_EnhW2	0
chr7	55135472	55135473	rs1468724	chr7	55134601	55135000	17_EnhW2	473
chr7	55140295	55140296	rs6978771	chr7	55141601	55142200	17_EnhW2	1306
chr7	55142653	55142654	rs3800827	chr7	55141601	55142200	17_EnhW2	454
chr7	55144155	55144156	rs984654	chr7	55141601	55142200	17_EnhW2	1956
chr7	55144832	55144833	rs3735064	chr7	55146801	55147400	17_EnhW2	1969
chr7	55145333	55145334	rs9642564	chr7	55146801	55147400	17_EnhW2	1468
chr7	55151885	55151886	rs7780270	chr7	55154601	55154800	17_EnhW2	2716
chr7	81411027	81411028	rs975360	chr7	81419201	81419400	17_EnhW2	8174
chr7	81417330	81417331	rs2108031	chr7	81419201	81419400	17_EnhW2	1871
chr7	81417663	81417664	rs35857311	chr7	81419201	81419400	17_EnhW2	1538
chr7	81418595	81418596	rs10252734	chr7	81419201	81419400	17_EnhW2	606
chr7	83635585	83635586	rs4732529	chr7	83631801	83632400	17_EnhW2	3186
chr7	83642710	83642711	rs17158507	chr7	83652001	83652400	17_EnhW2	9291
chr7	83644953	83644954	rs4732531	chr7	83652001	83652400	17_EnhW2	7048
chr7	83645036	83645037	rs4728547	chr7	83652001	83652400	17_EnhW2	6965
chr7	83645369	83645370	rs4732532	chr7	83652001	83652400	17_EnhW2	6632
chr7	83645526	83645527	rs112638388	chr7	83652001	83652400	17_EnhW2	6475
chr7	83645852	83645853	rs201748255	chr7	83652001	83652400	17_EnhW2	6149
chr7	83646166	83646167	rs12674315	chr7	83652001	83652400	17_EnhW2	5835
chr7	83646815	83646816	rs6949238	chr7	83652001	83652400	17_EnhW2	5186
chr7	83647253	83647254	rs56156921	chr7	83652001	83652400	17_EnhW2	4748
chr7	83647421	83647422	rs59403097	chr7	83652001	83652400	17_EnhW2	4580
chr7	83647565	83647566	rs55721141	chr7	83652001	83652400	17_EnhW2	4436
chr7	83647969	83647970	rs7788378	chr7	83652001	83652400	17_EnhW2	4032
chr7	83648042	83648043	rs7800922	chr7	83652001	83652400	17_EnhW2	3959
chr7	83648410	83648411	rs58241289	chr7	83652001	83652400	17_EnhW2	3591
chr7	83648512	83648513	rs59508737	chr7	83652001	83652400	17_EnhW2	3489
chr7	83648702	83648703	rs36003945	chr7	83652001	83652400	17_EnhW2	3299
chr7	83648843	83648844	rs111434635	chr7	83652001	83652400	17_EnhW2	3158
chr7	83649523	83649524	rs73376838	chr7	83652001	83652400	17_EnhW2	2478
chr7	83650248	83650249	rs59002690	chr7	83652001	83652400	17_EnhW2	1753
chr7	83650504	83650505	rs57531433	chr7	83652001	83652400	17_EnhW2	1497
chr7	83650594	83650595	rs59594890	chr7	83652001	83652400	17_EnhW2	1407
chr7	83650622	83650623	rs57283860	chr7	83652001	83652400	17_EnhW2	1379
chr7	83650739	83650740	rs6962897	chr7	83652001	83652400	17_EnhW2	1262
chr7	83650758	83650759	rs61691495	chr7	83652001	83652400	17_EnhW2	1243
chr7	83651317	83651318	rs76125976	chr7	83652001	83652400	17_EnhW2	684
chr7	83651800	83651801	rs1533997	chr7	83652001	83652400	17_EnhW2	201
chr7	83653708	83653709	rs116568134	chr7	83654801	83655200	15_EnhAF	1093
chr7	83657907	83657908	rs57098862	chr7	83654801	83655200	15_EnhAF	2708
chr7	83659360	83659361	rs1916928	chr7	83654801	83655200	15_EnhAF	4161
chr7	83660737	83660738	rs80263827	chr7	83654801	83655200	15_EnhAF	5538
chr7	83660876	83660877	rs67653050	chr7	83654801	83655200	15_EnhAF	5677
chr7	83661338	83661339	rs17158533	chr7	83654801	83655200	15_EnhAF	6139
chr7	83662137	83662138	rs78404854	chr7	83654801	83655200	15_EnhAF	6938
chr7	83663550	83663551	rs57024152	chr7	83669801	83670200	17_EnhW2	6251
chr7	83664128	83664129	rs17158535	chr7	83669801	83670200	17_EnhW2	5673
chr7	83665469	83665470	rs1524879	chr7	83669801	83670200	17_EnhW2	4332
chr7	83666468	83666469	rs147492016	chr7	83669801	83670200	17_EnhW2	3333
chr7	83666859	83666860	rs17158540	chr7	83669801	83670200	17_EnhW2	2942
chr7	83668380	83668381	rs74869360	chr7	83669801	83670200	17_EnhW2	1421
chr7	83668707	83668708	rs78218370	chr7	83669801	83670200	17_EnhW2	1094
chr7	83669342	83669343	rs4732535	chr7	83669801	83670200	17_EnhW2	459
chr7	83669538	83669539	rs59145273	chr7	83669801	83670200	17_EnhW2	263
chr7	83669600	83669601	rs4732536	chr7	83669801	83670200	17_EnhW2	201
chr7	83670128	83670129	rs76881522	chr7	83669801	83670200	17_EnhW2	0
chr7	83670130	83670131	rs79643070	chr7	83669801	83670200	17_EnhW2	0
chr7	83670194	83670195	rs6952231	chr7	83669801	83670200	17_EnhW2	0
chr7	83670266	83670267	rs6966628	chr7	83669801	83670200	17_EnhW2	67
chr7	83670380	83670381	rs6965653	chr7	83669801	83670200	17_EnhW2	181
chr7	83672715	83672716	rs76633062	chr7	83671401	83671800	17_EnhW2	916
chr7	83673020	83673021	rs2372024	chr7	83671401	83671800	17_EnhW2	1221
chr7	83674322	83674323	rs2372025	chr7	83671401	83671800	17_EnhW2	2523
chr7	83674589	83674590	rs59636011	chr7	83671401	83671800	17_EnhW2	2790
chr7	83677031	83677032	rs78702998	chr7	83671401	83671800	17_EnhW2	5232
chr7	83678192	83678193	rs67198305	chr7	83671401	83671800	17_EnhW2	6393
chr7	83682203	83682204	rs146024367	chr7	83685201	83685800	17_EnhW2	2998
chr7	83683781	83683782	rs201077280	chr7	83685201	83685800	17_EnhW2	1420
chr7	83684075	83684076	rs6960796	chr7	83685201	83685800	17_EnhW2	1126
chr7	83690194	83690195	rs3801605	chr7	83689201	83690800	17_EnhW2	0
chr7	83692498	83692499	rs12667816	chr7	83689201	83690800	17_EnhW2	1699
chr7	83692597	83692598	rs10155886	chr7	83689201	83690800	17_EnhW2	1798
chr7	83693202	83693203	rs144580299	chr7	83689201	83690800	17_EnhW2	2403
chr7	83695436	83695437	rs143712601	chr7	83689201	83690800	17_EnhW2	4637
chr7	83695754	83695755	rs201501663	chr7	83689201	83690800	17_EnhW2	4955
chr7	83696375	83696376	rs140886566	chr7	83689201	83690800	17_EnhW2	5576
chr7	83697482	83697483	rs12707607	chr7	83689201	83690800	17_EnhW2	6683
chr7	83697569	83697570	rs58632750	chr7	83689201	83690800	17_EnhW2	6770
chr7	83700338	83700339	rs2888220	chr7	83689201	83690800	17_EnhW2	9539
chr7	83700467	83700468	rs2372026	chr7	83689201	83690800	17_EnhW2	9668
chr7	83700470	83700471	rs2372027	chr7	83689201	83690800	17_EnhW2	9671
chr7	83700483	83700484	rs2372028	chr7	83689201	83690800	17_EnhW2	9684
chr7	83700684	83700685	rs2372029	chr7	83689201	83690800	17_EnhW2	9885
chr7	83701257	83701258	rs10488265	chr7	83689201	83690800	17_EnhW2	10458
chr7	83701537	83701538	rs3801608	chr7	83689201	83690800	17_EnhW2	10738
chr7	83701676	83701677	rs10488266	chr7	83689201	83690800	17_EnhW2	10877
chr7	83701853	83701854	rs75911251	chr7	83689201	83690800	17_EnhW2	11054
chr7	83701859	83701860	rs78976599	chr7	83689201	83690800	17_EnhW2	11060
chr7	83702675	83702676	rs80181714	chr7	83714401	83715600	17_EnhW2	11726
chr7	83703031	83703032	rs17158585	chr7	83714401	83715600	17_EnhW2	11370
chr7	83703300	83703301	rs1012974	chr7	83714401	83715600	17_EnhW2	11101
chr7	83703897	83703898	rs11979394	chr7	83714401	83715600	17_EnhW2	10504
chr7	83703919	83703920	rs11982460	chr7	83714401	83715600	17_EnhW2	10482
chr7	83704139	83704140	rs10540854	chr7	83714401	83715600	17_EnhW2	10262
chr7	83704291	83704292	rs7805885	chr7	83714401	83715600	17_EnhW2	10110
chr7	83704437	83704438	rs17158600	chr7	83714401	83715600	17_EnhW2	9964
chr7	83704581	83704582	rs113639289	chr7	83714401	83715600	17_EnhW2	9820
chr7	83704654	83704655	rs34419363	chr7	83714401	83715600	17_EnhW2	9747
chr7	83704655	83704656	rs200575659	chr7	83714401	83715600	17_EnhW2	9746
chr7	83704870	83704871	rs11981048	chr7	83714401	83715600	17_EnhW2	9531
chr7	83704987	83704988	rs13231752	chr7	83714401	83715600	17_EnhW2	9414
chr7	83705406	83705407	rs12669854	chr7	83714401	83715600	17_EnhW2	8995
chr7	83705436	83705437	rs12672501	chr7	83714401	83715600	17_EnhW2	8965
chr7	83705666	83705667	rs35810730	chr7	83714401	83715600	17_EnhW2	8735
chr7	83705870	83705871	rs2527033	chr7	83714401	83715600	17_EnhW2	8531
chr7	83706456	83706457	rs58000373	chr7	83714401	83715600	17_EnhW2	7945
chr7	83706537	83706538	rs57039805	chr7	83714401	83715600	17_EnhW2	7864
chr7	83706615	83706616	rs57770763	chr7	83714401	83715600	17_EnhW2	7786
chr7	83707216	83707217	rs3801610	chr7	83714401	83715600	17_EnhW2	7185
chr7	83707887	83707888	rs76727011	chr7	83714401	83715600	17_EnhW2	6514
chr7	83707954	83707955	rs41512845	chr7	83714401	83715600	17_EnhW2	6447
chr7	83708068	83708069	rs4469400	chr7	83714401	83715600	17_EnhW2	6333
chr7	83708237	83708238	rs2040875	chr7	83714401	83715600	17_EnhW2	6164
chr7	83708427	83708428	rs111621614	chr7	83714401	83715600	17_EnhW2	5974
chr7	83708496	83708497	rs111666997	chr7	83714401	83715600	17_EnhW2	5905
chr7	117599513	117599514	rs916784	chr7	117601201	117605400	17_EnhW2	1688
chr7	117600423	117600424	rs2402273	chr7	117601201	117605400	17_EnhW2	778
chr7	117602125	117602126	rs7801876	chr7	117601201	117605400	17_EnhW2	0
chr7	117603819	117603820	rs1013278	chr7	117601201	117605400	17_EnhW2	0
chr7	117605713	117605714	rs1468183	chr7	117601201	117605400	17_EnhW2	314
chr7	117607657	117607658	rs138567272	chr7	117601201	117605400	17_EnhW2	2258
chr7	117608223	117608224	rs370682797	chr7	117601201	117605400	17_EnhW2	2824
chr7	117609095	117609096	rs111987160	chr7	117601201	117605400	17_EnhW2	3696
chr7	117610289	117610290	rs28438696	chr7	117601201	117605400	17_EnhW2	4890
chr7	117610767	117610768	rs13438572	chr7	117601201	117605400	17_EnhW2	5368
chr7	117611249	117611250	rs7784849	chr7	117601201	117605400	17_EnhW2	5850
chr7	117612314	117612315	rs12113919	chr7	117601201	117605400	17_EnhW2	6915
chr7	117613108	117613109	rs10280709	chr7	117601201	117605400	17_EnhW2	7709
chr7	117614922	117614923	rs10237233	chr7	117601201	117605400	17_EnhW2	9523
chr7	117614980	117614981	rs2402295	chr7	117601201	117605400	17_EnhW2	9581
chr7	117615316	117615317	rs10226992	chr7	117601201	117605400	17_EnhW2	9917
chr7	117617519	117617520	rs28714277	chr7	117601201	117605400	17_EnhW2	12120
chr7	117617918	117617919	rs7793280	chr7	117601201	117605400	17_EnhW2	12519
chr7	117619850	117619851	rs12111806	chr7	117633801	117634200	17_EnhW2	13951
chr7	117623181	117623182	rs10270826	chr7	117633801	117634200	17_EnhW2	10620
chr7	117624372	117624373	rs10264984	chr7	117633801	117634200	17_EnhW2	9429
chr7	117625598	117625599	rs150346963	chr7	117633801	117634200	17_EnhW2	8203
chr7	117627003	117627004	rs17568511	chr7	117633801	117634200	17_EnhW2	6798
chr7	117627584	117627585	rs61702433	chr7	117633801	117634200	17_EnhW2	6217
chr7	117628182	117628183	rs970185	chr7	117633801	117634200	17_EnhW2	5619
chr7	117628554	117628555	rs10282032	chr7	117633801	117634200	17_EnhW2	5247
chr7	117634272	117634273	rs34453766	chr7	117633801	117634200	17_EnhW2	73
chr7	117635381	117635382	rs2188836	chr7	117633801	117634200	17_EnhW2	1182
chr7	117635604	117635605	rs2214230	chr7	117633801	117634200	17_EnhW2	1405
chr7	117636110	117636111	rs10230941	chr7	117633801	117634200	17_EnhW2	1911
chr7	120725340	120725341	rs3068006	chr7	120741601	120743600	17_EnhW2	16261
chr7	120725353	120725354	rs1861000	chr7	120741601	120743600	17_EnhW2	16248
chr7	120725501	120725502	rs1861001	chr7	120741601	120743600	17_EnhW2	16100
chr7	120725808	120725809	rs2110281	chr7	120741601	120743600	17_EnhW2	15793
chr7	120727857	120727858	rs2110283	chr7	120741601	120743600	17_EnhW2	13744
chr7	120728871	120728872	rs2968345	chr7	120741601	120743600	17_EnhW2	12730
chr7	120730821	120730822	rs6956201	chr7	120741601	120743600	17_EnhW2	10780
chr7	120731576	120731577	rs6466767	chr7	120741601	120743600	17_EnhW2	10025
chr7	120731869	120731870	rs6961525	chr7	120741601	120743600	17_EnhW2	9732
chr7	120735061	120735062	rs1917113	chr7	120741601	120743600	17_EnhW2	6540
chr7	120736614	120736615	rs798933	chr7	120741601	120743600	17_EnhW2	4987
chr7	120736670	120736671	rs798934	chr7	120741601	120743600	17_EnhW2	4931
chr7	120737057	120737058	rs12673968	chr7	120741601	120743600	17_EnhW2	4544
chr7	120739236	120739237	rs1554635	chr7	120741601	120743600	17_EnhW2	2365
chr7	120742102	120742103	rs6466769	chr7	120741601	120743600	17_EnhW2	0
chr7	120743181	120743182	rs6954757	chr7	120741601	120743600	17_EnhW2	0
chr7	120747307	120747308	rs13223036	chr7	120749001	120749600	17_EnhW2	1694
chr7	120757130	120757131	rs34007948	chr7	120749001	120749600	17_EnhW2	7531
chr7	120758898	120758899	rs798943	chr7	120749001	120749600	17_EnhW2	9299
chr7	120759188	120759189	rs202203893	chr7	120749001	120749600	17_EnhW2	9589
chr7	120759423	120759424	rs2968338	chr7	120749001	120749600	17_EnhW2	9824
chr7	120759605	120759606	rs1296405	chr7	120749001	120749600	17_EnhW2	10006
chr7	120761931	120761932	rs13245677	chr7	120749001	120749600	17_EnhW2	12332
chr7	120762841	120762842	rs798946	chr7	120749001	120749600	17_EnhW2	13242
chr7	120766321	120766322	rs12673770	chr7	120749001	120749600	17_EnhW2	16722
chr7	120767592	120767593	rs67688816	chr7	120749001	120749600	17_EnhW2	17993
chr7	120767659	120767660	rs12706313	chr7	120749001	120749600	17_EnhW2	18060
chr7	120770436	120770437	rs34320754	chr7	120749001	120749600	17_EnhW2	20837
chr7	120772015	120772016	rs34040961	chr7	120749001	120749600	17_EnhW2	22416
chr7	120774115	120774116	rs34249834	chr7	120749001	120749600	17_EnhW2	24516
chr7	120774159	120774160	rs7801723	chr7	120749001	120749600	17_EnhW2	24560
chr7	120774940	120774941	rs12706318	chr7	120749001	120749600	17_EnhW2	25341
chr7	120775814	120775815	rs10953928	chr7	120749001	120749600	17_EnhW2	26215
chr7	120776280	120776281	rs13232048	chr7	120749001	120749600	17_EnhW2	26681
chr7	120776859	120776860	rs35758028	chr7	120749001	120749600	17_EnhW2	27260
chr7	120777182	120777183	rs6947453	chr7	120749001	120749600	17_EnhW2	27583
chr7	120777618	120777619	rs6952113	chr7	120749001	120749600	17_EnhW2	28019
chr7	120777716	120777717	rs6951990	chr7	120749001	120749600	17_EnhW2	28117
chr7	120779575	120779576	rs34770628	chr7	120749001	120749600	17_EnhW2	29976
chr7	120779948	120779949	rs872007	chr7	120749001	120749600	17_EnhW2	30349
chr7	120779989	120779990	rs872008	chr7	120749001	120749600	17_EnhW2	30390
chr7	120780284	120780285	rs868053	chr7	120749001	120749600	17_EnhW2	30685
chr7	120780482	120780483	rs884373	chr7	120749001	120749600	17_EnhW2	30883
chr7	120782961	120782962	rs10234955	chr7	120749001	120749600	17_EnhW2	33362
chr7	120783205	120783206	rs10235232	chr7	120749001	120749600	17_EnhW2	33606
chr7	120783424	120783425	rs10275439	chr7	120749001	120749600	17_EnhW2	33825
chr7	120783550	120783551	rs10261671	chr7	120749001	120749600	17_EnhW2	33951
chr7	120784866	120784867	rs10280039	chr7	120749001	120749600	17_EnhW2	35267
chr7	120785063	120785064	rs13245690	chr7	120749001	120749600	17_EnhW2	35464
chr7	120785123	120785124	rs35348547	chr7	120749001	120749600	17_EnhW2	35524
chr7	120786415	120786416	rs10258619	chr7	120749001	120749600	17_EnhW2	36816
chr7	120788345	120788346	rs1917110	chr7	120749001	120749600	17_EnhW2	38746
chr7	120788346	120788347	rs1404264	chr7	120749001	120749600	17_EnhW2	38747
chr7	120789333	120789334	rs10712111	chr7	120749001	120749600	17_EnhW2	39734
chr7	120790286	120790287	rs6950680	chr7	120749001	120749600	17_EnhW2	40687
chr7	120794844	120794845	rs10240772	chr7	120749001	120749600	17_EnhW2	45245
chr7	120795370	120795371	rs66871562	chr7	120749001	120749600	17_EnhW2	45771
chr7	120799083	120799084	rs10228519	chr7	120845801	120846400	17_EnhW2	46718
chr7	120803285	120803286	rs35789132	chr7	120845801	120846400	17_EnhW2	42516
chr7	120803462	120803463	rs6968039	chr7	120845801	120846400	17_EnhW2	42339
chr7	120806195	120806196	rs12706319	chr7	120845801	120846400	17_EnhW2	39606
chr7	120812573	120812574	rs1112810	chr7	120845801	120846400	17_EnhW2	33228
chr7	120813919	120813920	rs67991850	chr7	120845801	120846400	17_EnhW2	31882
chr7	120814210	120814211	rs10215458	chr7	120845801	120846400	17_EnhW2	31591
chr7	120816328	120816329	rs34275932	chr7	120845801	120846400	17_EnhW2	29473
chr7	120822385	120822386	rs7798060	chr7	120845801	120846400	17_EnhW2	23416
chr7	120823963	120823964	rs7805735	chr7	120845801	120846400	17_EnhW2	21838
chr7	120824246	120824247	rs7787044	chr7	120845801	120846400	17_EnhW2	21555
chr7	120825317	120825318	rs6963115	chr7	120845801	120846400	17_EnhW2	20484
chr7	120826237	120826238	rs1554634	chr7	120845801	120846400	17_EnhW2	19564
chr7	120826568	120826569	rs28588484	chr7	120845801	120846400	17_EnhW2	19233
chr7	120829652	120829653	rs9641660	chr7	120845801	120846400	17_EnhW2	16149
chr7	120829844	120829845	rs369172782	chr7	120845801	120846400	17_EnhW2	15957
chr7	120830214	120830215	rs9640799	chr7	120845801	120846400	17_EnhW2	15587
chr7	120832022	120832023	rs10085590	chr7	120845801	120846400	17_EnhW2	13779
chr7	120839459	120839460	rs1917117	chr7	120845801	120846400	17_EnhW2	6342
chr7	120839853	120839854	rs2402562	chr7	120845801	120846400	17_EnhW2	5948
chr7	120841240	120841241	rs4730999	chr7	120845801	120846400	17_EnhW2	4561
chr7	120841522	120841523	rs5887022	chr7	120845801	120846400	17_EnhW2	4279
chr7	120843515	120843516	rs7797976	chr7	120845801	120846400	17_EnhW2	2286
chr7	120843707	120843708	rs6947494	chr7	120845801	120846400	17_EnhW2	2094
chr7	120843945	120843946	rs62469350	chr7	120845801	120846400	17_EnhW2	1856
chr7	120844323	120844324	rs1917118	chr7	120845801	120846400	17_EnhW2	1478
chr7	120846502	120846503	rs5887023	chr7	120845801	120846400	17_EnhW2	103
chr7	120846568	120846569	rs1524501	chr7	120845801	120846400	17_EnhW2	169
chr7	120846664	120846665	rs1524502	chr7	120845801	120846400	17_EnhW2	265
chr7	120848384	120848385	rs6954210	chr7	120845801	120846400	17_EnhW2	1985
chr7	120852033	120852034	rs6970762	chr7	120845801	120846400	17_EnhW2	5634
chr7	120852192	120852193	rs1357756	chr7	120845801	120846400	17_EnhW2	5793
chr7	120852749	120852750	rs34133954	chr7	120845801	120846400	17_EnhW2	6350
chr7	120853064	120853065	rs1534015	chr7	120845801	120846400	17_EnhW2	6665
chr7	120853606	120853607	rs7786203	chr7	120845801	120846400	17_EnhW2	7207
chr7	120856325	120856326	rs36009034	chr7	120845801	120846400	17_EnhW2	9926
chr7	120857746	120857747	rs1404268	chr7	120845801	120846400	17_EnhW2	11347
chr7	120858204	120858205	rs372312380	chr7	120845801	120846400	17_EnhW2	11805
chr7	120862733	120862734	rs115203811	chr7	120845801	120846400	17_EnhW2	16334
chr7	120863108	120863109	rs6963730	chr7	120845801	120846400	17_EnhW2	16709
chr7	120865037	120865038	rs148819132	chr7	120845801	120846400	17_EnhW2	18638
chr7	120865481	120865482	rs9770763	chr7	120845801	120846400	17_EnhW2	19082
chr7	120865602	120865603	rs11764551	chr7	120845801	120846400	17_EnhW2	19203
chr7	120865800	120865801	rs10242653	chr7	120845801	120846400	17_EnhW2	19401
chr7	120866037	120866038	rs55694614	chr7	120845801	120846400	17_EnhW2	19638
chr7	120866166	120866167	rs34088248	chr7	120845801	120846400	17_EnhW2	19767
chr7	120867271	120867272	rs10953931	chr7	120845801	120846400	17_EnhW2	20872
chr7	120868002	120868003	rs1524503	chr7	120845801	120846400	17_EnhW2	21603
chr7	120868494	120868495	rs34312237	chr7	120845801	120846400	17_EnhW2	22095
chr7	120868518	120868519	rs1581525	chr7	120845801	120846400	17_EnhW2	22119
chr7	120868630	120868631	rs7799790	chr7	120845801	120846400	17_EnhW2	22231
chr7	120869560	120869561	rs77670845	chr7	120845801	120846400	17_EnhW2	23161
chr7	120869624	120869625	rs1949803	chr7	120845801	120846400	17_EnhW2	23225
chr7	120870159	120870160	rs17284918	chr7	120845801	120846400	17_EnhW2	23760
chr7	120870376	120870377	rs6977352	chr7	120845801	120846400	17_EnhW2	23977
chr7	120870954	120870955	rs6978080	chr7	120845801	120846400	17_EnhW2	24555
chr7	120871642	120871643	rs17284988	chr7	120845801	120846400	17_EnhW2	25243
chr7	120871919	120871920	rs17285023	chr7	120845801	120846400	17_EnhW2	25520
chr7	120872120	120872121	rs17357115	chr7	120845801	120846400	17_EnhW2	25721
chr7	120872568	120872569	rs12672898	chr7	120845801	120846400	17_EnhW2	26169
chr7	120872659	120872660	rs10953932	chr7	120845801	120846400	17_EnhW2	26260
chr7	120873077	120873078	rs1534016	chr7	120845801	120846400	17_EnhW2	26678
chr7	120873437	120873438	rs6965195	chr7	120845801	120846400	17_EnhW2	27038
chr7	120873580	120873581	rs1917119	chr7	120845801	120846400	17_EnhW2	27181
chr7	120874219	120874220	rs11334344	chr7	120845801	120846400	17_EnhW2	27820
chr7	120874541	120874542	rs1534017	chr7	120845801	120846400	17_EnhW2	28142
chr7	120874714	120874715	rs71170234	chr7	120903001	120903600	17_EnhW2	28287
chr7	120874871	120874872	rs1534018	chr7	120903001	120903600	17_EnhW2	28130
chr7	120877000	120877001	rs1524506	chr7	120903001	120903600	17_EnhW2	26001
chr7	120877091	120877092	rs1524507	chr7	120903001	120903600	17_EnhW2	25910
chr7	120878360	120878361	rs11771945	chr7	120903001	120903600	17_EnhW2	24641
chr7	120878701	120878702	rs11765163	chr7	120903001	120903600	17_EnhW2	24300
chr7	120879317	120879318	rs1534019	chr7	120903001	120903600	17_EnhW2	23684
chr7	120880572	120880573	rs10480747	chr7	120903001	120903600	17_EnhW2	22429
chr7	120882688	120882689	rs6466773	chr7	120903001	120903600	17_EnhW2	20313
chr7	120882721	120882722	rs7808120	chr7	120903001	120903600	17_EnhW2	20280
chr7	120882823	120882824	rs4731000	chr7	120903001	120903600	17_EnhW2	20178
chr7	120882913	120882914	rs4731001	chr7	120903001	120903600	17_EnhW2	20088
chr7	120882914	120882915	rs3942607	chr7	120903001	120903600	17_EnhW2	20087
chr7	120883280	120883281	rs1534014	chr7	120903001	120903600	17_EnhW2	19721
chr7	120883601	120883602	rs10500083	chr7	120903001	120903600	17_EnhW2	19400
chr7	120883910	120883911	rs7805374	chr7	120903001	120903600	17_EnhW2	19091
chr7	120884452	120884453	rs2272196	chr7	120903001	120903600	17_EnhW2	18549
chr7	120885322	120885323	rs7795660	chr7	120903001	120903600	17_EnhW2	17679
chr7	120885422	120885423	rs7795692	chr7	120903001	120903600	17_EnhW2	17579
chr7	120885504	120885505	rs7778938	chr7	120903001	120903600	17_EnhW2	17497
chr7	120885990	120885991	rs73217365	chr7	120903001	120903600	17_EnhW2	17011
chr7	120886914	120886915	rs6466774	chr7	120903001	120903600	17_EnhW2	16087
chr7	120887543	120887544	rs12666947	chr7	120903001	120903600	17_EnhW2	15458
chr7	120887563	120887564	rs12671290	chr7	120903001	120903600	17_EnhW2	15438
chr7	120887794	120887795	rs11532789	chr7	120903001	120903600	17_EnhW2	15207
chr7	120888142	120888143	rs7806875	chr7	120903001	120903600	17_EnhW2	14859
chr7	120888270	120888271	rs57214444	chr7	120903001	120903600	17_EnhW2	14731
chr7	120888381	120888382	rs7810755	chr7	120903001	120903600	17_EnhW2	14620
chr7	120888475	120888476	rs7811248	chr7	120903001	120903600	17_EnhW2	14526
chr7	120888955	120888956	rs6979948	chr7	120903001	120903600	17_EnhW2	14046
chr7	120889271	120889272	rs6942652	chr7	120903001	120903600	17_EnhW2	13730
chr7	120889575	120889576	rs4731002	chr7	120903001	120903600	17_EnhW2	13426
chr7	120890071	120890072	rs4731003	chr7	120903001	120903600	17_EnhW2	12930
chr7	120890436	120890437	rs7804261	chr7	120903001	120903600	17_EnhW2	12565
chr7	120890748	120890749	rs7804720	chr7	120903001	120903600	17_EnhW2	12253
chr7	120890907	120890908	rs201218434	chr7	120903001	120903600	17_EnhW2	12094
chr7	120891168	120891169	rs6466775	chr7	120903001	120903600	17_EnhW2	11833
chr7	120891743	120891744	rs145545615	chr7	120903001	120903600	17_EnhW2	11258
chr7	120892454	120892455	rs200327151	chr7	120903001	120903600	17_EnhW2	10547
chr7	120892458	120892459	rs36149167	chr7	120903001	120903600	17_EnhW2	10543
chr7	120892987	120892988	rs77345085	chr7	120903001	120903600	17_EnhW2	10014
chr7	120893239	120893240	rs13247392	chr7	120903001	120903600	17_EnhW2	9762
chr7	120893323	120893324	rs13244291	chr7	120903001	120903600	17_EnhW2	9678
chr7	120893796	120893797	rs2402563	chr7	120903001	120903600	17_EnhW2	9205
chr7	120893857	120893858	rs4403351	chr7	120903001	120903600	17_EnhW2	9144
chr7	120894201	120894202	rs6960849	chr7	120903001	120903600	17_EnhW2	8800
chr7	120894373	120894374	rs6944914	chr7	120903001	120903600	17_EnhW2	8628
chr7	120894676	120894677	rs11509199	chr7	120903001	120903600	17_EnhW2	8325
chr7	120895006	120895007	rs12533196	chr7	120903001	120903600	17_EnhW2	7995
chr7	120895175	120895176	rs11763675	chr7	120903001	120903600	17_EnhW2	7826
chr7	120895260	120895261	rs10953933	chr7	120903001	120903600	17_EnhW2	7741
chr7	120895301	120895302	rs11770502	chr7	120903001	120903600	17_EnhW2	7700
chr7	120896960	120896961	rs2140648	chr7	120903001	120903600	17_EnhW2	6041
chr7	120897078	120897079	rs1106040	chr7	120903001	120903600	17_EnhW2	5923
chr7	120897253	120897254	rs1317515	chr7	120903001	120903600	17_EnhW2	5748
chr7	120897564	120897565	rs35206969	chr7	120903001	120903600	17_EnhW2	5437
chr7	120897649	120897650	rs12706333	chr7	120903001	120903600	17_EnhW2	5352
chr7	120898291	120898292	rs10266975	chr7	120903001	120903600	17_EnhW2	4710
chr7	120898503	120898504	rs10225165	chr7	120903001	120903600	17_EnhW2	4498
chr7	120898559	120898560	rs10225276	chr7	120903001	120903600	17_EnhW2	4442
chr7	120898660	120898661	rs6948725	chr7	120903001	120903600	17_EnhW2	4341
chr7	120899069	120899070	rs6967129	chr7	120903001	120903600	17_EnhW2	3932
chr7	120900003	120900004	rs12539571	chr7	120903001	120903600	17_EnhW2	2998
chr7	120900013	120900014	rs12706334	chr7	120903001	120903600	17_EnhW2	2988
chr7	120900692	120900693	rs149358467	chr7	120903001	120903600	17_EnhW2	2309
chr7	120900758	120900759	rs71170239	chr7	120903001	120903600	17_EnhW2	2243
chr7	120902675	120902676	rs4731006	chr7	120903001	120903600	17_EnhW2	326
chr7	120902739	120902740	rs6970383	chr7	120903001	120903600	17_EnhW2	262
chr7	120903814	120903815	rs4609139	chr7	120903001	120903600	17_EnhW2	215
chr7	120904134	120904135	rs6947934	chr7	120904401	120904800	17_EnhW2	267
chr7	120904658	120904659	rs4731007	chr7	120904401	120904800	17_EnhW2	0
chr7	120904726	120904727	rs4731008	chr7	120904401	120904800	17_EnhW2	0
chr7	120908081	120908082	rs2536150	chr7	120904401	120904800	17_EnhW2	3282
chr7	120908821	120908822	rs2536149	chr7	120904401	120904800	17_EnhW2	4022
chr7	120915986	120915987	rs2536148	chr7	120917801	120919200	17_EnhW2	1815
chr7	151397644	151397645	rs6947912	chr7	151393801	151394000	17_EnhW2	3645
chr7	151397835	151397836	rs147727120	chr7	151393801	151394000	17_EnhW2	3836
chr7	151397845	151397846	rs201150389	chr7	151393801	151394000	17_EnhW2	3846
chr7	151398132	151398133	rs6948449	chr7	151402201	151402600	17_EnhW2	4069
chr7	151399183	151399184	rs12531887	chr7	151402201	151402600	17_EnhW2	3018
chr7	151399592	151399593	rs73158176	chr7	151402201	151402600	17_EnhW2	2609
chr7	151402411	151402412	rs34135468	chr7	151402201	151402600	17_EnhW2	0
chr7	151402851	151402852	rs73158180	chr7	151402601	151403200	16_EnhW1	0
chr7	151402901	151402902	rs66497154	chr7	151402601	151403200	16_EnhW1	0
chr7	151403259	151403260	rs57807319	chr7	151402601	151403200	16_EnhW1	60
chr7	151403504	151403505	rs10263707	chr7	151402601	151403200	16_EnhW1	305
chr7	151403808	151403809	rs12534878	chr7	151402601	151403200	16_EnhW1	609
chr7	151405817	151405818	rs10480299	chr7	151402601	151403200	16_EnhW1	2618
chr7	151406004	151406005	rs10480300	chr7	151402601	151403200	16_EnhW1	2805
chr7	151406219	151406220	rs17173238	chr7	151402601	151403200	16_EnhW1	3020
chr7	151406448	151406449	rs55779150	chr7	151402601	151403200	16_EnhW1	3249
chr7	151406787	151406788	rs56012466	chr7	151402601	151403200	16_EnhW1	3588
chr7	151407428	151407429	rs55791829	chr7	151402601	151403200	16_EnhW1	4229
chr7	151407800	151407801	rs7805747	chr7	151402601	151403200	16_EnhW1	4601
chr7	151411493	151411494	rs73728279	chr7	151402601	151403200	16_EnhW1	8294
chr7	151413123	151413124	rs6464165	chr7	151402601	151403200	16_EnhW1	9924
chr7	151413193	151413194	rs10224210	chr7	151402601	151403200	16_EnhW1	9994
chr7	151414328	151414329	rs10265221	chr7	151424401	151425400	17_EnhW2	10073
chr7	151415040	151415041	rs10224002	chr7	151424401	151425400	17_EnhW2	9361
chr7	151415232	151415233	rs73158188	chr7	151424401	151425400	17_EnhW2	9169
chr7	151415255	151415256	rs10253736	chr7	151424401	151425400	17_EnhW2	9146
chr7	151415535	151415536	rs10254101	chr7	151424401	151425400	17_EnhW2	8866
chr8	8811563	8811564	rs13281377	chr8	8817801	8818800	17_EnhW2	6238
chr8	8824857	8824858	rs12542733	chr8	8817801	8818800	17_EnhW2	6058
chr8	8830719	8830720	rs7015336	chr8	8831001	8831400	17_EnhW2	282
chr8	8834527	8834528	rs10104303	chr8	8836401	8837200	17_EnhW2	1874
chr8	8836602	8836603	rs1025395	chr8	8836401	8837200	17_EnhW2	0
chr8	8850632	8850633	rs17701675	chr8	8836401	8837200	17_EnhW2	13433
chr8	8851880	8851881	rs2953802	chr8	8864401	8865000	17_EnhW2	12521
chr8	8853269	8853270	rs1964356	chr8	8864401	8865000	17_EnhW2	11132
chr8	8858716	8858717	rs2979265	chr8	8864401	8865000	17_EnhW2	5685
chr8	8860275	8860276	rs2288673	chr8	8864401	8865000	17_EnhW2	4126
chr8	8860893	8860894	rs2288671	chr8	8864401	8865000	17_EnhW2	3508
chr8	8862520	8862521	rs6987558	chr8	8864401	8865000	17_EnhW2	1881
chr8	8863058	8863059	rs6993244	chr8	8864401	8865000	17_EnhW2	1343
chr8	8867410	8867411	rs2915251	chr8	8864401	8865000	17_EnhW2	2411
chr8	8870427	8870428	rs4841083	chr8	8871001	8871200	17_EnhW2	574
chr8	8871709	8871710	rs2979256	chr8	8871201	8872000	15_EnhAF	0
chr8	8881212	8881213	rs3083378	chr8	8881601	8882000	17_EnhW2	389
chr8	8882570	8882571	rs2409120	chr8	8881601	8882000	17_EnhW2	571
chr8	8883904	8883905	rs4841084	chr8	8881601	8882000	17_EnhW2	1905
chr8	8884502	8884503	rs4840389	chr8	8881601	8882000	17_EnhW2	2503
chr8	8885165	8885166	rs2956244	chr8	8881601	8882000	17_EnhW2	3166
chr8	8885953	8885954	rs13271797	chr8	8881601	8882000	17_EnhW2	3954
chr8	8886182	8886183	rs13272451	chr8	8881601	8882000	17_EnhW2	4183
chr8	8886963	8886964	rs7005056	chr8	8891601	8891800	17_EnhW2	4638
chr8	8887541	8887542	rs140242735	chr8	8891601	8891800	17_EnhW2	4060
chr8	8888947	8888948	rs2979247	chr8	8891601	8891800	17_EnhW2	2654
chr8	8890040	8890041	rs1045527	chr8	8891601	8891800	17_EnhW2	1561
chr8	8890097	8890098	rs1045529	chr8	8891601	8891800	17_EnhW2	1504
chr8	8890801	8890802	rs6748	chr8	8891601	8891800	17_EnhW2	800
chr8	8890813	8890814	rs7853	chr8	8891601	8891800	17_EnhW2	788
chr8	8891372	8891373	rs34752410	chr8	8891601	8891800	17_EnhW2	229
chr8	8891375	8891376	rs34251783	chr8	8891601	8891800	17_EnhW2	226
chr8	8892220	8892221	rs2921383	chr8	8891601	8891800	17_EnhW2	421
chr8	8892596	8892597	rs11785634	chr8	8891601	8891800	17_EnhW2	797
chr8	8892603	8892604	rs34004903	chr8	8891601	8891800	17_EnhW2	804
chr8	8893580	8893581	rs6987107	chr8	8895001	8896800	17_EnhW2	1421
chr8	8894751	8894752	rs10217044	chr8	8895001	8896800	17_EnhW2	250
chr8	8895400	8895401	rs2921381	chr8	8895001	8896800	17_EnhW2	0
chr8	8895469	8895470	rs7016139	chr8	8895001	8896800	17_EnhW2	0
chr8	8899317	8899318	rs7462373	chr8	8899201	8899800	17_EnhW2	0
chr8	8901221	8901222	rs7005133	chr8	8899201	8899800	17_EnhW2	1422
chr8	8901920	8901921	rs3855900	chr8	8899201	8899800	17_EnhW2	2121
chr8	8902370	8902371	rs11787026	chr8	8904201	8904400	17_EnhW2	1831
chr8	8902423	8902424	rs1562211	chr8	8904201	8904400	17_EnhW2	1778
chr8	8902669	8902670	rs4537305	chr8	8904201	8904400	17_EnhW2	1532
chr8	8903133	8903134	rs11784393	chr8	8904201	8904400	17_EnhW2	1068
chr8	8904638	8904639	rs6983877	chr8	8904201	8904400	17_EnhW2	239
chr8	8904861	8904862	rs12114954	chr8	8904201	8904400	17_EnhW2	462
chr8	8905785	8905786	rs11433078	chr8	8907001	8907600	17_EnhW2	1216
chr8	8907054	8907055	rs35232157	chr8	8907001	8907600	17_EnhW2	0
chr8	8907949	8907950	rs2044387	chr8	8907001	8907600	17_EnhW2	350
chr8	8908230	8908231	rs6601279	chr8	8907001	8907600	17_EnhW2	631
chr8	8908234	8908235	rs6981060	chr8	8907001	8907600	17_EnhW2	635
chr8	8908595	8908596	rs17702602	chr8	8907001	8907600	17_EnhW2	996
chr8	8909235	8909236	rs6601280	chr8	8907001	8907600	17_EnhW2	1636
chr8	8911003	8911004	rs6601281	chr8	8907001	8907600	17_EnhW2	3404
chr8	8911307	8911308	rs3989373	chr8	8914801	8915000	17_EnhW2	3494
chr8	8914033	8914034	rs35002784	chr8	8914801	8915000	17_EnhW2	768
chr8	8914123	8914124	rs2953806	chr8	8914801	8915000	17_EnhW2	678
chr8	8914157	8914158	rs34646090	chr8	8914801	8915000	17_EnhW2	644
chr8	8914756	8914757	rs2953805	chr8	8914801	8915000	17_EnhW2	45
chr8	8914811	8914812	rs2921378	chr8	8914801	8915000	17_EnhW2	0
chr8	8915212	8915213	rs35945547	chr8	8915001	8915400	15_EnhAF	0
chr8	8916345	8916346	rs2921377	chr8	8916201	8916400	17_EnhW2	0
chr8	8919135	8919136	rs3021416	chr8	8918601	8918800	17_EnhW2	336
chr8	8919675	8919676	rs2979253	chr8	8918601	8918800	17_EnhW2	876
chr8	8920268	8920269	rs4841093	chr8	8918601	8918800	17_EnhW2	1469
chr8	8922463	8922464	rs7387360	chr8	8918601	8918800	17_EnhW2	3664
chr8	8925353	8925354	rs11430383	chr8	8918601	8918800	17_EnhW2	6554
chr8	8928797	8928798	rs6601282	chr8	8932401	8932600	17_EnhW2	3604
chr8	8929129	8929130	rs7846644	chr8	8932401	8932600	17_EnhW2	3272
chr8	8929132	8929133	rs7829113	chr8	8932401	8932600	17_EnhW2	3269
chr8	9030386	9030387	rs453301	chr8	9030001	9030600	17_EnhW2	0
chr8	9033092	9033093	rs393155	chr8	9034601	9035000	17_EnhW2	1509
chr8	9406836	9406837	rs12156017	chr8	9402201	9404200	17_EnhW2	2637
chr8	9408977	9408978	rs4840426	chr8	9412201	9412600	16_EnhW1	3224
chr8	9411985	9411986	rs10109026	chr8	9412201	9412600	16_EnhW1	216
chr8	9420565	9420566	rs12545250	chr8	9412201	9412600	16_EnhW1	7966
chr8	9420960	9420961	rs7004937	chr8	9412201	9412600	16_EnhW1	8361
chr8	9422005	9422006	rs6990418	chr8	9412201	9412600	16_EnhW1	9406
chr8	9426324	9426325	rs10092751	chr8	9412201	9412600	16_EnhW1	13725
chr8	9433498	9433499	rs4128198	chr8	9442801	9443400	17_EnhW2	9303
chr8	9438927	9438928	rs6601338	chr8	9442801	9443400	17_EnhW2	3874
chr8	9452087	9452088	rs4610751	chr8	9442801	9443400	17_EnhW2	8688
chr8	9455044	9455045	rs7835002	chr8	9442801	9443400	17_EnhW2	11645
chr8	9461314	9461315	rs6601340	chr8	9442801	9443400	17_EnhW2	17915
chr8	9473428	9473429	rs33994795	chr8	9442801	9443400	17_EnhW2	30029
chr8	9479160	9479161	rs12682175	chr8	9442801	9443400	17_EnhW2	35761
chr8	9481686	9481687	rs12677507	chr8	9442801	9443400	17_EnhW2	38287
chr8	9487812	9487813	rs4075359	chr8	9522801	9523400	17_EnhW2	34989
chr8	9493128	9493129	rs7846399	chr8	9522801	9523400	17_EnhW2	29673
chr8	9493926	9493927	rs12547642	chr8	9522801	9523400	17_EnhW2	28875
chr8	9506809	9506810	rs11785458	chr8	9522801	9523400	17_EnhW2	15992
chr8	9510829	9510830	rs11249934	chr8	9522801	9523400	17_EnhW2	11972
chr8	9511653	9511654	rs1394	chr8	9522801	9523400	17_EnhW2	11148
chr8	9518423	9518424	rs4554469	chr8	9522801	9523400	17_EnhW2	4378
chr8	9522010	9522011	rs4422774	chr8	9522801	9523400	17_EnhW2	791
chr8	9556499	9556500	rs11249939	chr8	9536801	9537400	17_EnhW2	19100
chr8	9558445	9558446	rs66830437	chr8	9536801	9537400	17_EnhW2	21046
chr8	9558446	9558447	rs35233861	chr8	9536801	9537400	17_EnhW2	21047
chr8	9558447	9558448	rs59238467	chr8	9536801	9537400	17_EnhW2	21048
chr8	9559837	9559838	rs7013239	chr8	9536801	9537400	17_EnhW2	22438
chr8	9560168	9560169	rs9644704	chr8	9536801	9537400	17_EnhW2	22769
chr8	9564436	9564437	rs7006985	chr8	9536801	9537400	17_EnhW2	27037
chr8	9564599	9564600	rs12542457	chr8	9536801	9537400	17_EnhW2	27200
chr8	9565158	9565159	rs6601347	chr8	9536801	9537400	17_EnhW2	27759
chr8	9565391	9565392	rs35874762	chr8	9536801	9537400	17_EnhW2	27992
chr8	9566498	9566499	rs11290833	chr8	9536801	9537400	17_EnhW2	29099
chr8	9568002	9568003	rs10099122	chr8	9536801	9537400	17_EnhW2	30603
chr8	9571018	9571019	rs4841201	chr8	9536801	9537400	17_EnhW2	33619
chr8	9571363	9571364	rs7462070	chr8	9536801	9537400	17_EnhW2	33964
chr8	9571444	9571445	rs7459728	chr8	9536801	9537400	17_EnhW2	34045
chr8	9571620	9571621	rs7461939	chr8	9536801	9537400	17_EnhW2	34221
chr8	9571839	9571840	rs34419756	chr8	9536801	9537400	17_EnhW2	34440
chr8	9572259	9572260	rs6601349	chr8	9536801	9537400	17_EnhW2	34860
chr8	9572678	9572679	rs12155819	chr8	9536801	9537400	17_EnhW2	35279
chr8	9572871	9572872	rs56293196	chr8	9536801	9537400	17_EnhW2	35472
chr8	9572874	9572875	rs28371382	chr8	9536801	9537400	17_EnhW2	35475
chr8	9572876	9572877	rs67642665	chr8	9536801	9537400	17_EnhW2	35477
chr8	9573153	9573154	rs12114661	chr8	9536801	9537400	17_EnhW2	35754
chr8	9573283	9573284	rs4129360	chr8	9536801	9537400	17_EnhW2	35884
chr8	9573955	9573956	rs6601350	chr8	9536801	9537400	17_EnhW2	36556
chr8	9575128	9575129	rs35316422	chr8	9536801	9537400	17_EnhW2	37729
chr8	9575318	9575319	rs13272424	chr8	9536801	9537400	17_EnhW2	37919
chr8	9575330	9575331	rs13264850	chr8	9536801	9537400	17_EnhW2	37931
chr8	9578254	9578255	rs6994574	chr8	9536801	9537400	17_EnhW2	40855
chr8	9578981	9578982	rs13276086	chr8	9536801	9537400	17_EnhW2	41582
chr8	9579248	9579249	rs13268319	chr8	9536801	9537400	17_EnhW2	41849
chr8	9580000	9580001	rs4612345	chr8	9536801	9537400	17_EnhW2	42601
chr8	9581069	9581070	rs6982148	chr8	9536801	9537400	17_EnhW2	43670
chr8	9582729	9582730	rs4841203	chr8	9536801	9537400	17_EnhW2	45330
chr8	9583406	9583407	rs4841204	chr8	9536801	9537400	17_EnhW2	46007
chr8	9584848	9584849	rs12679956	chr8	9536801	9537400	17_EnhW2	47449
chr8	9585195	9585196	rs12542912	chr8	9536801	9537400	17_EnhW2	47796
chr8	9586703	9586704	rs6992666	chr8	9536801	9537400	17_EnhW2	49304
chr8	9587274	9587275	rs7014663	chr8	9536801	9537400	17_EnhW2	49875
chr8	9587573	9587574	rs11778555	chr8	9536801	9537400	17_EnhW2	50174
chr8	9587673	9587674	rs11785923	chr8	9536801	9537400	17_EnhW2	50274
chr8	9587890	9587891	rs11782886	chr8	9536801	9537400	17_EnhW2	50491
chr8	9589166	9589167	rs11780399	chr8	9638801	9639000	17_EnhW2	49635
chr8	9590115	9590116	rs9644707	chr8	9638801	9639000	17_EnhW2	48686
chr8	9591397	9591398	rs4841207	chr8	9638801	9639000	17_EnhW2	47404
chr8	9606263	9606264	rs4840437	chr8	9638801	9639000	17_EnhW2	32538
chr8	9607234	9607235	rs7001832	chr8	9638801	9639000	17_EnhW2	31567
chr8	9608590	9608591	rs12541709	chr8	9638801	9639000	17_EnhW2	30211
chr8	9610537	9610538	rs6989782	chr8	9638801	9639000	17_EnhW2	28264
chr8	9610670	9610671	rs7009721	chr8	9638801	9639000	17_EnhW2	28131
chr8	9611000	9611001	rs7014007	chr8	9638801	9639000	17_EnhW2	27801
chr8	9611469	9611470	rs10102170	chr8	9638801	9639000	17_EnhW2	27332
chr8	9612008	9612009	rs10094989	chr8	9638801	9639000	17_EnhW2	26793
chr8	9612412	9612413	rs10106040	chr8	9638801	9639000	17_EnhW2	26389
chr8	9612881	9612882	rs28693548	chr8	9638801	9639000	17_EnhW2	25920
chr8	9613511	9613512	rs7006003	chr8	9638801	9639000	17_EnhW2	25290
chr8	9613553	9613554	rs7004915	chr8	9638801	9639000	17_EnhW2	25248
chr8	9614485	9614486	rs7827369	chr8	9638801	9639000	17_EnhW2	24316
chr8	9614992	9614993	rs10096462	chr8	9638801	9639000	17_EnhW2	23809
chr8	9615469	9615470	rs10111376	chr8	9638801	9639000	17_EnhW2	23332
chr8	9616250	9616251	rs10087073	chr8	9638801	9639000	17_EnhW2	22551
chr8	9616552	9616553	rs10101132	chr8	9638801	9639000	17_EnhW2	22249
chr8	9616663	9616664	rs10104032	chr8	9638801	9639000	17_EnhW2	22138
chr8	9617683	9617684	rs7842207	chr8	9638801	9639000	17_EnhW2	21118
chr8	9617965	9617966	rs7842564	chr8	9638801	9639000	17_EnhW2	20836
chr8	9618019	9618020	rs7845986	chr8	9638801	9639000	17_EnhW2	20782
chr8	9619347	9619348	rs4383974	chr8	9638801	9639000	17_EnhW2	19454
chr8	9620358	9620359	rs9657509	chr8	9638801	9639000	17_EnhW2	18443
chr8	9620413	9620414	rs148458789	chr8	9638801	9639000	17_EnhW2	18388
chr8	9620572	9620573	rs141773935	chr8	9638801	9639000	17_EnhW2	18229
chr8	9621745	9621746	rs10095004	chr8	9638801	9639000	17_EnhW2	17056
chr8	9628752	9628753	rs11249945	chr8	9638801	9639000	17_EnhW2	10049
chr8	9644658	9644659	rs2048656	chr8	9638801	9639000	17_EnhW2	5659
chr8	9644975	9644976	rs2175846	chr8	9638801	9639000	17_EnhW2	5976
chr8	9645561	9645562	rs2048655	chr8	9638801	9639000	17_EnhW2	6562
chr8	9646100	9646101	rs199801926	chr8	9638801	9639000	17_EnhW2	7101
chr8	9646118	9646119	rs13278824	chr8	9638801	9639000	17_EnhW2	7119
chr8	9646505	9646506	rs7837008	chr8	9638801	9639000	17_EnhW2	7506
chr8	9646559	9646560	rs7814507	chr8	9638801	9639000	17_EnhW2	7560
chr8	9646584	9646585	rs34925256	chr8	9638801	9639000	17_EnhW2	7585
chr8	9646619	9646620	rs7814635	chr8	9638801	9639000	17_EnhW2	7620
chr8	9646908	9646909	rs6601363	chr8	9638801	9639000	17_EnhW2	7909
chr8	9647195	9647196	rs2014514	chr8	9638801	9639000	17_EnhW2	8196
chr8	9647747	9647748	rs7820675	chr8	9638801	9639000	17_EnhW2	8748
chr8	9647795	9647796	rs7838571	chr8	9638801	9639000	17_EnhW2	8796
chr8	9647867	9647868	rs7820917	chr8	9638801	9639000	17_EnhW2	8868
chr8	9648316	9648317	rs7823885	chr8	9638801	9639000	17_EnhW2	9317
chr8	9648532	9648533	rs7824185	chr8	9638801	9639000	17_EnhW2	9533
chr8	9648536	9648537	rs62489389	chr8	9638801	9639000	17_EnhW2	9537
chr8	9648540	9648541	rs7825286	chr8	9638801	9639000	17_EnhW2	9541
chr8	9648685	9648686	rs11249948	chr8	9638801	9639000	17_EnhW2	9686
chr8	9648686	9648687	rs11989726	chr8	9638801	9639000	17_EnhW2	9687
chr8	9649145	9649146	rs13273565	chr8	9638801	9639000	17_EnhW2	10146
chr8	9649164	9649165	rs12678014	chr8	9638801	9639000	17_EnhW2	10165
chr8	9649690	9649691	rs7829463	chr8	9638801	9639000	17_EnhW2	10691
chr8	9649768	9649769	rs7830613	chr8	9638801	9639000	17_EnhW2	10769
chr8	9649848	9649849	rs7829637	chr8	9638801	9639000	17_EnhW2	10849
chr8	9650400	9650401	rs13249234	chr8	9638801	9639000	17_EnhW2	11401
chr8	9651095	9651096	rs34592740	chr8	9638801	9639000	17_EnhW2	12096
chr8	9651161	9651162	rs6980595	chr8	9638801	9639000	17_EnhW2	12162
chr8	9651272	9651273	rs13248108	chr8	9638801	9639000	17_EnhW2	12273
chr8	9651810	9651811	rs4840438	chr8	9638801	9639000	17_EnhW2	12811
chr8	9651999	9652000	rs13259344	chr8	9638801	9639000	17_EnhW2	13000
chr8	9652210	9652211	rs10103925	chr8	9638801	9639000	17_EnhW2	13211
chr8	9652257	9652258	rs7836375	chr8	9638801	9639000	17_EnhW2	13258
chr8	9653054	9653055	rs7844461	chr8	9638801	9639000	17_EnhW2	14055
chr8	9653144	9653145	rs9286060	chr8	9638801	9639000	17_EnhW2	14145
chr8	9653286	9653287	rs10107992	chr8	9638801	9639000	17_EnhW2	14287
chr8	9653501	9653502	rs13271796	chr8	9638801	9639000	17_EnhW2	14502
chr8	9653696	9653697	rs35300296	chr8	9638801	9639000	17_EnhW2	14697
chr8	9653794	9653795	rs71537888	chr8	9638801	9639000	17_EnhW2	14795
chr8	9653901	9653902	rs4841218	chr8	9638801	9639000	17_EnhW2	14902
chr8	9654184	9654185	rs4841219	chr8	9638801	9639000	17_EnhW2	15185
chr8	9654756	9654757	rs7828039	chr8	9638801	9639000	17_EnhW2	15757
chr8	9655217	9655218	rs10112972	chr8	9638801	9639000	17_EnhW2	16218
chr8	9655357	9655358	rs10113155	chr8	9638801	9639000	17_EnhW2	16358
chr8	9655425	9655426	rs10113186	chr8	9638801	9639000	17_EnhW2	16426
chr8	9655611	9655612	rs11249949	chr8	9638801	9639000	17_EnhW2	16612
chr8	9655822	9655823	rs12543346	chr8	9638801	9639000	17_EnhW2	16823
chr8	9655914	9655915	rs12543369	chr8	9638801	9639000	17_EnhW2	16915
chr8	9655915	9655916	rs12546411	chr8	9638801	9639000	17_EnhW2	16916
chr8	9656058	9656059	rs4841220	chr8	9638801	9639000	17_EnhW2	17059
chr8	9656301	9656302	rs4841222	chr8	9638801	9639000	17_EnhW2	17302
chr8	9658193	9658194	rs11249956	chr8	9638801	9639000	17_EnhW2	19194
chr8	9659345	9659346	rs9987266	chr8	9638801	9639000	17_EnhW2	20346
chr8	9659934	9659935	rs13259398	chr8	9638801	9639000	17_EnhW2	20935
chr8	9660197	9660198	rs34062996	chr8	9638801	9639000	17_EnhW2	21198
chr8	9660534	9660535	rs35253821	chr8	9638801	9639000	17_EnhW2	21535
chr8	9660620	9660621	rs35431433	chr8	9638801	9639000	17_EnhW2	21621
chr8	9661201	9661202	rs56225255	chr8	9638801	9639000	17_EnhW2	22202
chr8	9661266	9661267	rs34746821	chr8	9638801	9639000	17_EnhW2	22267
chr8	9663452	9663453	rs28828176	chr8	9638801	9639000	17_EnhW2	24453
chr8	9663629	9663630	rs34782826	chr8	9638801	9639000	17_EnhW2	24630
chr8	9663750	9663751	rs35607831	chr8	9638801	9639000	17_EnhW2	24751
chr8	9665073	9665074	rs13249447	chr8	9638801	9639000	17_EnhW2	26074
chr8	9665954	9665955	rs7821575	chr8	9638801	9639000	17_EnhW2	26955
chr8	9667202	9667203	rs7001484	chr8	9638801	9639000	17_EnhW2	28203
chr8	9667226	9667227	rs35293371	chr8	9638801	9639000	17_EnhW2	28227
chr8	9667913	9667914	rs13275545	chr8	9696001	9696800	17_EnhW2	28088
chr8	9669163	9669164	rs4841225	chr8	9696001	9696800	17_EnhW2	26838
chr8	9669334	9669335	rs28634186	chr8	9696001	9696800	17_EnhW2	26667
chr8	9669774	9669775	rs10104807	chr8	9696001	9696800	17_EnhW2	26227
chr8	9669884	9669885	rs10095171	chr8	9696001	9696800	17_EnhW2	26117
chr8	9670705	9670706	rs6988716	chr8	9696001	9696800	17_EnhW2	25296
chr8	9671622	9671623	rs28628454	chr8	9696001	9696800	17_EnhW2	24379
chr8	9671884	9671885	rs7825012	chr8	9696001	9696800	17_EnhW2	24117
chr8	9673151	9673152	rs10107396	chr8	9696001	9696800	17_EnhW2	22850
chr8	9673922	9673923	rs142669961	chr8	9696001	9696800	17_EnhW2	22079
chr8	9674180	9674181	rs10093915	chr8	9696001	9696800	17_EnhW2	21821
chr8	9675452	9675453	rs62489429	chr8	9696001	9696800	17_EnhW2	20549
chr8	9676093	9676094	rs7813718	chr8	9696001	9696800	17_EnhW2	19908
chr8	9676463	9676464	rs138391493	chr8	9696001	9696800	17_EnhW2	19538
chr8	9676535	9676536	rs7386132	chr8	9696001	9696800	17_EnhW2	19466
chr8	9676574	9676575	rs7387886	chr8	9696001	9696800	17_EnhW2	19427
chr8	9676692	9676693	rs141414487	chr8	9696001	9696800	17_EnhW2	19309
chr8	9677215	9677216	rs151051146	chr8	9696001	9696800	17_EnhW2	18786
chr8	9677250	9677251	rs146759195	chr8	9696001	9696800	17_EnhW2	18751
chr8	9677291	9677292	rs139551861	chr8	9696001	9696800	17_EnhW2	18710
chr8	9677797	9677798	rs4840441	chr8	9696001	9696800	17_EnhW2	18204
chr8	9678028	9678029	rs4841229	chr8	9696001	9696800	17_EnhW2	17973
chr8	9678717	9678718	rs77213765	chr8	9696001	9696800	17_EnhW2	17284
chr8	9678924	9678925	rs4840442	chr8	9696001	9696800	17_EnhW2	17077
chr8	9678947	9678948	rs4841230	chr8	9696001	9696800	17_EnhW2	17054
chr8	9679633	9679634	rs1976671	chr8	9696001	9696800	17_EnhW2	16368
chr8	9679691	9679692	rs1976672	chr8	9696001	9696800	17_EnhW2	16310
chr8	9679741	9679742	rs7000322	chr8	9696001	9696800	17_EnhW2	16260
chr8	9679779	9679780	rs1976673	chr8	9696001	9696800	17_EnhW2	16222
chr8	9680222	9680223	rs17734290	chr8	9696001	9696800	17_EnhW2	15779
chr8	9680399	9680400	rs55868514	chr8	9696001	9696800	17_EnhW2	15602
chr8	9680977	9680978	rs2090061	chr8	9696001	9696800	17_EnhW2	15024
chr8	9681835	9681836	rs925610	chr8	9696001	9696800	17_EnhW2	14166
chr8	9682552	9682553	rs7817784	chr8	9696001	9696800	17_EnhW2	13449
chr8	9682980	9682981	rs10107542	chr8	9696001	9696800	17_EnhW2	13021
chr8	9683357	9683358	rs4841235	chr8	9696001	9696800	17_EnhW2	12644
chr8	9684013	9684014	rs13279794	chr8	9696001	9696800	17_EnhW2	11988
chr8	9684924	9684925	rs10095236	chr8	9696001	9696800	17_EnhW2	11077
chr8	10297048	10297049	rs4840484	chr8	10283801	10284000	17_EnhW2	13049
chr8	10321880	10321881	rs6601465	chr8	10351601	10351800	17_EnhW2	29721
chr8	10331208	10331209	rs6992818	chr8	10351601	10351800	17_EnhW2	20393
chr8	10742058	10742059	rs7843666	chr8	10707801	10708200	16_EnhW1	33859
chr8	10743420	10743421	rs17778581	chr8	10707801	10708200	16_EnhW1	35221
chr8	10745468	10745469	rs10090444	chr8	10707801	10708200	16_EnhW1	37269
chr8	10746962	10746963	rs35739911	chr8	10707801	10708200	16_EnhW1	38763
chr8	10754274	10754275	rs61470890	chr8	10786201	10786600	16_EnhW1	31927
chr8	10758212	10758213	rs10107145	chr8	10786201	10786600	16_EnhW1	27989
chr8	10758495	10758496	rs12542037	chr8	10786201	10786600	16_EnhW1	27706
chr8	10761584	10761585	rs6985109	chr8	10786201	10786600	16_EnhW1	24617
chr8	10763654	10763655	rs4326350	chr8	10786201	10786600	16_EnhW1	22547
chr8	10765634	10765635	rs4840525	chr8	10786201	10786600	16_EnhW1	20567
chr8	10766027	10766028	rs6997839	chr8	10786201	10786600	16_EnhW1	20174
chr8	10766081	10766082	rs6997997	chr8	10786201	10786600	16_EnhW1	20120
chr8	10767747	10767748	rs4240671	chr8	10786201	10786600	16_EnhW1	18454
chr8	10767916	10767917	rs4240672	chr8	10786201	10786600	16_EnhW1	18285
chr8	10768999	10769000	rs6989105	chr8	10786201	10786600	16_EnhW1	17202
chr8	10769438	10769439	rs7821826	chr8	10786201	10786600	16_EnhW1	16763
chr8	10769782	10769783	rs11250086	chr8	10786201	10786600	16_EnhW1	16419
chr8	10770159	10770160	rs36206870	chr8	10786201	10786600	16_EnhW1	16042
chr8	10770254	10770255	rs116793410	chr8	10786201	10786600	16_EnhW1	15947
chr8	10770310	10770311	rs7834248	chr8	10786201	10786600	16_EnhW1	15891
chr8	10770781	10770782	rs13270870	chr8	10786201	10786600	16_EnhW1	15420
chr8	10771637	10771638	rs4554431	chr8	10786201	10786600	16_EnhW1	14564
chr8	10772254	10772255	rs113442811	chr8	10786201	10786600	16_EnhW1	13947
chr8	10772643	10772644	rs4073948	chr8	10786201	10786600	16_EnhW1	13558
chr8	10773016	10773017	rs5889350	chr8	10786201	10786600	16_EnhW1	13185
chr8	10773510	10773511	rs4841457	chr8	10786201	10786600	16_EnhW1	12691
chr8	10776859	10776860	rs34741518	chr8	10786201	10786600	16_EnhW1	9342
chr8	10778545	10778546	rs7823296	chr8	10786201	10786600	16_EnhW1	7656
chr8	10779471	10779472	rs7016385	chr8	10786201	10786600	16_EnhW1	6730
chr8	10782441	10782442	rs4841459	chr8	10786201	10786600	16_EnhW1	3760
chr8	10783073	10783074	rs7837038	chr8	10786201	10786600	16_EnhW1	3128
chr8	10786542	10786543	rs11250092	chr8	10786201	10786600	16_EnhW1	0
chr8	10787611	10787612	rs4240673	chr8	10786201	10786600	16_EnhW1	1012
chr8	10788874	10788875	rs11783247	chr8	10786201	10786600	16_EnhW1	2275
chr8	10789344	10789345	rs66724331	chr8	10786201	10786600	16_EnhW1	2745
chr8	10789492	10789493	rs4841460	chr8	10786201	10786600	16_EnhW1	2893
chr8	10789934	10789935	rs71203361	chr8	10786201	10786600	16_EnhW1	3335
chr8	10789981	10789982	rs7461177	chr8	10786201	10786600	16_EnhW1	3382
chr8	10790018	10790019	rs7461180	chr8	10786201	10786600	16_EnhW1	3419
chr8	10790201	10790202	rs7461065	chr8	10786201	10786600	16_EnhW1	3602
chr8	10790203	10790204	rs7461237	chr8	10786201	10786600	16_EnhW1	3604
chr8	10790524	10790525	rs6992033	chr8	10786201	10786600	16_EnhW1	3925
chr8	10790830	10790831	rs6992544	chr8	10786201	10786600	16_EnhW1	4231
chr8	10790884	10790885	rs6992699	chr8	10786201	10786600	16_EnhW1	4285
chr8	10795612	10795613	rs7000772	chr8	10786201	10786600	16_EnhW1	9013
chr8	10796092	10796093	rs6984496	chr8	10786201	10786600	16_EnhW1	9493
chr8	10796471	10796472	rs7005884	chr8	10786201	10786600	16_EnhW1	9872
chr8	10798827	10798828	rs11250093	chr8	10786201	10786600	16_EnhW1	12228
chr8	10801136	10801137	rs7833435	chr8	10786201	10786600	16_EnhW1	14537
chr8	10801856	10801857	rs11777007	chr8	10786201	10786600	16_EnhW1	15257
chr8	10802000	10802001	rs11250094	chr8	10786201	10786600	16_EnhW1	15401
chr8	10802054	10802055	rs11783749	chr8	10786201	10786600	16_EnhW1	15455
chr8	10802145	10802146	rs12546366	chr8	10786201	10786600	16_EnhW1	15546
chr8	10803464	10803465	rs12679529	chr8	10818201	10818600	17_EnhW2	14737
chr8	10805014	10805015	rs7821914	chr8	10818201	10818600	17_EnhW2	13187
chr8	10809489	10809490	rs34031674	chr8	10818201	10818600	17_EnhW2	8712
chr8	10809725	10809726	rs7821006	chr8	10818201	10818600	17_EnhW2	8476
chr8	10810248	10810249	rs60724652	chr8	10818201	10818600	17_EnhW2	7953
chr8	10810249	10810250	rs60240827	chr8	10818201	10818600	17_EnhW2	7952
chr8	10810446	10810447	rs7004551	chr8	10818201	10818600	17_EnhW2	7755
chr8	10810450	10810451	rs10096511	chr8	10818201	10818600	17_EnhW2	7751
chr8	10811828	10811829	rs11250097	chr8	10818201	10818600	17_EnhW2	6373
chr8	10812332	10812333	rs34180049	chr8	10818201	10818600	17_EnhW2	5869
chr8	10813196	10813197	rs35910832	chr8	10818201	10818600	17_EnhW2	5005
chr8	10813903	10813904	rs10096381	chr8	10818201	10818600	17_EnhW2	4298
chr8	10815753	10815754	rs10111950	chr8	10818201	10818600	17_EnhW2	2448
chr8	10816771	10816772	rs4314618	chr8	10818201	10818600	17_EnhW2	1430
chr8	10817196	10817197	rs10088408	chr8	10818201	10818600	17_EnhW2	1005
chr8	10818606	10818607	rs11250098	chr8	10818201	10818600	17_EnhW2	7
chr8	10818656	10818657	rs11250099	chr8	10818201	10818600	17_EnhW2	57
chr8	10819853	10819854	rs4841465	chr8	10818201	10818600	17_EnhW2	1254
chr8	10821055	10821056	rs35470964	chr8	10822201	10822400	17_EnhW2	1146
chr8	10822430	10822431	rs35792458	chr8	10822201	10822400	17_EnhW2	31
chr8	10828908	10828909	rs4841466	chr8	10822201	10822400	17_EnhW2	6509
chr8	10831867	10831868	rs10096421	chr8	10822201	10822400	17_EnhW2	9468
chr8	10835479	10835480	rs4451266	chr8	10822201	10822400	17_EnhW2	13080
chr8	10835916	10835917	rs4451267	chr8	10822201	10822400	17_EnhW2	13517
chr8	10836023	10836024	rs6601544	chr8	10822201	10822400	17_EnhW2	13624
chr8	10836068	10836069	rs7010719	chr8	10822201	10822400	17_EnhW2	13669
chr8	10836358	10836359	rs7011106	chr8	10822201	10822400	17_EnhW2	13959
chr8	10836435	10836436	rs6996943	chr8	10822201	10822400	17_EnhW2	14036
chr8	10836462	10836463	rs7011268	chr8	10822201	10822400	17_EnhW2	14063
chr8	10836507	10836508	rs7010262	chr8	10822201	10822400	17_EnhW2	14108
chr8	10837018	10837019	rs7014861	chr8	10822201	10822400	17_EnhW2	14619
chr8	10837189	10837190	rs34738102	chr8	10822201	10822400	17_EnhW2	14790
chr8	10837413	10837414	rs10092831	chr8	10822201	10822400	17_EnhW2	15014
chr8	10837419	10837420	rs10092835	chr8	10822201	10822400	17_EnhW2	15020
chr8	10837567	10837568	rs11250101	chr8	10822201	10822400	17_EnhW2	15168
chr8	10837568	10837569	rs11250102	chr8	10822201	10822400	17_EnhW2	15169
chr8	10839802	10839803	rs10089518	chr8	10855001	10855200	17_EnhW2	15199
chr8	10841857	10841858	rs11783418	chr8	10855001	10855200	17_EnhW2	13144
chr8	10842658	10842659	rs9969436	chr8	10855001	10855200	17_EnhW2	12343
chr8	10903474	10903475	rs2001433	chr8	10905201	10907600	17_EnhW2	1727
chr8	10909192	10909193	rs2409685	chr8	10909801	10911600	17_EnhW2	609
chr8	10909935	10909936	rs4841485	chr8	10909801	10911600	17_EnhW2	0
chr8	10910065	10910066	rs6987767	chr8	10909801	10911600	17_EnhW2	0
chr8	10910342	10910343	rs7462931	chr8	10909801	10911600	17_EnhW2	0
chr8	10926891	10926892	rs10113808	chr8	10925001	10925800	17_EnhW2	1092
chr8	10927233	10927234	rs33960758	chr8	10925001	10925800	17_EnhW2	1434
chr8	10930068	10930069	rs17723229	chr8	10929201	10930200	17_EnhW2	0
chr8	10932202	10932203	rs10105315	chr8	10929201	10930200	17_EnhW2	2003
chr8	10932694	10932695	rs2898256	chr8	10929201	10930200	17_EnhW2	2495
chr8	10932867	10932868	rs2409689	chr8	10929201	10930200	17_EnhW2	2668
chr8	10933698	10933699	rs7017567	chr8	10929201	10930200	17_EnhW2	3499
chr8	10935081	10935082	rs11773990	chr8	10929201	10930200	17_EnhW2	4882
chr8	10935365	10935366	rs4545055	chr8	10929201	10930200	17_EnhW2	5166
chr8	10935367	10935368	rs2898257	chr8	10929201	10930200	17_EnhW2	5168
chr8	10935897	10935898	rs34094119	chr8	10940601	10941400	17_EnhW2	4704
chr8	10936810	10936811	rs4841489	chr8	10940601	10941400	17_EnhW2	3791
chr8	10936890	10936891	rs4841490	chr8	10940601	10941400	17_EnhW2	3711
chr8	10938259	10938260	rs6980856	chr8	10940601	10941400	17_EnhW2	2342
chr8	10943275	10943276	rs2409691	chr8	10940601	10941400	17_EnhW2	1876
chr8	10944808	10944809	rs4840542	chr8	10940601	10941400	17_EnhW2	3409
chr8	10945438	10945439	rs9657519	chr8	10940601	10941400	17_EnhW2	4039
chr8	10945766	10945767	rs34111211	chr8	10949801	10950200	17_EnhW2	4035
chr8	10948421	10948422	rs34478855	chr8	10949801	10950200	17_EnhW2	1380
chr8	10950395	10950396	rs7820860	chr8	10949801	10950200	17_EnhW2	196
chr8	10950756	10950757	rs6601559	chr8	10949801	10950200	17_EnhW2	557
chr8	10950865	10950866	rs6601560	chr8	10949801	10950200	17_EnhW2	666
chr8	10951174	10951175	rs34623605	chr8	10949801	10950200	17_EnhW2	975
chr8	10953091	10953092	rs10108618	chr8	10949801	10950200	17_EnhW2	2892
chr8	10953873	10953874	rs7835318	chr8	10949801	10950200	17_EnhW2	3674
chr8	10955224	10955225	rs7844895	chr8	10949801	10950200	17_EnhW2	5025
chr8	10957242	10957243	rs2409698	chr8	10949801	10950200	17_EnhW2	7043
chr8	10957722	10957723	rs2409701	chr8	10949801	10950200	17_EnhW2	7523
chr8	10958823	10958824	rs4841495	chr8	10949801	10950200	17_EnhW2	8624
chr8	10960571	10960572	rs4840544	chr8	10949801	10950200	17_EnhW2	10372
chr8	10961432	10961433	rs6601561	chr8	10971201	10971600	17_EnhW2	9769
chr8	10962098	10962099	rs34069332	chr8	10971201	10971600	17_EnhW2	9103
chr8	10962799	10962800	rs1057626	chr8	10971201	10971600	17_EnhW2	8402
chr8	10962928	10962929	rs6601562	chr8	10971201	10971600	17_EnhW2	8273
chr8	10963287	10963288	rs6991930	chr8	10971201	10971600	17_EnhW2	7914
chr8	10970772	10970773	rs4523214	chr8	10971201	10971600	17_EnhW2	429
chr8	10972282	10972283	rs4840546	chr8	10971201	10971600	17_EnhW2	683
chr8	10975681	10975682	rs17724467	chr8	10971201	10971600	17_EnhW2	4082
chr8	10976493	10976494	rs6996846	chr8	10971201	10971600	17_EnhW2	4894
chr8	10976568	10976569	rs7016598	chr8	10971201	10971600	17_EnhW2	4969
chr8	10976570	10976571	rs6995805	chr8	10971201	10971600	17_EnhW2	4971
chr8	10978064	10978065	rs7005680	chr8	10971201	10971600	17_EnhW2	6465
chr8	10979560	10979561	rs4333549	chr8	10971201	10971600	17_EnhW2	7961
chr8	10979820	10979821	rs2409710	chr8	10971201	10971600	17_EnhW2	8221
chr8	10981002	10981003	rs13276836	chr8	10971201	10971600	17_EnhW2	9403
chr8	10982050	10982051	rs6601564	chr8	10971201	10971600	17_EnhW2	10451
chr8	10983533	10983534	rs3021494	chr8	10971201	10971600	17_EnhW2	11934
chr8	10983578	10983579	rs60383089	chr8	10971201	10971600	17_EnhW2	11979
chr8	10985431	10985432	rs4841498	chr8	10996801	10997600	17_EnhW2	11370
chr8	10986858	10986859	rs2001329	chr8	10996801	10997600	17_EnhW2	9943
chr8	10992543	10992544	rs35184172	chr8	10996801	10997600	17_EnhW2	4258
chr8	11012976	11012977	rs2409718	chr8	11002401	11003000	17_EnhW2	9977
chr8	11014615	11014616	rs34208825	chr8	11002401	11003000	17_EnhW2	11616
chr8	11015337	11015338	rs10106207	chr8	11002401	11003000	17_EnhW2	12338
chr8	11019577	11019578	rs7011756	chr8	11002401	11003000	17_EnhW2	16578
chr8	11023996	11023997	rs3021500	chr8	11002401	11003000	17_EnhW2	20997
chr8	11024325	11024326	rs4841503	chr8	11002401	11003000	17_EnhW2	21326
chr8	11024662	11024663	rs4841504	chr8	11002401	11003000	17_EnhW2	21663
chr8	11027490	11027491	rs71203373	chr8	11002401	11003000	17_EnhW2	24491
chr8	11029028	11029029	rs4840550	chr8	11002401	11003000	17_EnhW2	26029
chr8	11029038	11029039	rs4840551	chr8	11002401	11003000	17_EnhW2	26039
chr8	11030934	11030935	rs7000132	chr8	11055201	11055600	17_EnhW2	24267
chr8	11031471	11031472	rs7004825	chr8	11055201	11055600	17_EnhW2	23730
chr8	11032227	11032228	rs6601565	chr8	11055201	11055600	17_EnhW2	22974
chr8	11032239	11032240	rs6986032	chr8	11055201	11055600	17_EnhW2	22962
chr8	11033516	11033517	rs10108347	chr8	11055201	11055600	17_EnhW2	21685
chr8	11033524	11033525	rs10109167	chr8	11055201	11055600	17_EnhW2	21677
chr8	11033975	11033976	rs7813802	chr8	11055201	11055600	17_EnhW2	21226
chr8	11034027	11034028	rs7844536	chr8	11055201	11055600	17_EnhW2	21174
chr8	11037033	11037034	rs11250119	chr8	11055201	11055600	17_EnhW2	18168
chr8	11038243	11038244	rs2409721	chr8	11055201	11055600	17_EnhW2	16958
chr8	11039815	11039816	rs2409722	chr8	11055201	11055600	17_EnhW2	15386
chr8	11040646	11040647	rs7814499	chr8	11055201	11055600	17_EnhW2	14555
chr8	11041641	11041642	rs2409724	chr8	11055201	11055600	17_EnhW2	13560
chr8	11043235	11043236	rs2409727	chr8	11055201	11055600	17_EnhW2	11966
chr8	11043925	11043926	rs35223712	chr8	11055201	11055600	17_EnhW2	11276
chr8	11045160	11045161	rs7819412	chr8	11055201	11055600	17_EnhW2	10041
chr8	11053921	11053922	rs28633434	chr8	11055201	11055600	17_EnhW2	1280
chr8	11054096	11054097	rs17783634	chr8	11055201	11055600	17_EnhW2	1105
chr8	11055596	11055597	rs11989439	chr8	11055201	11055600	17_EnhW2	0
chr8	11060216	11060217	rs36080897	chr8	11056001	11056800	16_EnhW1	3417
chr8	11060310	11060311	rs11250121	chr8	11056001	11056800	16_EnhW1	3511
chr8	11061791	11061792	rs6981523	chr8	11056001	11056800	16_EnhW1	4992
chr8	11062881	11062882	rs7010590	chr8	11056001	11056800	16_EnhW1	6082
chr8	11065002	11065003	rs4841508	chr8	11071401	11073000	17_EnhW2	6399
chr8	11069959	11069960	rs2409742	chr8	11071401	11073000	17_EnhW2	1442
chr8	11070359	11070360	rs2409743	chr8	11071401	11073000	17_EnhW2	1042
chr8	11073401	11073402	rs6601568	chr8	11071401	11073000	17_EnhW2	402
chr8	11073577	11073578	rs6601569	chr8	11071401	11073000	17_EnhW2	578
chr8	11074035	11074036	rs35499486	chr8	11071401	11073000	17_EnhW2	1036
chr8	11074364	11074365	rs36095784	chr8	11071401	11073000	17_EnhW2	1365
chr8	11076634	11076635	rs2409745	chr8	11071401	11073000	17_EnhW2	3635
chr8	11078780	11078781	rs4512344	chr8	11083401	11083600	17_EnhW2	4621
chr8	11078948	11078949	rs2409749	chr8	11083401	11083600	17_EnhW2	4453
chr8	11079366	11079367	rs6601570	chr8	11083401	11083600	17_EnhW2	4035
chr8	11080013	11080014	rs6601571	chr8	11083401	11083600	17_EnhW2	3388
chr8	11080664	11080665	rs28464654	chr8	11083401	11083600	17_EnhW2	2737
chr8	11080674	11080675	rs28591576	chr8	11083401	11083600	17_EnhW2	2727
chr8	11086941	11086942	rs2736313	chr8	11085401	11085600	17_EnhW2	1342
chr8	11087474	11087475	rs920047	chr8	11085401	11085600	17_EnhW2	1875
chr8	11688147	11688148	rs4841600	chr8	11711001	11711800	15_EnhAF	22854
chr8	11689227	11689228	rs2409836	chr8	11711001	11711800	15_EnhAF	21774
chr8	11695871	11695872	rs10903343	chr8	11711001	11711800	15_EnhAF	15130
chr8	25222433	25222434	rs3215160	chr8	25240201	25240400	15_EnhAF	17768
chr8	25226260	25226261	rs17198394	chr8	25240201	25240400	15_EnhAF	13941
chr8	25234419	25234420	rs35846552	chr8	25240201	25240400	15_EnhAF	5782
chr8	25234438	25234439	rs35468703	chr8	25240201	25240400	15_EnhAF	5763
chr8	25234687	25234688	rs6992056	chr8	25240201	25240400	15_EnhAF	5514
chr8	25235054	25235055	rs34962551	chr8	25240201	25240400	15_EnhAF	5147
chr8	25235248	25235249	rs67193679	chr8	25240201	25240400	15_EnhAF	4953
chr8	25235717	25235718	rs7010856	chr8	25240201	25240400	15_EnhAF	4484
chr8	25236370	25236371	rs6987109	chr8	25240201	25240400	15_EnhAF	3831
chr8	25236637	25236638	rs13265171	chr8	25240201	25240400	15_EnhAF	3564
chr8	25236650	25236651	rs13268370	chr8	25240201	25240400	15_EnhAF	3551
chr8	25236836	25236837	rs34438078	chr8	25240201	25240400	15_EnhAF	3365
chr8	25236959	25236960	rs34189765	chr8	25240201	25240400	15_EnhAF	3242
chr8	25237328	25237329	rs11990690	chr8	25240201	25240400	15_EnhAF	2873
chr8	25237402	25237403	rs11988235	chr8	25240201	25240400	15_EnhAF	2799
chr8	25237527	25237528	rs11990759	chr8	25240201	25240400	15_EnhAF	2674
chr8	25237539	25237540	rs11987534	chr8	25240201	25240400	15_EnhAF	2662
chr8	25237559	25237560	rs11990762	chr8	25240201	25240400	15_EnhAF	2642
chr8	25237608	25237609	rs11998131	chr8	25240201	25240400	15_EnhAF	2593
chr8	25237800	25237801	rs11989035	chr8	25240201	25240400	15_EnhAF	2401
chr8	25237962	25237963	rs17053525	chr8	25240201	25240400	15_EnhAF	2239
chr8	25240486	25240487	rs139252537	chr8	25240401	25240600	17_EnhW2	0
chr8	28535240	28535241	rs240920	chr8	28551201	28552600	17_EnhW2	15961
chr8	28535637	28535638	rs240921	chr8	28551201	28552600	17_EnhW2	15564
chr8	28536310	28536311	rs240922	chr8	28551201	28552600	17_EnhW2	14891
chr8	28536635	28536636	rs240923	chr8	28551201	28552600	17_EnhW2	14566
chr8	28536690	28536691	rs240924	chr8	28551201	28552600	17_EnhW2	14511
chr8	28537245	28537246	rs33956566	chr8	28551201	28552600	17_EnhW2	13956
chr8	28541639	28541640	rs2856802	chr8	28551201	28552600	17_EnhW2	9562
chr8	28542358	28542359	rs2856801	chr8	28551201	28552600	17_EnhW2	8843
chr8	28542474	28542475	rs240925	chr8	28551201	28552600	17_EnhW2	8727
chr8	28542655	28542656	rs240926	chr8	28551201	28552600	17_EnhW2	8546
chr8	28542916	28542917	rs34700058	chr8	28551201	28552600	17_EnhW2	8285
chr8	28543613	28543614	rs4732866	chr8	28551201	28552600	17_EnhW2	7588
chr8	28543624	28543625	rs181292	chr8	28551201	28552600	17_EnhW2	7577
chr8	28544149	28544150	rs240927	chr8	28551201	28552600	17_EnhW2	7052
chr8	28546860	28546861	rs181293	chr8	28551201	28552600	17_EnhW2	4341
chr8	28547569	28547570	rs240929	chr8	28551201	28552600	17_EnhW2	3632
chr8	28549408	28549409	rs240930	chr8	28551201	28552600	17_EnhW2	1793
chr8	28549624	28549625	rs240931	chr8	28551201	28552600	17_EnhW2	1577
chr8	28552375	28552376	rs240933	chr8	28551201	28552600	17_EnhW2	0
chr8	28552805	28552806	rs240934	chr8	28551201	28552600	17_EnhW2	206
chr8	28553465	28553466	rs240935	chr8	28551201	28552600	17_EnhW2	866
chr8	28553944	28553945	rs240936	chr8	28551201	28552600	17_EnhW2	1345
chr8	28554265	28554266	rs240938	chr8	28551201	28552600	17_EnhW2	1666
chr8	28556187	28556188	rs240939	chr8	28557401	28558000	17_EnhW2	1214
chr8	28556924	28556925	rs33911551	chr8	28557401	28558000	17_EnhW2	477
chr8	28557375	28557376	rs33936397	chr8	28557401	28558000	17_EnhW2	26
chr8	28557626	28557627	rs240940	chr8	28557401	28558000	17_EnhW2	0
chr8	28557761	28557762	rs240941	chr8	28557401	28558000	17_EnhW2	0
chr8	28560937	28560938	rs60629272	chr8	28558001	28558200	16_EnhW1	2738
chr8	28564474	28564475	rs240942	chr8	28570401	28570600	18_EnhAc	5927
chr8	28564839	28564840	rs240943	chr8	28570401	28570600	18_EnhAc	5562
chr8	28566608	28566609	rs240944	chr8	28570401	28570600	18_EnhAc	3793
chr8	28568129	28568130	rs11446791	chr8	28570401	28570600	18_EnhAc	2272
chr8	28568904	28568905	rs240946	chr8	28570401	28570600	18_EnhAc	1497
chr8	28569353	28569354	rs240947	chr8	28570401	28570600	18_EnhAc	1048
chr8	28569503	28569504	rs240948	chr8	28570401	28570600	18_EnhAc	898
chr8	28569906	28569907	rs240949	chr8	28570401	28570600	18_EnhAc	495
chr8	28571801	28571802	rs240950	chr8	28570601	28571400	15_EnhAF	402
chr8	28574802	28574803	rs240951	chr8	28570601	28571400	15_EnhAF	3403
chr8	28580812	28580813	rs4732650	chr8	28584801	28585600	17_EnhW2	3989
chr8	28580961	28580962	rs7016000	chr8	28584801	28585600	17_EnhW2	3840
chr8	28581822	28581823	rs4732651	chr8	28584801	28585600	17_EnhW2	2979
chr8	28582132	28582133	rs111588352	chr8	28584801	28585600	17_EnhW2	2669
chr8	28584429	28584430	rs71222572	chr8	28584801	28585600	17_EnhW2	372
chr8	28585203	28585204	rs2237814	chr8	28584801	28585600	17_EnhW2	0
chr8	28586035	28586036	rs2237812	chr8	28584801	28585600	17_EnhW2	436
chr8	28587242	28587243	rs6983372	chr8	28588001	28588600	17_EnhW2	759
chr8	28587725	28587726	rs10630441	chr8	28588001	28588600	17_EnhW2	276
chr8	28588313	28588314	rs11371107	chr8	28588001	28588600	17_EnhW2	0
chr8	28591966	28591967	rs34376004	chr8	28588001	28588600	17_EnhW2	3367
chr8	28592567	28592568	rs2283102	chr8	28588001	28588600	17_EnhW2	3968
chr8	28592630	28592631	rs11381507	chr8	28588001	28588600	17_EnhW2	4031
chr8	28595467	28595468	rs36083954	chr8	28588001	28588600	17_EnhW2	6868
chr8	28597764	28597765	rs743676	chr8	28588001	28588600	17_EnhW2	9165
chr8	28598286	28598287	rs4732870	chr8	28588001	28588600	17_EnhW2	9687
chr8	28598679	28598680	rs4732871	chr8	28588001	28588600	17_EnhW2	10080
chr8	28598992	28598993	rs4732872	chr8	28588001	28588600	17_EnhW2	10393
chr8	28600571	28600572	rs2048369	chr8	28588001	28588600	17_EnhW2	11972
chr8	28601553	28601554	rs4732873	chr8	28588001	28588600	17_EnhW2	12954
chr8	28601976	28601977	rs35497720	chr8	28588001	28588600	17_EnhW2	13377
chr8	28604204	28604205	rs3216299	chr8	28588001	28588600	17_EnhW2	15605
chr8	28604790	28604791	rs10448080	chr8	28588001	28588600	17_EnhW2	16191
chr8	28605884	28605885	rs34255549	chr8	28621001	28621200	17_EnhW2	15117
chr8	28609768	28609769	rs9183	chr8	28621001	28621200	17_EnhW2	11233
chr8	28611934	28611935	rs17059358	chr8	28621001	28621200	17_EnhW2	9067
chr8	28612275	28612276	rs11409119	chr8	28621001	28621200	17_EnhW2	8726
chr8	75059091	75059092	rs2977047	chr8	75055201	75056200	17_EnhW2	2892
chr8	75059290	75059291	rs2912302	chr8	75055201	75056200	17_EnhW2	3091
chr8	75059393	75059394	rs2912304	chr8	75055201	75056200	17_EnhW2	3194
chr8	75059964	75059965	rs1353869	chr8	75055201	75056200	17_EnhW2	3765
chr8	75061119	75061120	rs2956054	chr8	75055201	75056200	17_EnhW2	4920
chr8	75061453	75061454	rs2977049	chr8	75055201	75056200	17_EnhW2	5254
chr8	75063031	75063032	rs10625626	chr8	75055201	75056200	17_EnhW2	6832
chr8	75063568	75063569	rs1499653	chr8	75055201	75056200	17_EnhW2	7369
chr8	75064338	75064339	rs2936677	chr8	75055201	75056200	17_EnhW2	8139
chr8	75066007	75066008	rs2977050	chr8	75075401	75076400	17_EnhW2	9394
chr8	75066115	75066116	rs2977051	chr8	75075401	75076400	17_EnhW2	9286
chr8	75067212	75067213	rs2977052	chr8	75075401	75076400	17_EnhW2	8189
chr8	75067981	75067982	rs66459632	chr8	75075401	75076400	17_EnhW2	7420
chr8	75068111	75068112	rs1499646	chr8	75075401	75076400	17_EnhW2	7290
chr8	75068690	75068691	rs2977053	chr8	75075401	75076400	17_EnhW2	6711
chr8	75068728	75068729	rs2956051	chr8	75075401	75076400	17_EnhW2	6673
chr8	75070100	75070101	rs59630233	chr8	75075401	75076400	17_EnhW2	5301
chr8	75070250	75070251	rs2956050	chr8	75075401	75076400	17_EnhW2	5151
chr8	75071918	75071919	rs2956048	chr8	75075401	75076400	17_EnhW2	3483
chr8	75072899	75072900	rs3115787	chr8	75075401	75076400	17_EnhW2	2502
chr8	75073430	75073431	rs141253389	chr8	75075401	75076400	17_EnhW2	1971
chr8	75073510	75073511	rs75916672	chr8	75075401	75076400	17_EnhW2	1891
chr8	75074214	75074215	rs4738429	chr8	75075401	75076400	17_EnhW2	1187
chr8	75074822	75074823	rs2956044	chr8	75075401	75076400	17_EnhW2	579
chr8	75076275	75076276	rs1875063	chr8	75075401	75076400	17_EnhW2	0
chr8	75076306	75076307	rs1875064	chr8	75075401	75076400	17_EnhW2	0
chr8	75076917	75076918	rs2088661	chr8	75076601	75079600	17_EnhW2	0
chr8	75077640	75077641	rs11429360	chr8	75076601	75079600	17_EnhW2	0
chr8	75078626	75078627	rs1499649	chr8	75076601	75079600	17_EnhW2	0
chr8	75078681	75078682	rs1499650	chr8	75076601	75079600	17_EnhW2	0
chr8	75079019	75079020	rs2956040	chr8	75076601	75079600	17_EnhW2	0
chr8	75079184	75079185	rs2956039	chr8	75076601	75079600	17_EnhW2	0
chr8	75079185	75079186	rs1966013	chr8	75076601	75079600	17_EnhW2	0
chr8	75080274	75080275	rs2977054	chr8	75076601	75079600	17_EnhW2	675
chr8	75080632	75080633	rs1466841	chr8	75076601	75079600	17_EnhW2	1033
chr8	75081375	75081376	rs1875065	chr8	75081801	75082200	17_EnhW2	426
chr8	75083137	75083138	rs2088662	chr8	75081801	75082200	17_EnhW2	938
chr8	75083558	75083559	rs2956036	chr8	75081801	75082200	17_EnhW2	1359
chr8	75085269	75085270	rs2977056	chr8	75087601	75088400	17_EnhW2	2332
chr8	75086014	75086015	rs2936678	chr8	75087601	75088400	17_EnhW2	1587
chr8	75086733	75086734	rs2936679	chr8	75087601	75088400	17_EnhW2	868
chr8	75087265	75087266	rs1875066	chr8	75087601	75088400	17_EnhW2	336
chr8	75087483	75087484	rs2956034	chr8	75087601	75088400	17_EnhW2	118
chr8	75088046	75088047	rs2173579	chr8	75087601	75088400	17_EnhW2	0
chr8	75088529	75088530	rs1499654	chr8	75087601	75088400	17_EnhW2	130
chr8	75088701	75088702	rs2936680	chr8	75087601	75088400	17_EnhW2	302
chr8	75088902	75088903	rs35634232	chr8	75087601	75088400	17_EnhW2	503
chr8	75089157	75089158	rs2956033	chr8	75087601	75088400	17_EnhW2	758
chr8	75089221	75089222	rs2977057	chr8	75087601	75088400	17_EnhW2	822
chr8	75089481	75089482	rs2936681	chr8	75087601	75088400	17_EnhW2	1082
chr8	75089723	75089724	rs2936682	chr8	75087601	75088400	17_EnhW2	1324
chr8	75090273	75090274	rs11304169	chr8	75087601	75088400	17_EnhW2	1874
chr8	75091284	75091285	rs2977058	chr8	75087601	75088400	17_EnhW2	2885
chr8	75091815	75091816	rs2977061	chr8	75087601	75088400	17_EnhW2	3416
chr8	75092814	75092815	rs2036274	chr8	75087601	75088400	17_EnhW2	4415
chr8	75092909	75092910	rs2977064	chr8	75087601	75088400	17_EnhW2	4510
chr8	75093122	75093123	rs2956029	chr8	75087601	75088400	17_EnhW2	4723
chr8	75095877	75095878	rs2977065	chr8	75087601	75088400	17_EnhW2	7478
chr8	75097239	75097240	rs1499645	chr8	75087601	75088400	17_EnhW2	8840
chr8	75097564	75097565	rs2956028	chr8	75087601	75088400	17_EnhW2	9165
chr8	75097756	75097757	rs1392122	chr8	75087601	75088400	17_EnhW2	9357
chr8	75098047	75098048	rs2936673	chr8	75087601	75088400	17_EnhW2	9648
chr8	75098443	75098444	rs2936672	chr8	75087601	75088400	17_EnhW2	10044
chr8	75098817	75098818	rs2936671	chr8	75087601	75088400	17_EnhW2	10418
chr8	75098843	75098844	rs2956027	chr8	75087601	75088400	17_EnhW2	10444
chr8	75099010	75099011	rs7835959	chr8	75087601	75088400	17_EnhW2	10611
chr8	75100152	75100153	rs10522710	chr8	75087601	75088400	17_EnhW2	11753
chr8	75100657	75100658	rs2936670	chr8	75087601	75088400	17_EnhW2	12258
chr8	75100801	75100802	rs2936668	chr8	75087601	75088400	17_EnhW2	12402
chr8	75100815	75100816	rs2936667	chr8	75087601	75088400	17_EnhW2	12416
chr8	75101440	75101441	rs2956025	chr8	75087601	75088400	17_EnhW2	13041
chr8	75114395	75114396	rs2956038	chr8	75123201	75124000	17_EnhW2	8806
chr8	119977791	119977792	rs2062375	chr8	119971801	119972200	17_EnhW2	5592
chr8	119980068	119980069	rs6992497	chr8	119971801	119972200	17_EnhW2	7869
chr8	120007394	120007395	rs1485307	chr8	119971801	119972200	17_EnhW2	35195
chr8	120007419	120007420	rs2062377	chr8	119971801	119972200	17_EnhW2	35220
chr8	120007707	120007708	rs2220189	chr8	119971801	119972200	17_EnhW2	35508
chr8	120008273	120008274	rs4567065	chr8	119971801	119972200	17_EnhW2	36074
chr8	120008370	120008371	rs6469792	chr8	119971801	119972200	17_EnhW2	36171
chr8	120008586	120008587	rs7842942	chr8	119971801	119972200	17_EnhW2	36387
chr8	120008735	120008736	rs7824837	chr8	119971801	119972200	17_EnhW2	36536
chr8	120009257	120009258	rs4416847	chr8	119971801	119972200	17_EnhW2	37058
chr8	120009384	120009385	rs4618726	chr8	119971801	119972200	17_EnhW2	37185
chr8	120010008	120010009	rs2062376	chr8	119971801	119972200	17_EnhW2	37809
chr8	120010405	120010406	rs11308409	chr8	119971801	119972200	17_EnhW2	38206
chr8	120010440	120010441	rs11308410	chr8	119971801	119972200	17_EnhW2	38241
chr8	120010519	120010520	rs1485305	chr8	119971801	119972200	17_EnhW2	38320
chr8	120010804	120010805	rs13254554	chr8	119971801	119972200	17_EnhW2	38605
chr8	120011117	120011118	rs4587360	chr8	119971801	119972200	17_EnhW2	38918
chr8	120011330	120011331	rs7010043	chr8	119971801	119972200	17_EnhW2	39131
chr8	120011831	120011832	rs35277668	chr8	119971801	119972200	17_EnhW2	39632
chr8	120012699	120012700	rs11995824	chr8	119971801	119972200	17_EnhW2	40500
chr8	120012860	120012861	rs13264172	chr8	119971801	119972200	17_EnhW2	40661
chr8	120013089	120013090	rs13264791	chr8	119971801	119972200	17_EnhW2	40890
chr8	120013275	120013276	rs4424296	chr8	119971801	119972200	17_EnhW2	41076
chr8	120013468	120013469	rs4335155	chr8	119971801	119972200	17_EnhW2	41269
chr8	120014622	120014623	rs1905784	chr8	120055001	120056200	17_EnhW2	40379
chr8	120014835	120014836	rs1905783	chr8	120055001	120056200	17_EnhW2	40166
chr8	120016059	120016060	rs4354338	chr8	120055001	120056200	17_EnhW2	38942
chr8	120016098	120016099	rs6469794	chr8	120055001	120056200	17_EnhW2	38903
chr8	120016354	120016355	rs4273881	chr8	120055001	120056200	17_EnhW2	38647
chr8	120016373	120016374	rs4355805	chr8	120055001	120056200	17_EnhW2	38628
chr8	120016468	120016469	rs6469795	chr8	120055001	120056200	17_EnhW2	38533
chr8	120016635	120016636	rs4336637	chr8	120055001	120056200	17_EnhW2	38366
chr8	120016804	120016805	rs7838083	chr8	120055001	120056200	17_EnhW2	38197
chr8	120016915	120016916	rs67819415	chr8	120055001	120056200	17_EnhW2	38086
chr8	120017078	120017079	rs9650075	chr8	120055001	120056200	17_EnhW2	37923
chr8	120017129	120017130	rs34264040	chr8	120055001	120056200	17_EnhW2	37872
chr8	120017158	120017159	rs7013203	chr8	120055001	120056200	17_EnhW2	37843
chr8	120018041	120018042	rs6469796	chr8	120055001	120056200	17_EnhW2	36960
chr8	120018158	120018159	rs6469797	chr8	120055001	120056200	17_EnhW2	36843
chr8	120018290	120018291	rs6469798	chr8	120055001	120056200	17_EnhW2	36711
chr8	120018412	120018413	rs4397431	chr8	120055001	120056200	17_EnhW2	36589
chr8	120018734	120018735	rs4424291	chr8	120055001	120056200	17_EnhW2	36267
chr8	120019315	120019316	rs4495460	chr8	120055001	120056200	17_EnhW2	35686
chr8	120019316	120019317	rs4495461	chr8	120055001	120056200	17_EnhW2	35685
chr8	120019592	120019593	rs4327884	chr8	120055001	120056200	17_EnhW2	35409
chr8	120020128	120020129	rs7822098	chr8	120055001	120056200	17_EnhW2	34873
chr8	120020917	120020918	rs10955919	chr8	120055001	120056200	17_EnhW2	34084
chr8	120021839	120021840	rs1905777	chr8	120055001	120056200	17_EnhW2	33162
chr8	120021847	120021848	rs1905778	chr8	120055001	120056200	17_EnhW2	33154
chr8	120022086	120022087	rs34539026	chr8	120055001	120056200	17_EnhW2	32915
chr8	120022088	120022089	rs76392809	chr8	120055001	120056200	17_EnhW2	32913
chr8	120022477	120022478	rs4360322	chr8	120055001	120056200	17_EnhW2	32524
chr8	120022767	120022768	rs4422806	chr8	120055001	120056200	17_EnhW2	32234
chr8	120022885	120022886	rs1586273	chr8	120055001	120056200	17_EnhW2	32116
chr8	120023301	120023302	rs6999463	chr8	120055001	120056200	17_EnhW2	31700
chr8	120023413	120023414	rs7017691	chr8	120055001	120056200	17_EnhW2	31588
chr8	120023720	120023721	rs34010628	chr8	120055001	120056200	17_EnhW2	31281
chr8	120023724	120023725	rs35533151	chr8	120055001	120056200	17_EnhW2	31277
chr8	120024763	120024764	rs4617188	chr8	120055001	120056200	17_EnhW2	30238
chr8	120025003	120025004	rs4546691	chr8	120055001	120056200	17_EnhW2	29998
chr8	120025674	120025675	rs6469801	chr8	120055001	120056200	17_EnhW2	29327
chr8	120026561	120026562	rs1586274	chr8	120055001	120056200	17_EnhW2	28440
chr8	120028854	120028855	rs2326192	chr8	120055001	120056200	17_EnhW2	26147
chr8	120028873	120028874	rs7464464	chr8	120055001	120056200	17_EnhW2	26128
chr8	120029322	120029323	rs6469802	chr8	120055001	120056200	17_EnhW2	25679
chr8	120029336	120029337	rs4577982	chr8	120055001	120056200	17_EnhW2	25665
chr8	120029708	120029709	rs2326193	chr8	120055001	120056200	17_EnhW2	25293
chr8	120030097	120030098	rs7016585	chr8	120055001	120056200	17_EnhW2	24904
chr8	120030473	120030474	rs28437165	chr8	120055001	120056200	17_EnhW2	24528
chr8	120030693	120030694	rs28621599	chr8	120055001	120056200	17_EnhW2	24308
chr8	120031028	120031029	rs7004052	chr8	120055001	120056200	17_EnhW2	23973
chr8	120031574	120031575	rs4403440	chr8	120055001	120056200	17_EnhW2	23427
chr8	120031784	120031785	rs4403441	chr8	120055001	120056200	17_EnhW2	23217
chr8	120032258	120032259	rs6999476	chr8	120055001	120056200	17_EnhW2	22743
chr8	120032327	120032328	rs12682278	chr8	120055001	120056200	17_EnhW2	22674
chr8	120032524	120032525	rs7813486	chr8	120055001	120056200	17_EnhW2	22477
chr8	120033917	120033918	rs13262276	chr8	120055001	120056200	17_EnhW2	21084
chr8	120033997	120033998	rs10505351	chr8	120055001	120056200	17_EnhW2	21004
chr8	120034386	120034387	rs10091277	chr8	120055001	120056200	17_EnhW2	20615
chr8	120034869	120034870	rs6996754	chr8	120055001	120056200	17_EnhW2	20132
chr8	120035492	120035493	rs4615609	chr8	120055001	120056200	17_EnhW2	19509
chr8	120036137	120036138	rs1485285	chr8	120055001	120056200	17_EnhW2	18864
chr8	120036952	120036953	rs4307369	chr8	120055001	120056200	17_EnhW2	18049
chr8	120037815	120037816	rs10090576	chr8	120055001	120056200	17_EnhW2	17186
chr8	120038364	120038365	rs7013731	chr8	120055001	120056200	17_EnhW2	16637
chr8	120039138	120039139	rs35746859	chr8	120055001	120056200	17_EnhW2	15863
chr8	120039461	120039462	rs1485295	chr8	120055001	120056200	17_EnhW2	15540
chr8	120039720	120039721	rs10098408	chr8	120055001	120056200	17_EnhW2	15281
chr8	120040180	120040181	rs10086835	chr8	120055001	120056200	17_EnhW2	14821
chr8	120040262	120040263	rs7004459	chr8	120055001	120056200	17_EnhW2	14739
chr8	120040498	120040499	rs7004539	chr8	120055001	120056200	17_EnhW2	14503
chr8	120040537	120040538	rs6469803	chr8	120055001	120056200	17_EnhW2	14464
chr8	120041164	120041165	rs1905779	chr8	120055001	120056200	17_EnhW2	13837
chr8	120041302	120041303	rs7009768	chr8	120055001	120056200	17_EnhW2	13699
chr8	120041649	120041650	rs1905780	chr8	120055001	120056200	17_EnhW2	13352
chr8	120041967	120041968	rs35281152	chr8	120055001	120056200	17_EnhW2	13034
chr8	120042190	120042191	rs12056346	chr8	120055001	120056200	17_EnhW2	12811
chr8	120042382	120042383	rs17176952	chr8	120055001	120056200	17_EnhW2	12619
chr8	120042779	120042780	rs4495458	chr8	120055001	120056200	17_EnhW2	12222
chr8	120043934	120043935	rs1485312	chr8	120055001	120056200	17_EnhW2	11067
chr8	120043959	120043960	rs2326194	chr8	120055001	120056200	17_EnhW2	11042
chr8	120044141	120044142	rs5894473	chr8	120055001	120056200	17_EnhW2	10860
chr8	120044382	120044383	rs4401893	chr8	120055001	120056200	17_EnhW2	10619
chr8	120044828	120044829	rs6469804	chr8	120055001	120056200	17_EnhW2	10173
chr8	120045226	120045227	rs6984675	chr8	120055001	120056200	17_EnhW2	9775
chr8	120045483	120045484	rs33978868	chr8	120055001	120056200	17_EnhW2	9518
chr8	120045600	120045601	rs33910332	chr8	120055001	120056200	17_EnhW2	9401
chr8	120046242	120046243	rs78317345	chr8	120055001	120056200	17_EnhW2	8759
chr8	120046472	120046473	rs28893333	chr8	120055001	120056200	17_EnhW2	8529
chr8	120046577	120046578	rs35617427	chr8	120055001	120056200	17_EnhW2	8424
chr8	120047535	120047536	rs150058363	chr8	120055001	120056200	17_EnhW2	7466
chr8	120047620	120047621	rs7013722	chr8	120055001	120056200	17_EnhW2	7381
chr8	120047794	120047795	rs11458763	chr8	120055001	120056200	17_EnhW2	7207
chr8	120047856	120047857	rs7017881	chr8	120055001	120056200	17_EnhW2	7145
chr8	120048032	120048033	rs7018198	chr8	120055001	120056200	17_EnhW2	6969
chr8	120048148	120048149	rs6469805	chr8	120055001	120056200	17_EnhW2	6853
chr8	120048304	120048305	rs1872422	chr8	120055001	120056200	17_EnhW2	6697
chr8	120048319	120048320	rs1872423	chr8	120055001	120056200	17_EnhW2	6682
chr8	120051655	120051656	rs1485310	chr8	120055001	120056200	17_EnhW2	3346
chr8	120052237	120052238	rs6993813	chr8	120055001	120056200	17_EnhW2	2764
chr8	120052548	120052549	rs4313185	chr8	120055001	120056200	17_EnhW2	2453
chr8	120053342	120053343	rs10955924	chr8	120055001	120056200	17_EnhW2	1659
chr8	120053504	120053505	rs35593022	chr8	120055001	120056200	17_EnhW2	1497
chr8	120054121	120054122	rs6984287	chr8	120055001	120056200	17_EnhW2	880
chr8	120054167	120054168	rs6984572	chr8	120055001	120056200	17_EnhW2	834
chr8	120058020	120058021	rs4305930	chr8	120055001	120056200	17_EnhW2	1821
chr8	120886544	120886545	rs13263296	chr8	120885401	120885800	16_EnhW1	745
chr8	120887040	120887041	rs1467044	chr8	120885401	120885800	16_EnhW1	1241
chr8	120887546	120887547	rs10110216	chr8	120885401	120885800	16_EnhW1	1747
chr8	120887565	120887566	rs10110223	chr8	120885401	120885800	16_EnhW1	1766
chr8	120888751	120888752	rs7003126	chr8	120885401	120885800	16_EnhW1	2952
chr8	120889241	120889242	rs11781657	chr8	120885401	120885800	16_EnhW1	3442
chr8	120890561	120890562	rs112993912	chr8	120885401	120885800	16_EnhW1	4762
chr8	120890585	120890586	rs13267652	chr8	120885401	120885800	16_EnhW1	4786
chr8	120890788	120890789	rs13269024	chr8	120885401	120885800	16_EnhW1	4989
chr8	120890856	120890857	rs13275528	chr8	120885401	120885800	16_EnhW1	5057
chr8	120892242	120892243	rs12681883	chr8	120897201	120897400	17_EnhW2	4959
chr8	120892332	120892333	rs12677814	chr8	120897201	120897400	17_EnhW2	4869
chr8	120892334	120892335	rs12679937	chr8	120897201	120897400	17_EnhW2	4867
chr8	120896809	120896810	rs71304915	chr8	120897201	120897400	17_EnhW2	392
chr8	120897500	120897501	rs7387694	chr8	120897201	120897400	17_EnhW2	101
chr8	120898764	120898765	rs13260088	chr8	120898401	120899200	17_EnhW2	0
chr8	120900179	120900180	rs58514108	chr8	120898401	120899200	17_EnhW2	980
chr8	120901796	120901797	rs147034483	chr8	120898401	120899200	17_EnhW2	2597
chr8	120901952	120901953	rs28669275	chr8	120898401	120899200	17_EnhW2	2753
chr8	120902485	120902486	rs10955940	chr8	120898401	120899200	17_EnhW2	3286
chr8	120903069	120903070	rs10103058	chr8	120898401	120899200	17_EnhW2	3870
chr8	120903470	120903471	rs60867475	chr8	120898401	120899200	17_EnhW2	4271
chr8	120903510	120903511	rs10955941	chr8	120907801	120908000	17_EnhW2	4291
chr8	120903733	120903734	rs13257316	chr8	120907801	120908000	17_EnhW2	4068
chr8	120903855	120903856	rs12681623	chr8	120907801	120908000	17_EnhW2	3946
chr8	120904008	120904009	rs13265367	chr8	120907801	120908000	17_EnhW2	3793
chr8	120904347	120904348	rs10107251	chr8	120907801	120908000	17_EnhW2	3454
chr8	120904426	120904427	rs10107361	chr8	120907801	120908000	17_EnhW2	3375
chr8	120904675	120904676	rs10094455	chr8	120907801	120908000	17_EnhW2	3126
chr8	120904687	120904688	rs10094458	chr8	120907801	120908000	17_EnhW2	3114
chr8	120904799	120904800	rs10094587	chr8	120907801	120908000	17_EnhW2	3002
chr8	120905103	120905104	rs13275184	chr8	120907801	120908000	17_EnhW2	2698
chr8	120905918	120905919	rs13249122	chr8	120907801	120908000	17_EnhW2	1883
chr8	120906390	120906391	rs13250594	chr8	120907801	120908000	17_EnhW2	1411
chr8	120906651	120906652	rs13253749	chr8	120907801	120908000	17_EnhW2	1150
chr8	120906738	120906739	rs10087707	chr8	120907801	120908000	17_EnhW2	1063
chr8	120906903	120906904	rs10090335	chr8	120907801	120908000	17_EnhW2	898
chr8	120906904	120906905	rs10090336	chr8	120907801	120908000	17_EnhW2	897
chr8	120907182	120907183	rs13259990	chr8	120907801	120908000	17_EnhW2	619
chr8	120907249	120907250	rs13260933	chr8	120907801	120908000	17_EnhW2	552
chr8	120907419	120907420	rs13261304	chr8	120907801	120908000	17_EnhW2	382
chr8	120907894	120907895	rs4871772	chr8	120907801	120908000	17_EnhW2	0
chr8	120907910	120907911	rs4871773	chr8	120907801	120908000	17_EnhW2	0
chr8	120907973	120907974	rs4871012	chr8	120907801	120908000	17_EnhW2	0
chr8	120907989	120907990	rs4871013	chr8	120907801	120908000	17_EnhW2	0
chr8	120908307	120908308	rs5894503	chr8	120907801	120908000	17_EnhW2	308
chr8	120908588	120908589	rs7465181	chr8	120907801	120908000	17_EnhW2	589
chr8	120908606	120908607	rs7462250	chr8	120907801	120908000	17_EnhW2	607
chr8	120908885	120908886	rs7459671	chr8	120907801	120908000	17_EnhW2	886
chr8	120908920	120908921	rs10098306	chr8	120907801	120908000	17_EnhW2	921
chr8	120909156	120909157	rs5894504	chr8	120907801	120908000	17_EnhW2	1157
chr8	120909492	120909493	rs13281299	chr8	120907801	120908000	17_EnhW2	1493
chr8	120909627	120909628	rs7814496	chr8	120907801	120908000	17_EnhW2	1628
chr8	120909664	120909665	rs7814520	chr8	120907801	120908000	17_EnhW2	1665
chr8	120909779	120909780	rs7832923	chr8	120907801	120908000	17_EnhW2	1780
chr8	120909835	120909836	rs7818471	chr8	120907801	120908000	17_EnhW2	1836
chr8	120909912	120909913	rs6469861	chr8	120907801	120908000	17_EnhW2	1913
chr8	120910035	120910036	rs6469862	chr8	120907801	120908000	17_EnhW2	2036
chr8	120910149	120910150	rs6469863	chr8	120907801	120908000	17_EnhW2	2150
chr8	120910224	120910225	rs6469864	chr8	120907801	120908000	17_EnhW2	2225
chr8	120910234	120910235	rs6469865	chr8	120907801	120908000	17_EnhW2	2235
chr8	120910379	120910380	rs6987580	chr8	120907801	120908000	17_EnhW2	2380
chr8	120910537	120910538	rs6988011	chr8	120907801	120908000	17_EnhW2	2538
chr8	120910782	120910783	rs35272074	chr8	120907801	120908000	17_EnhW2	2783
chr8	120910786	120910787	rs10103660	chr8	120907801	120908000	17_EnhW2	2787
chr8	120911629	120911630	rs6993375	chr8	120907801	120908000	17_EnhW2	3630
chr8	120911644	120911645	rs6993797	chr8	120907801	120908000	17_EnhW2	3645
chr8	120912153	120912154	rs6989741	chr8	120907801	120908000	17_EnhW2	4154
chr8	120912232	120912233	rs13257252	chr8	120907801	120908000	17_EnhW2	4233
chr8	120912428	120912429	rs13258592	chr8	120907801	120908000	17_EnhW2	4429
chr8	120912845	120912846	rs10093230	chr8	120907801	120908000	17_EnhW2	4846
chr8	120913356	120913357	rs9649947	chr8	120907801	120908000	17_EnhW2	5357
chr8	120913859	120913860	rs7465609	chr8	120907801	120908000	17_EnhW2	5860
chr8	120913884	120913885	rs7465612	chr8	120907801	120908000	17_EnhW2	5885
chr8	120914269	120914270	rs13279398	chr8	120907801	120908000	17_EnhW2	6270
chr8	120914431	120914432	rs13277947	chr8	120907801	120908000	17_EnhW2	6432
chr8	120914526	120914527	rs13277992	chr8	120907801	120908000	17_EnhW2	6527
chr8	120914907	120914908	rs13253140	chr8	120907801	120908000	17_EnhW2	6908
chr8	120915231	120915232	rs11777705	chr8	120907801	120908000	17_EnhW2	7232
chr8	120915861	120915862	rs12681402	chr8	120907801	120908000	17_EnhW2	7862
chr8	120916393	120916394	rs7461290	chr8	120907801	120908000	17_EnhW2	8394
chr8	120916554	120916555	rs9721029	chr8	120907801	120908000	17_EnhW2	8555
chr8	120916650	120916651	rs9721042	chr8	120907801	120908000	17_EnhW2	8651
chr8	120916839	120916840	rs9720591	chr8	120907801	120908000	17_EnhW2	8840
chr8	120917387	120917388	rs4073560	chr8	120907801	120908000	17_EnhW2	9388
chr8	120917770	120917771	rs7462302	chr8	120907801	120908000	17_EnhW2	9771
chr8	120917901	120917902	rs12545854	chr8	120907801	120908000	17_EnhW2	9902
chr8	120918110	120918111	rs12545863	chr8	120907801	120908000	17_EnhW2	10111
chr8	120918747	120918748	rs7002839	chr8	120928801	120929200	17_EnhW2	10054
chr8	120918922	120918923	rs7006905	chr8	120928801	120929200	17_EnhW2	9879
chr8	120919974	120919975	rs13265546	chr8	120928801	120929200	17_EnhW2	8827
chr8	120920653	120920654	rs13267896	chr8	120928801	120929200	17_EnhW2	8148
chr8	120920940	120920941	rs13275524	chr8	120928801	120929200	17_EnhW2	7861
chr8	120921227	120921228	rs5894505	chr8	120928801	120929200	17_EnhW2	7574
chr8	120921411	120921412	rs6469867	chr8	120928801	120929200	17_EnhW2	7390
chr8	120921840	120921841	rs6469868	chr8	120928801	120929200	17_EnhW2	6961
chr8	120922012	120922013	rs6469870	chr8	120928801	120929200	17_EnhW2	6789
chr8	120922078	120922079	rs6469871	chr8	120928801	120929200	17_EnhW2	6723
chr8	120922246	120922247	rs6469872	chr8	120928801	120929200	17_EnhW2	6555
chr8	120922340	120922341	rs7015470	chr8	120928801	120929200	17_EnhW2	6461
chr8	120922396	120922397	rs6995139	chr8	120928801	120929200	17_EnhW2	6405
chr8	120922555	120922556	rs78937824	chr8	120928801	120929200	17_EnhW2	6246
chr8	120923182	120923183	rs10217077	chr8	120928801	120929200	17_EnhW2	5619
chr8	120923284	120923285	rs10217083	chr8	120928801	120929200	17_EnhW2	5517
chr8	120923573	120923574	rs13281991	chr8	120928801	120929200	17_EnhW2	5228
chr8	120924269	120924270	rs939242	chr8	120928801	120929200	17_EnhW2	4532
chr8	120924536	120924537	rs939241	chr8	120928801	120929200	17_EnhW2	4265
chr8	120925082	120925083	rs10216503	chr8	120928801	120929200	17_EnhW2	3719
chr8	120925198	120925199	rs11785871	chr8	120928801	120929200	17_EnhW2	3603
chr8	120925620	120925621	rs7824545	chr8	120928801	120929200	17_EnhW2	3181
chr8	120925997	120925998	rs7387264	chr8	120928801	120929200	17_EnhW2	2804
chr8	120926152	120926153	rs7388508	chr8	120928801	120929200	17_EnhW2	2649
chr8	120929288	120929289	rs1607624	chr8	120929201	120929800	15_EnhAF	0
chr8	120929833	120929834	rs7829901	chr8	120929201	120929800	15_EnhAF	34
chr8	120930675	120930676	rs57612776	chr8	120930401	120930800	17_EnhW2	0
chr8	120930676	120930677	rs7462803	chr8	120930401	120930800	17_EnhW2	0
chr8	120930677	120930678	rs7462804	chr8	120930401	120930800	17_EnhW2	0
chr8	120930768	120930769	rs35006524	chr8	120930401	120930800	17_EnhW2	0
chr8	120931206	120931207	rs72673629	chr8	120931001	120932000	17_EnhW2	0
chr8	120933962	120933963	rs9987332	chr8	120932201	120933200	17_EnhW2	763
chr8	120934125	120934126	rs28513081	chr8	120932201	120933200	17_EnhW2	926
chr8	120934568	120934569	rs10107579	chr8	120932201	120933200	17_EnhW2	1369
chr8	120935451	120935452	rs2037346	chr8	120932201	120933200	17_EnhW2	2252
chr8	120936417	120936418	rs4871787	chr8	120939201	120939400	17_EnhW2	2784
chr8	120937040	120937041	rs1464276	chr8	120939201	120939400	17_EnhW2	2161
chr8	120938447	120938448	rs6469878	chr8	120939201	120939400	17_EnhW2	754
chr8	120939435	120939436	rs7814294	chr8	120939201	120939400	17_EnhW2	36
chr8	120940205	120940206	rs10808505	chr8	120939201	120939400	17_EnhW2	806
chr8	120940982	120940983	rs376801517	chr8	120939201	120939400	17_EnhW2	1583
chr8	120943443	120943444	rs56864850	chr8	120939201	120939400	17_EnhW2	4044
chr8	120943506	120943507	rs55892034	chr8	120939201	120939400	17_EnhW2	4107
chr8	130588044	130588045	rs72714302	chr8	130597201	130598000	17_EnhW2	9157
chr8	130599331	130599332	rs72716319	chr8	130599001	130599400	17_EnhW2	0
chr8	130606931	130606932	rs72716328	chr8	130599001	130599400	17_EnhW2	7532
chr8	130617691	130617692	rs143893586	chr8	130599001	130599400	17_EnhW2	18292
chr8	130631394	130631395	rs147958197	chr8	130653401	130653600	17_EnhW2	22007
chr8	130645691	130645692	rs55705857	chr8	130653401	130653600	17_EnhW2	7710
chr8	134394276	134394277	rs10956705	chr8	134397801	134398000	17_EnhW2	3525
chr8	134396335	134396336	rs7001113	chr8	134397801	134398000	17_EnhW2	1466
chr8	134396415	134396416	rs4736447	chr8	134397801	134398000	17_EnhW2	1386
chr8	134397549	134397550	rs12542695	chr8	134397801	134398000	17_EnhW2	252
chr8	134400250	134400251	rs16904912	chr8	134397801	134398000	17_EnhW2	2251
chr8	134400541	134400542	rs12542136	chr8	134397801	134398000	17_EnhW2	2542
chr8	134403479	134403480	rs11786996	chr8	134403401	134403600	16_EnhW1	0
chr8	134404523	134404524	rs6997752	chr8	134403401	134403600	16_EnhW1	924
chr8	134406601	134406602	rs7819592	chr8	134403401	134403600	16_EnhW1	3002
chr8	134406748	134406749	rs7823240	chr8	134403401	134403600	16_EnhW1	3149
chr8	134406973	134406974	rs67810713	chr8	134403401	134403600	16_EnhW1	3374
chr8	134408446	134408447	rs112227205	chr8	134403401	134403600	16_EnhW1	4847
chr8	134409649	134409650	rs11779130	chr8	134403401	134403600	16_EnhW1	6050
chr8	134415300	134415301	rs11779769	chr8	134416201	134416400	17_EnhW2	901
chr8	134416558	134416559	rs67969451	chr8	134416201	134416400	17_EnhW2	159
chr8	134420089	134420090	rs3886591	chr8	134416201	134416400	17_EnhW2	3690
chr8	134424324	134424325	rs199773648	chr8	134416201	134416400	17_EnhW2	7925
chr8	134425932	134425933	rs16904916	chr8	134416201	134416400	17_EnhW2	9533
chr8	134427760	134427761	rs34580517	chr8	134416201	134416400	17_EnhW2	11361
chr8	134429017	134429018	rs11984964	chr8	134416201	134416400	17_EnhW2	12618
chr8	134429203	134429204	rs78920062	chr8	134416201	134416400	17_EnhW2	12804
chr8	134431683	134431684	rs4736452	chr8	134445801	134446600	17_EnhW2	14118
chr8	134432163	134432164	rs11785929	chr8	134445801	134446600	17_EnhW2	13638
chr8	134435648	134435649	rs147177518	chr8	134445801	134446600	17_EnhW2	10153
chr8	134436426	134436427	rs4141864	chr8	134445801	134446600	17_EnhW2	9375
chr8	134437647	134437648	rs12543402	chr8	134445801	134446600	17_EnhW2	8154
chr8	134440349	134440350	rs4736669	chr8	134445801	134446600	17_EnhW2	5452
chr8	134440518	134440519	rs11780091	chr8	134445801	134446600	17_EnhW2	5283
chr8	134443108	134443109	rs10554114	chr8	134445801	134446600	17_EnhW2	2693
chr8	134445125	134445126	rs7007523	chr8	134445801	134446600	17_EnhW2	676
chr8	134446497	134446498	rs7013488	chr8	134445801	134446600	17_EnhW2	0
chr8	134447315	134447316	rs67020414	chr8	134445801	134446600	17_EnhW2	716
chr8	134449152	134449153	rs68117084	chr8	134445801	134446600	17_EnhW2	2553
chr8	144973182	144973183	rs4977168	chr8	144959801	144960000	17_EnhW2	13183
chr8	144973248	144973249	rs4977167	chr8	144959801	144960000	17_EnhW2	13249
chr8	144973901	144973902	rs10103396	chr8	144959801	144960000	17_EnhW2	13902
chr8	144974962	144974963	rs7831595	chr8	144959801	144960000	17_EnhW2	14963
chr8	144975236	144975237	rs375694729	chr8	144959801	144960000	17_EnhW2	15237
chr8	144975871	144975872	rs10624859	chr8	144959801	144960000	17_EnhW2	15872
chr8	144976571	144976572	rs4077669	chr8	144959801	144960000	17_EnhW2	16572
chr8	144976719	144976720	rs7010805	chr8	144959801	144960000	17_EnhW2	16720
chr8	144977278	144977279	rs4073900	chr8	144959801	144960000	17_EnhW2	17279
chr8	144978606	144978607	rs4073455	chr8	144959801	144960000	17_EnhW2	18607
chr8	144981497	144981498	rs7461753	chr8	144959801	144960000	17_EnhW2	21498
chr8	144982824	144982825	rs35734971	chr8	144959801	144960000	17_EnhW2	22825
chr8	144983492	144983493	rs56077246	chr8	144959801	144960000	17_EnhW2	23493
chr8	144984282	144984283	rs7015048	chr8	144959801	144960000	17_EnhW2	24283
chr8	144984955	144984956	rs7840395	chr8	144959801	144960000	17_EnhW2	24956
chr8	144985199	144985200	rs4977183	chr8	144959801	144960000	17_EnhW2	25200
chr8	144986102	144986103	rs11777835	chr8	144959801	144960000	17_EnhW2	26103
chr8	144986107	144986108	rs9314420	chr8	144959801	144960000	17_EnhW2	26108
chr8	144986677	144986678	rs3923388	chr8	144959801	144960000	17_EnhW2	26678
chr8	144986792	144986793	rs3923387	chr8	144959801	144960000	17_EnhW2	26793
chr8	144987220	144987221	rs6990361	chr8	145014401	145014600	14_EnhA2	27181
chr8	144989461	144989462	rs7155	chr8	145014401	145014600	14_EnhA2	24940
chr8	144990334	144990335	rs1065837	chr8	145014401	145014600	14_EnhA2	24067
chr8	144990527	144990528	rs7014582	chr8	145014401	145014600	14_EnhA2	23874
chr8	144991175	144991176	rs6558405	chr8	145014401	145014600	14_EnhA2	23226
chr8	144992102	144992103	rs6558406	chr8	145014401	145014600	14_EnhA2	22299
chr8	144992360	144992361	rs7822511	chr8	145014401	145014600	14_EnhA2	22041
chr8	144992861	144992862	rs7819099	chr8	145014401	145014600	14_EnhA2	21540
chr8	144993323	144993324	rs6984820	chr8	145014401	145014600	14_EnhA2	21078
chr8	144993376	144993377	rs6992333	chr8	145014401	145014600	14_EnhA2	21025
chr8	144995493	144995494	rs6558407	chr8	145014401	145014600	14_EnhA2	18908
chr8	144995735	144995736	rs11777402	chr8	145014401	145014600	14_EnhA2	18666
chr8	144996028	144996029	rs7833924	chr8	145014401	145014600	14_EnhA2	18373
chr8	144996407	144996408	rs11778026	chr8	145014401	145014600	14_EnhA2	17994
chr8	144996597	144996598	rs11786903	chr8	145014401	145014600	14_EnhA2	17804
chr8	144996634	144996635	rs11786934	chr8	145014401	145014600	14_EnhA2	17767
chr8	144997655	144997656	rs7016416	chr8	145014401	145014600	14_EnhA2	16746
chr8	144997926	144997927	rs7002002	chr8	145014401	145014600	14_EnhA2	16475
chr8	144998168	144998169	rs1140522	chr8	145014401	145014600	14_EnhA2	16233
chr8	144998189	144998190	rs2857829	chr8	145014401	145014600	14_EnhA2	16212
chr8	144999416	144999417	rs55836855	chr8	145014401	145014600	14_EnhA2	14985
chr8	144999620	144999621	rs55646585	chr8	145014401	145014600	14_EnhA2	14781
chr8	144999641	144999642	rs56117011	chr8	145014401	145014600	14_EnhA2	14760
chr8	144999683	144999684	rs35916068	chr8	145014401	145014600	14_EnhA2	14718
chr8	145000055	145000056	rs7002152	chr8	145014401	145014600	14_EnhA2	14346
chr8	145000220	145000221	rs7016860	chr8	145014401	145014600	14_EnhA2	14181
chr8	145000320	145000321	rs6993953	chr8	145014401	145014600	14_EnhA2	14081
chr8	145000601	145000602	rs7006770	chr8	145014401	145014600	14_EnhA2	13800
chr8	145000739	145000740	rs7017644	chr8	145014401	145014600	14_EnhA2	13662
chr8	145000808	145000809	rs7017789	chr8	145014401	145014600	14_EnhA2	13593
chr8	145000897	145000898	rs56401829	chr8	145014401	145014600	14_EnhA2	13504
chr8	145001030	145001031	rs55895668	chr8	145014401	145014600	14_EnhA2	13371
chr8	145001299	145001300	rs55984967	chr8	145014401	145014600	14_EnhA2	13102
chr8	145001310	145001311	rs55812715	chr8	145014401	145014600	14_EnhA2	13091
chr8	145001371	145001372	rs11782890	chr8	145014401	145014600	14_EnhA2	13030
chr8	145001508	145001509	rs11136333	chr8	145014401	145014600	14_EnhA2	12893
chr8	145001587	145001588	rs11136334	chr8	145014401	145014600	14_EnhA2	12814
chr8	145001783	145001784	rs3135109	chr8	145014401	145014600	14_EnhA2	12618
chr8	145002282	145002283	rs11993233	chr8	145014401	145014600	14_EnhA2	12119
chr8	145002430	145002431	rs62522555	chr8	145014401	145014600	14_EnhA2	11971
chr8	145002535	145002536	rs72693398	chr8	145014401	145014600	14_EnhA2	11866
chr8	145003776	145003777	rs11136335	chr8	145014401	145014600	14_EnhA2	10625
chr8	145004943	145004944	rs10107388	chr8	145014401	145014600	14_EnhA2	9458
chr8	145005449	145005450	rs62522556	chr8	145014401	145014600	14_EnhA2	8952
chr8	145005687	145005688	rs11462436	chr8	145014401	145014600	14_EnhA2	8714
chr8	145006789	145006790	rs10866916	chr8	145014401	145014600	14_EnhA2	7612
chr8	145007186	145007187	rs11136336	chr8	145014401	145014600	14_EnhA2	7215
chr8	145007533	145007534	rs7003580	chr8	145014401	145014600	14_EnhA2	6868
chr8	145007946	145007947	rs6989119	chr8	145014401	145014600	14_EnhA2	6455
chr8	145007988	145007989	rs11136337	chr8	145014401	145014600	14_EnhA2	6413
chr8	145008341	145008342	rs11782331	chr8	145014401	145014600	14_EnhA2	6060
chr8	145008442	145008443	rs11783772	chr8	145014401	145014600	14_EnhA2	5959
chr8	145008559	145008560	rs11783799	chr8	145014401	145014600	14_EnhA2	5842
chr8	145008705	145008706	rs11782433	chr8	145014401	145014600	14_EnhA2	5696
chr8	145009592	145009593	rs6983908	chr8	145014401	145014600	14_EnhA2	4809
chr8	145009609	145009610	rs11784762	chr8	145014401	145014600	14_EnhA2	4792
chr8	145010304	145010305	rs6988767	chr8	145014401	145014600	14_EnhA2	4097
chr8	145010513	145010514	rs56034811	chr8	145014401	145014600	14_EnhA2	3888
chr8	145010751	145010752	rs11784417	chr8	145014401	145014600	14_EnhA2	3650
chr8	145011203	145011204	rs6993938	chr8	145014401	145014600	14_EnhA2	3198
chr8	145012205	145012206	rs13439519	chr8	145014401	145014600	14_EnhA2	2196
chr8	145012465	145012466	rs11136338	chr8	145014401	145014600	14_EnhA2	1936
chr8	145013314	145013315	rs11784501	chr8	145014401	145014600	14_EnhA2	1087
chr8	145013344	145013345	rs11136339	chr8	145014401	145014600	14_EnhA2	1057
chr8	145013892	145013893	rs4073081	chr8	145014401	145014600	14_EnhA2	509
chr8	145013948	145013949	rs4073082	chr8	145014401	145014600	14_EnhA2	453
chr8	145013986	145013987	rs5895792	chr8	145014401	145014600	14_EnhA2	415
chr8	145014423	145014424	rs12541377	chr8	145014401	145014600	14_EnhA2	0
chr8	145014731	145014732	rs112979447	chr8	145014601	145014800	15_EnhAF	0
chr8	145020024	145020025	rs56334578	chr8	145025001	145025200	17_EnhW2	4977
chr8	145020476	145020477	rs12543539	chr8	145025001	145025200	17_EnhW2	4525
chr8	145020635	145020636	rs12549853	chr8	145025001	145025200	17_EnhW2	4366
chr8	145020856	145020857	rs7463897	chr8	145025001	145025200	17_EnhW2	4145
chr8	145021166	145021167	rs7464572	chr8	145025001	145025200	17_EnhW2	3835
chr8	145021427	145021428	rs7462197	chr8	145025001	145025200	17_EnhW2	3574
chr8	145022656	145022657	rs7832643	chr8	145025001	145025200	17_EnhW2	2345
chr8	145023738	145023739	rs55754956	chr8	145025001	145025200	17_EnhW2	1263
chr8	145026449	145026450	rs11778018	chr8	145025201	145025400	15_EnhAF	1050
chr8	145026581	145026582	rs62523994	chr8	145025201	145025400	15_EnhAF	1182
chr8	145027161	145027162	rs56401356	chr8	145025201	145025400	15_EnhAF	1762
chr8	145027209	145027210	rs55786556	chr8	145025201	145025400	15_EnhAF	1810
chr8	145028504	145028505	rs57133948	chr8	145030401	145030600	17_EnhW2	1897
chr8	145028586	145028587	rs58579887	chr8	145030401	145030600	17_EnhW2	1815
chr8	145030111	145030112	rs57462492	chr8	145030401	145030600	17_EnhW2	290
chr8	145030131	145030132	rs545275919	chr8	145030401	145030600	17_EnhW2	270
chr8	145030899	145030900	rs371327741	chr8	145030601	145031400	15_EnhAF	0
chr8	145031264	145031265	rs11777239	chr8	145030601	145031400	15_EnhAF	0
chr8	145031967	145031968	rs55831924	chr8	145030601	145031400	15_EnhAF	568
chr8	145032301	145032302	rs10092179	chr8	145030601	145031400	15_EnhAF	902
chr8	145032331	145032332	rs74933891	chr8	145030601	145031400	15_EnhAF	932
chr8	145034498	145034499	rs11784985	chr8	145030601	145031400	15_EnhAF	3099
chr8	145034851	145034852	rs11780978	chr8	145030601	145031400	15_EnhAF	3452
chr8	145035341	145035342	rs7357417	chr8	145030601	145031400	15_EnhAF	3942
chr8	145036614	145036615	rs7010330	chr8	145030601	145031400	15_EnhAF	5215
chr8	145037572	145037573	rs11783655	chr8	145030601	145031400	15_EnhAF	6173
chr8	145039399	145039400	rs72695409	chr8	145030601	145031400	15_EnhAF	8000
chr8	145040107	145040108	rs6993022	chr8	145030601	145031400	15_EnhAF	8708
chr8	145040566	145040567	rs6981529	chr8	145030601	145031400	15_EnhAF	9167
chr8	145040855	145040856	rs11781667	chr8	145030601	145031400	15_EnhAF	9456
chr8	145041332	145041333	rs11787365	chr8	145030601	145031400	15_EnhAF	9933
chr8	145043542	145043543	rs11136341	chr8	145030601	145031400	15_EnhAF	12143
chr8	145044103	145044104	rs11787335	chr8	145030601	145031400	15_EnhAF	12704
chr8	145044748	145044749	rs11136342	chr8	145030601	145031400	15_EnhAF	13349
chr8	145046661	145046662	rs11785060	chr8	145059801	145061000	16_EnhW1	13140
chr8	145047186	145047187	rs3935755	chr8	145059801	145061000	16_EnhW1	12615
chr8	145048665	145048666	rs11775434	chr8	145059801	145061000	16_EnhW1	11136
chr8	145050335	145050336	rs7013938	chr8	145059801	145061000	16_EnhW1	9466
chr8	145050344	145050345	rs6991364	chr8	145059801	145061000	16_EnhW1	9457
chr8	145050357	145050358	rs11786083	chr8	145059801	145061000	16_EnhW1	9444
chr8	145051413	145051414	rs1134027	chr8	145059801	145061000	16_EnhW1	8388
chr8	145051477	145051478	rs1134029	chr8	145059801	145061000	16_EnhW1	8324
chr8	145051483	145051484	rs1134030	chr8	145059801	145061000	16_EnhW1	8318
chr8	145053136	145053137	rs5895791	chr8	145059801	145061000	16_EnhW1	6665
chr8	145054270	145054271	rs62530285	chr8	145059801	145061000	16_EnhW1	5531
chr8	145054486	145054487	rs71737258	chr8	145059801	145061000	16_EnhW1	5315
chr8	145056252	145056253	rs62530291	chr8	145059801	145061000	16_EnhW1	3549
chr8	145056469	145056470	rs11775818	chr8	145059801	145061000	16_EnhW1	3332
chr8	145058036	145058037	rs11989052	chr8	145059801	145061000	16_EnhW1	1765
chr8	145058985	145058986	rs11136343	chr8	145059801	145061000	16_EnhW1	816
chr8	145059424	145059425	rs11136344	chr8	145059801	145061000	16_EnhW1	377
chr8	145060111	145060112	rs11136345	chr8	145059801	145061000	16_EnhW1	0
chr8	145061623	145061624	rs3936211	chr8	145061001	145061200	17_EnhW2	424
chr8	145061828	145061829	rs11778039	chr8	145061001	145061200	17_EnhW2	629
chr8	145062019	145062020	rs11780802	chr8	145061001	145061200	17_EnhW2	820
chr8	145062161	145062162	rs11780835	chr8	145061001	145061200	17_EnhW2	962
chr8	145062227	145062228	rs61512798	chr8	145061001	145061200	17_EnhW2	1028
chr8	145063411	145063412	rs11784833	chr8	145063401	145063600	17_EnhW2	0
chr8	145066003	145066004	rs67714660	chr8	145063601	145063800	16_EnhW1	2204
chr8	145066852	145066853	rs56261297	chr8	145068801	145069000	17_EnhW2	1949
chr8	145067466	145067467	rs9100	chr8	145068801	145069000	17_EnhW2	1335
chr8	145068061	145068062	rs7000180	chr8	145068801	145069000	17_EnhW2	740
chr8	145069533	145069534	rs58404036	chr8	145068801	145069000	17_EnhW2	534
chr8	145069677	145069678	rs56127523	chr8	145068801	145069000	17_EnhW2	678
chr8	145069805	145069806	rs55853893	chr8	145068801	145069000	17_EnhW2	806
chr8	145070150	145070151	rs11990215	chr8	145068801	145069000	17_EnhW2	1151
chr8	145070402	145070403	rs7459603	chr8	145068801	145069000	17_EnhW2	1403
chr8	145070566	145070567	rs56207135	chr8	145068801	145069000	17_EnhW2	1567
chr8	145071741	145071742	rs35186719	chr8	145068801	145069000	17_EnhW2	2742
chr8	145071987	145071988	rs11136251	chr8	145068801	145069000	17_EnhW2	2988
chr8	145072538	145072539	rs11779776	chr8	145068801	145069000	17_EnhW2	3539
chr8	145073662	145073663	rs61545625	chr8	145068801	145069000	17_EnhW2	4663
chr8	145073819	145073820	rs11291116	chr8	145068801	145069000	17_EnhW2	4820
chr8	145074451	145074452	rs7832646	chr8	145079601	145079800	16_EnhW1	5150
chr8	145074680	145074681	rs7829343	chr8	145079601	145079800	16_EnhW1	4921
chr8	145075416	145075417	rs62530297	chr8	145079601	145079800	16_EnhW1	4185
chr8	145075630	145075631	rs62530298	chr8	145079601	145079800	16_EnhW1	3971
chr8	145075702	145075703	rs6985003	chr8	145079601	145079800	16_EnhW1	3899
chr8	145075812	145075813	rs7004804	chr8	145079601	145079800	16_EnhW1	3789
chr8	145076528	145076529	rs57957974	chr8	145079601	145079800	16_EnhW1	3073
chr8	145076573	145076574	rs57045990	chr8	145079601	145079800	16_EnhW1	3028
chr8	145079300	145079301	rs7001174	chr8	145079601	145079800	16_EnhW1	301
chr8	145079533	145079534	rs7015812	chr8	145079601	145079800	16_EnhW1	68
chr8	145081247	145081248	rs6420181	chr8	145079801	145080000	17_EnhW2	1248
chr8	145082186	145082187	rs61156785	chr8	145082601	145083000	17_EnhW2	415
chr8	145084492	145084493	rs11136252	chr8	145082601	145083000	17_EnhW2	1493
chr8	145086427	145086428	rs6985603	chr8	145082601	145083000	17_EnhW2	3428
chr9	16502365	16502366	rs12156570	chr9	16505401	16505800	17_EnhW2	3036
chr9	16503544	16503545	rs10962461	chr9	16505401	16505800	17_EnhW2	1857
chr9	16507736	16507737	rs7849139	chr9	16505801	16506000	15_EnhAF	1737
chr9	16515052	16515053	rs10962470	chr9	16514001	16515200	15_EnhAF	0
chr9	16525631	16525632	rs7031602	chr9	16524001	16525400	17_EnhW2	232
chr9	16526765	16526766	rs76542317	chr9	16524001	16525400	17_EnhW2	1366
chr9	16530103	16530104	rs10962475	chr9	16531401	16531600	17_EnhW2	1298
chr9	16531010	16531011	rs75631334	chr9	16531401	16531600	17_EnhW2	391
chr9	16533376	16533377	rs10810575	chr9	16532801	16533200	17_EnhW2	177
chr9	16537533	16537534	rs150835757	chr9	16540801	16542800	17_EnhW2	3268
chr9	16547051	16547052	rs151227244	chr9	16540801	16542800	17_EnhW2	4252
chr9	16548402	16548403	rs34865223	chr9	16553001	16553400	17_EnhW2	4599
chr9	16549835	16549836	rs10962482	chr9	16553001	16553400	17_EnhW2	3166
chr9	16553971	16553972	rs115592788	chr9	16553001	16553400	17_EnhW2	572
chr9	16554075	16554076	rs114425667	chr9	16553001	16553400	17_EnhW2	676
chr9	16570115	16570116	rs10962490	chr9	16567801	16570000	17_EnhW2	116
chr9	16598984	16598985	rs10962504	chr9	16598601	16598800	17_EnhW2	185
chr9	16657539	16657540	rs10962522	chr9	16653801	16657200	17_EnhW2	340
chr9	21995881	21995882	rs2518723	chr9	22030001	22030600	17_EnhW2	34120
chr9	21996622	21996623	rs35158895	chr9	22030001	22030600	17_EnhW2	33379
chr9	21997014	21997015	rs61271866	chr9	22030001	22030600	17_EnhW2	32987
chr9	21997478	21997479	rs34297943	chr9	22030001	22030600	17_EnhW2	32523
chr9	21998659	21998660	rs3218012	chr9	22030001	22030600	17_EnhW2	31342
chr9	22002476	22002477	rs35720900	chr9	22030001	22030600	17_EnhW2	27525
chr9	22003222	22003223	rs3217992	chr9	22030001	22030600	17_EnhW2	26779
chr9	22003297	22003298	rs34503303	chr9	22030001	22030600	17_EnhW2	26704
chr9	22003366	22003367	rs1063192	chr9	22030001	22030600	17_EnhW2	26635
chr9	22007356	22007357	rs3217977	chr9	22030001	22030600	17_EnhW2	22645
chr9	22009697	22009698	rs2069418	chr9	22030001	22030600	17_EnhW2	20304
chr9	22010003	22010004	rs2069416	chr9	22030001	22030600	17_EnhW2	19998
chr9	22011641	22011642	rs573687	chr9	22030001	22030600	17_EnhW2	18360
chr9	22013410	22013411	rs10811640	chr9	22030001	22030600	17_EnhW2	16591
chr9	22013804	22013805	rs10757263	chr9	22030001	22030600	17_EnhW2	16197
chr9	22015464	22015465	rs1101330	chr9	22030001	22030600	17_EnhW2	14537
chr9	22015996	22015997	rs1101329	chr9	22030001	22030600	17_EnhW2	14005
chr9	22016509	22016510	rs62556546	chr9	22030001	22030600	17_EnhW2	13492
chr9	22016616	22016617	rs10217281	chr9	22030001	22030600	17_EnhW2	13385
chr9	22017100	22017101	rs2106120	chr9	22030001	22030600	17_EnhW2	12901
chr9	22017549	22017550	rs2106119	chr9	22030001	22030600	17_EnhW2	12452
chr9	22017835	22017836	rs643319	chr9	22030001	22030600	17_EnhW2	12166
chr9	22018780	22018781	rs7044859	chr9	22030001	22030600	17_EnhW2	11221
chr9	22019128	22019129	rs523096	chr9	22030001	22030600	17_EnhW2	10873
chr9	22019672	22019673	rs518394	chr9	22030001	22030600	17_EnhW2	10329
chr9	22019731	22019732	rs10757264	chr9	22030001	22030600	17_EnhW2	10270
chr9	22020492	22020493	rs490005	chr9	22030001	22030600	17_EnhW2	9509
chr9	22021171	22021172	rs597816	chr9	22030001	22030600	17_EnhW2	8830
chr9	22021736	22021737	rs567453	chr9	22030001	22030600	17_EnhW2	8265
chr9	22022375	22022376	rs581876	chr9	22030001	22030600	17_EnhW2	7626
chr9	22023794	22023795	rs10965212	chr9	22030001	22030600	17_EnhW2	6207
chr9	22024022	22024023	rs504318	chr9	22030001	22030600	17_EnhW2	5979
chr9	22024350	22024351	rs496892	chr9	22030001	22030600	17_EnhW2	5651
chr9	22024965	22024966	rs10811643	chr9	22030001	22030600	17_EnhW2	5036
chr9	22025066	22025067	rs10811644	chr9	22030001	22030600	17_EnhW2	4935
chr9	22025239	22025240	rs7035484	chr9	22030001	22030600	17_EnhW2	4762
chr9	22026076	22026077	rs615552	chr9	22030001	22030600	17_EnhW2	3925
chr9	22026593	22026594	rs613312	chr9	22030001	22030600	17_EnhW2	3408
chr9	22026638	22026639	rs543830	chr9	22030001	22030600	17_EnhW2	3363
chr9	22026833	22026834	rs1591136	chr9	22030001	22030600	17_EnhW2	3168
chr9	22027401	22027402	rs599452	chr9	22030001	22030600	17_EnhW2	2600
chr9	22028211	22028212	rs142048183	chr9	22030001	22030600	17_EnhW2	1790
chr9	22028405	22028406	rs62560774	chr9	22030001	22030600	17_EnhW2	1596
chr9	22028800	22028801	rs7049105	chr9	22030001	22030600	17_EnhW2	1201
chr9	22029079	22029080	rs679038	chr9	22030001	22030600	17_EnhW2	922
chr9	22029444	22029445	rs10965215	chr9	22030001	22030600	17_EnhW2	557
chr9	22029546	22029547	rs564398	chr9	22030001	22030600	17_EnhW2	455
chr9	22030026	22030027	rs4977753	chr9	22030001	22030600	17_EnhW2	0
chr9	22031004	22031005	rs7865618	chr9	22030001	22030600	17_EnhW2	405
chr9	22032118	22032119	rs10115049	chr9	22030001	22030600	17_EnhW2	1519
chr9	22032151	22032152	rs634537	chr9	22030001	22030600	17_EnhW2	1552
chr9	22033365	22033366	rs2157719	chr9	22030001	22030600	17_EnhW2	2766
chr9	22034718	22034719	rs2151280	chr9	22030001	22030600	17_EnhW2	4119
chr9	22036111	22036112	rs1008878	chr9	22039201	22039600	17_EnhW2	3090
chr9	22036366	22036367	rs1556515	chr9	22039201	22039600	17_EnhW2	2835
chr9	22040764	22040765	rs1333037	chr9	22039201	22039600	17_EnhW2	1165
chr9	22041442	22041443	rs1360590	chr9	22039201	22039600	17_EnhW2	1843
chr9	22043611	22043612	rs1412830	chr9	22039201	22039600	17_EnhW2	4012
chr9	22043818	22043819	rs1333036	chr9	22039201	22039600	17_EnhW2	4219
chr9	22043925	22043926	rs1412829	chr9	22039201	22039600	17_EnhW2	4326
chr9	22045316	22045317	rs1360589	chr9	22039201	22039600	17_EnhW2	5717
chr9	22047944	22047945	rs10120806	chr9	22052201	22053000	17_EnhW2	4257
chr9	22048390	22048391	rs7027950	chr9	22052201	22053000	17_EnhW2	3811
chr9	22048413	22048414	rs7028268	chr9	22052201	22053000	17_EnhW2	3788
chr9	22048682	22048683	rs7028570	chr9	22052201	22053000	17_EnhW2	3519
chr9	22048858	22048859	rs10757265	chr9	22052201	22053000	17_EnhW2	3343
chr9	22049554	22049555	rs10757266	chr9	22052201	22053000	17_EnhW2	2647
chr9	22049655	22049656	rs10811645	chr9	22052201	22053000	17_EnhW2	2546
chr9	22049890	22049891	rs34360807	chr9	22052201	22053000	17_EnhW2	2311
chr9	22050612	22050613	rs944799	chr9	22052201	22053000	17_EnhW2	1589
chr9	22050897	22050898	rs944800	chr9	22052201	22053000	17_EnhW2	1304
chr9	22051669	22051670	rs944801	chr9	22052201	22053000	17_EnhW2	532
chr9	22052733	22052734	rs6475604	chr9	22052201	22053000	17_EnhW2	0
chr9	22052809	22052810	rs10757267	chr9	22052201	22053000	17_EnhW2	0
chr9	22053686	22053687	rs10965219	chr9	22052201	22053000	17_EnhW2	687
chr9	22053708	22053709	rs7027048	chr9	22052201	22053000	17_EnhW2	709
chr9	22053955	22053956	rs10712703	chr9	22052201	22053000	17_EnhW2	956
chr9	22054039	22054040	rs7030641	chr9	22052201	22053000	17_EnhW2	1040
chr9	22054689	22054690	rs7874604	chr9	22052201	22053000	17_EnhW2	1690
chr9	22055047	22055048	rs2383204	chr9	22052201	22053000	17_EnhW2	2048
chr9	22056294	22056295	rs7853090	chr9	22052201	22053000	17_EnhW2	3295
chr9	22056358	22056359	rs7866783	chr9	22052201	22053000	17_EnhW2	3359
chr9	22056498	22056499	rs10120688	chr9	22052201	22053000	17_EnhW2	3499
chr9	22059904	22059905	rs10757268	chr9	22052201	22053000	17_EnhW2	6905
chr9	22060135	22060136	rs2095144	chr9	22052201	22053000	17_EnhW2	7136
chr9	22060934	22060935	rs2383205	chr9	22052201	22053000	17_EnhW2	7935
chr9	22061561	22061562	rs2184061	chr9	22052201	22053000	17_EnhW2	8562
chr9	22061613	22061614	rs1537378	chr9	22052201	22053000	17_EnhW2	8614
chr9	22064390	22064391	rs8181050	chr9	22052201	22053000	17_EnhW2	11391
chr9	22064464	22064465	rs8181047	chr9	22052201	22053000	17_EnhW2	11465
chr9	22065001	22065002	rs10811647	chr9	22052201	22053000	17_EnhW2	12002
chr9	22065656	22065657	rs1333039	chr9	22052201	22053000	17_EnhW2	12657
chr9	22066210	22066211	rs145929329	chr9	22052201	22053000	17_EnhW2	13211
chr9	22066362	22066363	rs4977755	chr9	22052201	22053000	17_EnhW2	13363
chr9	22067003	22067004	rs10965223	chr9	22080201	22080400	16_EnhW1	13198
chr9	22067275	22067276	rs10965224	chr9	22080201	22080400	16_EnhW1	12926
chr9	22067541	22067542	rs10811648	chr9	22080201	22080400	16_EnhW1	12660
chr9	22067553	22067554	rs10811649	chr9	22080201	22080400	16_EnhW1	12648
chr9	22067592	22067593	rs10811650	chr9	22080201	22080400	16_EnhW1	12609
chr9	22067829	22067830	rs10811651	chr9	22080201	22080400	16_EnhW1	12372
chr9	22068651	22068652	rs4977756	chr9	22080201	22080400	16_EnhW1	11550
chr9	22069353	22069354	rs35572758	chr9	22080201	22080400	16_EnhW1	10848
chr9	22071749	22071750	rs4451405	chr9	22080201	22080400	16_EnhW1	8452
chr9	22071750	22071751	rs4645630	chr9	22080201	22080400	16_EnhW1	8451
chr9	22072718	22072719	rs10757270	chr9	22080201	22080400	16_EnhW1	7483
chr9	22077542	22077543	rs1412832	chr9	22080201	22080400	16_EnhW1	2659
chr9	22087472	22087473	rs7857345	chr9	22084601	22085200	17_EnhW2	2273
chr9	22101701	22101702	rs6475608	chr9	22102001	22102800	17_EnhW2	300
chr9	96163259	96163260	rs7020852	chr9	96169601	96169800	16_EnhW1	6342
chr9	96166639	96166640	rs10761225	chr9	96169601	96169800	16_EnhW1	2962
chr9	96167640	96167641	rs4563950	chr9	96169601	96169800	16_EnhW1	1961
chr9	96174467	96174468	rs7031032	chr9	96169601	96169800	16_EnhW1	4668
chr9	96176202	96176203	rs2184255	chr9	96169601	96169800	16_EnhW1	6403
chr9	96183634	96183635	rs56338848	chr9	96169601	96169800	16_EnhW1	13835
chr9	96184580	96184581	rs4310267	chr9	96198001	96198200	17_EnhW2	13421
chr9	96185672	96185673	rs3933795	chr9	96198001	96198200	17_EnhW2	12329
chr9	96192931	96192932	rs10526650	chr9	96198001	96198200	17_EnhW2	5070
chr9	96196165	96196166	rs11789176	chr9	96198001	96198200	17_EnhW2	1836
chr9	96198732	96198733	rs10821126	chr9	96198001	96198200	17_EnhW2	533
chr9	96198789	96198790	rs7040832	chr9	96198001	96198200	17_EnhW2	590
chr9	96199097	96199098	rs10992731	chr9	96198001	96198200	17_EnhW2	898
chr9	96202998	96202999	rs10821127	chr9	96198001	96198200	17_EnhW2	4799
chr9	96204537	96204538	rs3901421	chr9	96198001	96198200	17_EnhW2	6338
chr9	96206998	96206999	rs3924389	chr9	96198001	96198200	17_EnhW2	8799
chr9	96216408	96216409	rs4607675	chr9	96198001	96198200	17_EnhW2	18209
chr9	96216569	96216570	rs6479484	chr9	96198001	96198200	17_EnhW2	18370
chr9	96219046	96219047	rs71511666	chr9	96198001	96198200	17_EnhW2	20847
chr9	96219250	96219251	rs6479485	chr9	96198001	96198200	17_EnhW2	21051
chr9	96224035	96224036	rs10761226	chr9	96198001	96198200	17_EnhW2	25836
chr9	96224668	96224669	rs10652690	chr9	96198001	96198200	17_EnhW2	26469
chr9	96227099	96227100	rs10512225	chr9	96198001	96198200	17_EnhW2	28900
chr9	96228821	96228822	rs10821131	chr9	96198001	96198200	17_EnhW2	30622
chr9	96229540	96229541	rs12156439	chr9	96198001	96198200	17_EnhW2	31341
chr9	96229561	96229562	rs7021689	chr9	96198001	96198200	17_EnhW2	31362
chr9	96236367	96236368	rs59751476	chr9	96198001	96198200	17_EnhW2	38168
chr9	96238094	96238095	rs61707921	chr9	96198001	96198200	17_EnhW2	39895
chr9	96238577	96238578	rs10821135	chr9	96198001	96198200	17_EnhW2	40378
chr9	96240223	96240224	rs4744243	chr9	96198001	96198200	17_EnhW2	42024
chr9	96242653	96242654	rs4744245	chr9	96198001	96198200	17_EnhW2	44454
chr9	96254091	96254092	rs34411007	chr9	96303601	96304000	17_EnhW2	49510
chr9	96264910	96264911	rs952288	chr9	96303601	96304000	17_EnhW2	38691
chr9	96265257	96265258	rs10821144	chr9	96303601	96304000	17_EnhW2	38344
chr9	96268177	96268178	rs10539482	chr9	96303601	96304000	17_EnhW2	35424
chr9	96272645	96272646	rs4743927	chr9	96303601	96304000	17_EnhW2	30956
chr9	96274817	96274818	rs59758452	chr9	96303601	96304000	17_EnhW2	28784
chr9	96275965	96275966	rs6479492	chr9	96303601	96304000	17_EnhW2	27636
chr9	96282235	96282236	rs883784	chr9	96303601	96304000	17_EnhW2	21366
chr9	96282284	96282285	rs883782	chr9	96303601	96304000	17_EnhW2	21317
chr9	96290920	96290921	rs7035504	chr9	96303601	96304000	17_EnhW2	12681
chr9	96291223	96291224	rs7019001	chr9	96303601	96304000	17_EnhW2	12378
chr9	96296102	96296103	rs4237221	chr9	96303601	96304000	17_EnhW2	7499
chr9	96296719	96296720	rs13292712	chr9	96303601	96304000	17_EnhW2	6882
chr9	96298971	96298972	rs6479493	chr9	96303601	96304000	17_EnhW2	4630
chr9	96301271	96301272	rs10115234	chr9	96303601	96304000	17_EnhW2	2330
chr9	96304277	96304278	rs10821155	chr9	96303601	96304000	17_EnhW2	278
chr9	96307511	96307512	rs10761234	chr9	96303601	96304000	17_EnhW2	3512
chr9	96311255	96311256	rs10992783	chr9	96303601	96304000	17_EnhW2	7256
chr9	96319142	96319143	rs966789	chr9	96329801	96330200	17_EnhW2	10659
chr9	96320704	96320705	rs34457187	chr9	96329801	96330200	17_EnhW2	9097
chr9	96333658	96333659	rs10992788	chr9	96331201	96331600	17_EnhW2	2059
chr9	96336992	96336993	rs7023577	chr9	96336601	96337200	17_EnhW2	0
chr9	96340816	96340817	rs10761237	chr9	96337201	96337400	16_EnhW1	3417
chr9	96341195	96341196	rs10992789	chr9	96337201	96337400	16_EnhW1	3796
chr9	96341323	96341324	rs10821162	chr9	96337201	96337400	16_EnhW1	3924
chr9	96342889	96342890	rs7023212	chr9	96337201	96337400	16_EnhW1	5490
chr9	96346352	96346353	rs6479496	chr9	96337201	96337400	16_EnhW1	8953
chr9	96347228	96347229	rs10821164	chr9	96337201	96337400	16_EnhW1	9829
chr9	96349584	96349585	rs3922729	chr9	96337201	96337400	16_EnhW1	12185
chr9	96350132	96350133	rs10992791	chr9	96337201	96337400	16_EnhW1	12733
chr9	96351633	96351634	rs10821165	chr9	96363001	96363600	17_EnhW2	11368
chr9	96351922	96351923	rs10821166	chr9	96363001	96363600	17_EnhW2	11079
chr9	96356003	96356004	rs10821167	chr9	96363001	96363600	17_EnhW2	6998
chr9	98256092	98256093	rs539286190	chr9	98255401	98255800	17_EnhW2	293
